% -----------------------------------------------------------------------
%   Program Name: pe-cs-97.dat    
%   Author: the Geant4 Collaboration
%   Organization: the Geant4 Collaboration
%   Version: unknown
%   Date: circa 2006
%   Class: Public
%   Copyright (c) Copyright Holders of the Geant4 Collaboration, 1994-2006.
%   See http://cern.ch/geant4/license for details on the copyright holders.
%   All rights not expressly granted under this license are reserved.
% -----------------------------------------------------------------------
3.85e-06   0.0 
3.85e-06  6.20094e+06
3.96e-06  6.3018e+06
4.16869e-06  6.43192e+06
4.4157e-06  6.53126e+06
4.6e-06  6.56952e+06
4.6e-06  9.2794e+06
4.64e-06  9.32962e+06
4.7e-06  9.38375e+06
4.84172e-06  9.48877e+06
5.01187e-06  9.59819e+06
5.06991e-06  9.63007e+06
5.27e-06  9.71346e+06
5.4325e-06  9.7644e+06
5.6e-06  9.79946e+06
5.88844e-06  9.83602e+06
5.95662e-06  9.8406e+06
6.23735e-06  9.8339e+06
6.28e-06  9.83065e+06
6.28e-06  2.07147e+07
6.53131e-06  1.94757e+07
6.60693e-06  1.91153e+07
7.07946e-06  1.71782e+07
7.2e-06  1.67583e+07
7.58578e-06  1.55638e+07
7.85236e-06  1.48566e+07
8.03526e-06  1.4412e+07
8.2e-06  1.40475e+07
8.60994e-06  1.32315e+07
8.81049e-06  1.28704e+07
9.33254e-06  1.20348e+07
9.44061e-06  1.18757e+07
9.5e-06  1.17886e+07
1e-05  1.11273e+07
1.01158e-05  1.09836e+07
1.07152e-05  1.02948e+07
1.10917e-05  9.88791e+06
1.13501e-05  9.6331e+06
1.15e-05  9.48805e+06
1.20226e-05  9.00034e+06
1.21619e-05  8.87566e+06
1.2735e-05  8.37913e+06
1.284e-05  8.29112e+06
1.284e-05  9.44888e+06
1.28825e-05  9.40761e+06
1.29e-05  9.39081e+06
1.31e-05  9.19542e+06
1.35e-05  8.83655e+06
1.36458e-05  8.7083e+06
1.41254e-05  8.30178e+06
1.42e-05  8.24279e+06
1.44544e-05  8.04092e+06
1.453e-05  7.98032e+06
1.453e-05  8.65912e+06
1.46218e-05  8.5823e+06
1.47911e-05  8.44617e+06
1.48e-05  8.43913e+06
1.5e-05  8.28556e+06
1.51356e-05  8.18104e+06
1.53109e-05  8.05223e+06
1.54882e-05  7.92077e+06
1.56675e-05  7.79281e+06
1.58489e-05  7.66975e+06
1.61e-05  7.50051e+06
1.62181e-05  7.42554e+06
1.65959e-05  7.18695e+06
1.6788e-05  7.07214e+06
1.71e-05  6.8941e+06
1.71791e-05  6.85145e+06
1.7378e-05  6.74433e+06
1.75792e-05  6.63646e+06
1.77e-05  6.57487e+06
1.8e-05  6.4295e+06
1.8197e-05  6.34028e+06
1.84077e-05  6.24643e+06
1.85e-05  6.20516e+06
1.87e-05  6.12048e+06
1.88365e-05  6.06548e+06
1.90546e-05  5.98074e+06
1.92e-05  5.92807e+06
1.92753e-05  5.90197e+06
1.95e-05  5.82346e+06
1.97242e-05  5.74621e+06
1.98e-05  5.72192e+06
2.04174e-05  5.54351e+06
2.06538e-05  5.48626e+06
2.07e-05  5.47501e+06
2.09e-05  5.4262e+06
2.11349e-05  5.37367e+06
2.15e-05  5.30328e+06
2.19e-05  5.23797e+06
2.21309e-05  5.20538e+06
2.27e-05  5.13735e+06
2.31739e-05  5.1027e+06
2.35e-05  5.08589e+06
2.37137e-05  5.07837e+06
2.4e-05  5.07488e+06
2.42661e-05  5.07411e+06
2.48313e-05  5.08813e+06
2.51189e-05  5.10387e+06
2.54097e-05  5.12576e+06
2.60016e-05  5.18094e+06
2.61e-05  5.19134e+06
2.65e-05  5.24075e+06
2.73e-05  5.3658e+06
2.751e-05  5.40456e+06
2.751e-05  2.18288e+07
2.75423e-05  2.17586e+07
2.78612e-05  2.10914e+07
2.81838e-05  2.04614e+07
2.88403e-05  1.93766e+07
2.91743e-05  1.88807e+07
2.95121e-05  1.84156e+07
3.01995e-05  1.76142e+07
3.05492e-05  1.72498e+07
3.0903e-05  1.69098e+07
3.16228e-05  1.63331e+07
3.19889e-05  1.60775e+07
3.23594e-05  1.58387e+07
3.27341e-05  1.5618e+07
3.3e-05  1.54824e+07
3.35e-05  1.52556e+07
3.42768e-05  1.49582e+07
3.50752e-05  1.47208e+07
3.54813e-05  1.46195e+07
3.58922e-05  1.45371e+07
3.5909e-05  1.45341e+07
3.67282e-05  1.44094e+07
3.75837e-05  1.43235e+07
3.80189e-05  1.42961e+07
3.85e-05  1.42814e+07
3.9e-05  1.42715e+07
3.9355e-05  1.42739e+07
4.02717e-05  1.4303e+07
4.0738e-05  1.43257e+07
4.101e-05  1.43407e+07
4.101e-05  2.08418e+07
4.15e-05  2.06956e+07
4.18e-05  2.0615e+07
4.21697e-05  2.05114e+07
4.22e-05  2.05034e+07
4.2658e-05  2.03737e+07
4.33e-05  2.02167e+07
4.4157e-05  2.00394e+07
4.51856e-05  1.98475e+07
4.57088e-05  1.9772e+07
4.62381e-05  1.97098e+07
4.65e-05  1.96803e+07
4.67735e-05  1.96474e+07
4.84172e-05  1.95172e+07
4.9e-05  1.94848e+07
5e-05  1.94386e+07
5.08e-05  1.94252e+07
5.12861e-05  1.94204e+07
5.188e-05  1.94239e+07
5.24807e-05  1.94214e+07
5.30884e-05  1.94299e+07
5.4e-05  1.94468e+07
5.4325e-05  1.94572e+07
5.5e-05  1.94727e+07
5.58e-05  1.9498e+07
5.62341e-05  1.95108e+07
5.68853e-05  1.95364e+07
5.7544e-05  1.95548e+07
5.82103e-05  1.95817e+07
5.88844e-05  1.96051e+07
5.95662e-05  1.96324e+07
6.09537e-05  1.96719e+07
6.16595e-05  1.96886e+07
6.22e-05  1.9705e+07
6.23735e-05  1.97062e+07
6.279e-05  1.97111e+07
6.279e-05  2.01073e+07
6.30957e-05  2.01072e+07
6.38264e-05  2.00951e+07
6.405e-05  2.00916e+07
6.45654e-05  2.00855e+07
6.53131e-05  2.00606e+07
6.68344e-05  1.9996e+07
6.76083e-05  1.99498e+07
6.83912e-05  1.98917e+07
6.91831e-05  1.98373e+07
7e-05  1.97627e+07
7.16143e-05  1.95951e+07
7.24436e-05  1.94928e+07
7.32824e-05  1.93759e+07
7.4131e-05  1.92618e+07
7.5e-05  1.91258e+07
7.58578e-05  1.89775e+07
7.67362e-05  1.88307e+07
7.76247e-05  1.86624e+07
7.94328e-05  1.82978e+07
8e-05  1.8173e+07
8.03526e-05  1.80964e+07
8.12831e-05  1.78812e+07
8.22243e-05  1.76693e+07
8.23e-05  1.76526e+07
8.31764e-05  1.74413e+07
8.41395e-05  1.71982e+07
8.51138e-05  1.69589e+07
8.60994e-05  1.6703e+07
8.65e-05  1.6594e+07
8.81049e-05  1.61704e+07
8.91251e-05  1.58893e+07
9.01571e-05  1.55963e+07
9.12011e-05  1.53096e+07
9.22571e-05  1.50082e+07
9.33254e-05  1.46975e+07
9.4e-05  1.45066e+07
9.5e-05  1.42148e+07
9.54993e-05  1.4066e+07
9.66051e-05  1.3745e+07
9.8e-05  1.33352e+07
9.95e-05  1.2895e+07
0.0001  1.27455e+07
0.000101158  1.2409e+07
0.000102329  1.20676e+07
0.000103514  1.17199e+07
0.000104  1.15814e+07
0.000105  1.12922e+07
0.000106  1.10002e+07
0.000107152  1.06765e+07
0.000108  1.0438e+07
0.00011  9.88115e+06
0.000111  9.6093e+06
0.000112202  9.28307e+06
0.0001128  9.12618e+06
0.0001143  8.73602e+06
0.000115  8.55476e+06
0.000116145  8.26891e+06
0.00011749  7.93939e+06
0.000119  7.57735e+06
0.0001205  7.22985e+06
0.000122  6.89179e+06
0.000123027  6.66632e+06
0.000124  6.46136e+06
0.00012537  6.17799e+06
0.00012735  5.78605e+06
0.000129  5.47569e+06
0.000130317  5.23712e+06
0.00013035  5.23111e+06
0.00013035  6.07412e+06
0.0001307  6.04356e+06
0.0001313  5.99303e+06
0.000131826  5.95761e+06
0.0001323  5.92996e+06
0.000133  5.89861e+06
0.000133352  5.88508e+06
0.000134  5.86667e+06
0.000135  5.84314e+06
0.0001358  5.82922e+06
0.000136458  5.81811e+06
0.0001365  5.81765e+06
0.0001373  5.79743e+06
0.000138038  5.77475e+06
0.0001387  5.74964e+06
0.0001395  5.71196e+06
0.00014  5.68214e+06
0.0001403  5.66335e+06
0.0001411  5.60258e+06
0.000141254  5.5889e+06
0.0001419  5.53308e+06
0.00014239  5.48434e+06
0.00014239  6.0294e+06
0.000142889  5.99925e+06
0.000143  5.99132e+06
0.00014357  5.95597e+06
0.0001436  5.95384e+06
0.000144  5.92879e+06
0.000144544  5.8973e+06
0.0001447  5.88685e+06
0.0001458  5.82791e+06
0.0001471  5.76285e+06
0.0001472  5.75833e+06
0.000147911  5.72373e+06
0.000148  5.71986e+06
0.0001485  5.69436e+06
0.0001487  5.68376e+06
0.0001495  5.63969e+06
0.00015  5.61104e+06
0.0001502  5.59927e+06
0.000151  5.54753e+06
0.000151356  5.52223e+06
0.0001518  5.49124e+06
0.000152  5.47557e+06
0.0001525  5.43461e+06
0.0001532  5.37324e+06
0.000154  5.29878e+06
0.000154882  5.21175e+06
0.000155  5.19939e+06
0.0001555  5.14565e+06
0.000156  5.08927e+06
0.0001565  5.03333e+06
0.0001575  4.91694e+06
0.000158489  4.79989e+06
0.0001585  4.79861e+06
0.00016  4.61505e+06
0.0001615  4.43185e+06
0.000162181  4.34921e+06
0.0001635  4.1935e+06
0.000164059  4.12701e+06
0.000165959  3.90939e+06
0.000166  3.90483e+06
0.00016788  3.69834e+06
0.000169824  3.49561e+06
0.000171791  3.30014e+06
0.000172  3.28003e+06
0.00017359  3.13045e+06
0.000174  3.09301e+06
0.000175792  2.93377e+06
0.000177  2.83186e+06
0.000177828  2.76418e+06
0.000178  2.75039e+06
0.000179  2.67e+06
0.00018  2.59217e+06
0.00018197  2.44642e+06
0.000182  2.44429e+06
0.0001826  2.40153e+06
0.0001835  2.33879e+06
0.000184077  2.29944e+06
0.0001865  2.14358e+06
0.00019  1.93709e+06
0.000190546  1.90711e+06
0.000193  1.77912e+06
0.000194  1.72984e+06
0.000195  1.68183e+06
0.000197242  1.58066e+06
0.000198  1.5487e+06
0.0002  1.46772e+06
0.000202  1.39252e+06
0.000204174  1.31621e+06
0.000206538  1.24076e+06
0.000211349  1.10468e+06
0.000212  1.08815e+06
0.000213796  1.04497e+06
0.00021539  1.00869e+06
0.000216272  989498
0.000217  974268
0.000218  953948
0.000218776  938696
0.0002205  906080
0.000221309  891478
0.000222  879286
0.00022315  860254
0.000224  846624
0.000225  831100
0.0002255  823525
0.000226464  809294
0.000227  801546
0.000228  787557
0.0002285  780856
0.000229087  773162
0.00022914  772470
0.00023  761474
0.0002307  752771
0.000231739  740183
0.0002323  733695
0.0002335  720170
0.000234  714698
0.000234423  710154
0.000235  704196
0.0002358  696137
0.0002365  689256
0.000237137  683140
0.0002373  681593
0.000238  675050
0.000239  665969
0.000239883  658178
0.00024  657172
0.0002407  651501
0.00024186  642370
0.0002423  639007
0.000244  626420
0.000245471  616140
0.0002458  613967
0.0002465  609453
0.000248  600135
0.000248313  598251
0.00024862  596479
0.00024862  922567
0.000249  919723
0.00025  912413
0.000251189  903982
0.000252  898548
0.000254097  885166
0.000256  873620
0.00025704  867740
0.000260016  852460
0.000263027  838138
0.00026447  832156
0.000265  830027
0.000269154  814214
0.00027227  804480
0.000275423  795243
0.0002785  787350
0.000278612  787068
0.000281838  779214
0.000283  776905
0.000285102  772805
0.000287  769248
0.000288403  766977
0.00029  764831
0.000293  761029
0.000295121  758440
0.000298538  755339
0.0003  754024
0.0003015  752680
0.000301995  752320
0.000303  751719
0.000305  750866
0.000305492  750633
0.00030903  748989
0.00031  748692
0.000312608  747667
0.000316228  746938
0.00031989  746227
0.000323594  745803
0.000324  745705
0.00032926  745536
0.00032926  866278
0.000331131  864225
0.000332  863156
0.000334  860918
0.00033584  859266
0.000338844  856754
0.000339  856640
0.00034  855851
0.000342768  853498
0.000343  853323
0.000347  849959
0.00035  847152
0.000350752  846461
0.000353  844460
0.000354813  842816
0.000355  842660
0.00036  838460
0.000365  834461
0.000367282  832627
0.000368  832096
0.000369  831450
0.000375837  826857
0.000380189  824110
0.000385  821100
0.00039355  815917
0.000398107  813071
0.0004  811836
0.00040007  811792
0.00040087  811309
0.00040087  855443
0.000402717  854171
0.00040738  851163
0.00041  849355
0.000412098  847868
0.000416869  844453
0.000421697  841154
0.000424  839475
0.00042658  837519
0.000431519  833882
0.000436516  830348
0.00044157  826447
0.000446684  822460
0.000451856  818550
0.000457088  814212
0.000462381  809958
0.000467735  805856
0.00047  803958
0.000473151  801304
0.00047863  796602
0.000484172  791990
0.00049545  782022
0.000501187  777212
0.000506991  772261
0.00051227  767352
0.00051227  839562
0.0005126  838503
0.000512861  837860
0.0005135  836301
0.0005145  834253
0.000515  833421
0.0005155  832599
0.0005168  830830
0.000519  828505
0.000522  825893
0.000524808  823755
0.000526  822857
0.000528  821597
0.00052802  821588
0.00052802  869097
0.0005283  869240
0.0005295  869192
0.00053  869072
0.000530884  869032
0.0005315  868941
0.000533  869044
0.000534  869374
0.0005345  869515
0.000536  870389
0.000537032  871336
0.0005374  871687
0.0005385  873085
0.00053858  873186
0.00054  875468
0.0005415  878576
0.00054325  883204
0.0005435  883999
0.000545  889160
0.0005457  891987
0.0005465  895459
0.0005473  899412
0.0005485  905871
0.000549  908900
0.0005503  917453
0.0005507  920355
0.0005522  932185
0.00055373  946296
0.000555  959279
0.000555904  969602
0.0005565  976657
0.000558  995950
0.0005595  1.01741e+06
0.0005608  1.03791e+06
0.000562341  1.0647e+06
0.000563  1.07708e+06
0.000564  1.09632e+06
0.000565  1.11697e+06
0.0005658  1.13384e+06
0.000568  1.18494e+06
0.000568853  1.20584e+06
0.00057  1.23545e+06
0.0005708  1.25741e+06
0.000573  1.32028e+06
0.0005758  1.40751e+06
0.000578  1.4818e+06
0.000579  1.51677e+06
0.00058  1.55298e+06
0.0005807  1.5793e+06
0.000582103  1.63244e+06
0.000583  1.66755e+06
0.000585  1.74802e+06
0.0005872  1.83909e+06
0.000588  1.87357e+06
0.000588844  1.90964e+06
0.00059  1.96095e+06
0.0005923  2.06302e+06
0.000593  2.09504e+06
0.000595  2.18639e+06
0.000595662  2.21727e+06
0.0005973  2.29242e+06
0.000599  2.37252e+06
0.0006  2.41864e+06
0.00060256  2.5394e+06
0.000605  2.65271e+06
0.000608  2.78933e+06
0.00060846  2.81052e+06
0.000609537  2.85793e+06
0.00061  2.87865e+06
0.0006115  2.94501e+06
0.000613  3.0093e+06
0.000615  3.09418e+06
0.00061626  3.14555e+06
0.000616595  3.15879e+06
0.000619  3.25588e+06
0.00062  3.29247e+06
0.000622  3.36724e+06
0.000623735  3.43055e+06
0.000625  3.47405e+06
0.000628  3.57429e+06
0.000632  3.6954e+06
0.000635  3.77681e+06
0.000637  3.82865e+06
0.000638263  3.85878e+06
0.000639  3.87646e+06
0.000643  3.9659e+06
0.00064373  3.98092e+06
0.000645654  4.01734e+06
0.000648  4.0622e+06
0.00065  4.09341e+06
0.000653131  4.1428e+06
0.000655  4.16941e+06
0.00065896  4.21746e+06
0.000660693  4.23576e+06
0.000663  4.26019e+06
0.000665  4.27782e+06
0.00067  4.31444e+06
0.000672  4.32628e+06
0.000676083  4.34401e+06
0.000678  4.35236e+06
0.00068  4.35847e+06
0.000683912  4.36505e+06
0.000685  4.36686e+06
0.000689  4.37349e+06
0.000691831  4.37178e+06
0.0007  4.36681e+06
0.000707946  4.34761e+06
0.000712  4.3379e+06
0.000716143  4.32504e+06
0.000724436  4.29194e+06
0.00072657  4.28349e+06
0.000732825  4.25531e+06
0.000735  4.24553e+06
0.00074131  4.2127e+06
0.000749894  4.16431e+06
0.000758578  4.11649e+06
0.000767361  4.06049e+06
0.000776247  4.00516e+06
0.000785236  3.95049e+06
0.000794328  3.88937e+06
0.0008  3.85207e+06
0.000812831  3.76996e+06
0.00082  3.72324e+06
0.000822243  3.70805e+06
0.000841395  3.58211e+06
0.000851138  3.52079e+06
0.000860994  3.45816e+06
0.000870964  3.39397e+06
0.000881049  3.33091e+06
0.000891251  3.26894e+06
0.00089882  3.22287e+06
0.00089882  3.28898e+06
0.0008989  3.29003e+06
0.0008994  3.29144e+06
0.0009  3.29397e+06
0.0009007  3.29807e+06
0.000901571  3.30475e+06
0.0009027  3.31562e+06
0.0009035  3.32462e+06
0.0009042  3.33314e+06
0.000905  3.34336e+06
0.0009056  3.35114e+06
0.0009063  3.36016e+06
0.0009069  3.36767e+06
0.0009075  3.37485e+06
0.0009083  3.38373e+06
0.000909  3.39074e+06
0.0009098  3.39774e+06
0.0009104  3.4023e+06
0.0009111  3.4068e+06
0.000912011  3.41143e+06
0.000913  3.41496e+06
0.000914  3.41714e+06
0.00091506  3.41813e+06
0.0009165  3.4177e+06
0.0009185  3.41463e+06
0.00092  3.41075e+06
0.000921  3.40821e+06
0.000922571  3.40308e+06
0.000924  3.39848e+06
0.000928  3.3839e+06
0.000933254  3.36301e+06
0.0009335  3.36201e+06
0.000939  3.33711e+06
0.000944061  3.31207e+06
0.00095  3.28055e+06
0.000954993  3.25273e+06
0.00095612  3.2463e+06
0.00095612  3.41242e+06
0.000966051  3.36153e+06
0.000977237  3.30626e+06
0.000978  3.30256e+06
0.00098  3.29297e+06
0.000988553  3.25066e+06
0.001  3.19424e+06
0.00101158  3.1378e+06
0.00103  3.04935e+06
0.00103514  3.02469e+06
0.00104713  2.9686e+06
0.0010542  2.93637e+06
0.00105925  2.91323e+06
0.00107152  2.85843e+06
0.00108393  2.80296e+06
0.00109648  2.74846e+06
0.00111  2.6918e+06
0.00112202  2.64241e+06
0.00113501  2.58872e+06
0.00114815  2.53577e+06
0.00115  2.52843e+06
0.00116145  2.48267e+06
0.0011885  2.37982e+06
0.00119  2.37433e+06
0.00120226  2.3301e+06
0.00121  2.30263e+06
0.00121619  2.28062e+06
0.00123027  2.23147e+06
0.0012366  2.20943e+06
0.0012366  2.34831e+06
0.00124452  2.32033e+06
0.001245  2.31864e+06
0.0012735  2.22241e+06
0.001285  2.18548e+06
0.00128825  2.17516e+06
0.00130317  2.1277e+06
0.00131826  2.08137e+06
0.00133352  2.03552e+06
0.00134896  1.99082e+06
0.00135  1.98788e+06
0.00138038  1.90422e+06
0.00139637  1.86205e+06
0.00141254  1.82093e+06
0.00142889  1.78023e+06
0.00144544  1.74052e+06
0.00146218  1.70097e+06
0.00147  1.68297e+06
0.00147911  1.66223e+06
0.00151356  1.5874e+06
0.00153109  1.55094e+06
0.00154882  1.51505e+06
0.001554  1.50464e+06
0.001554  1.52248e+06
0.00157  1.49105e+06
0.00158489  1.4625e+06
0.00160325  1.42851e+06
0.00162181  1.39538e+06
0.00164059  1.36294e+06
0.00165959  1.33108e+06
0.0016788  1.30004e+06
0.001695  1.27457e+06
0.00169824  1.26956e+06
0.00171791  1.23951e+06
0.0017288  1.22335e+06
0.0017288  1.24465e+06
0.00173  1.24288e+06
0.0017378  1.23142e+06
0.001745  1.22099e+06
0.00175792  1.20253e+06
0.00177828  1.17434e+06
0.00179887  1.14665e+06
0.0018  1.14516e+06
0.00185  1.08166e+06
0.00186209  1.06699e+06
0.00188365  1.04143e+06
0.00190546  1.01647e+06
0.00192753  992096
0.00194984  968369
0.00195  968208
0.00197242  945092
0.002  917625
0.00201837  900028
0.00206538  856743
0.0020893  835917
0.00211  818505
0.00211349  815599
0.00213796  795643
0.00216272  776221
0.00218776  757195
0.00222  733569
0.00223872  720248
0.00226464  702420
0.00229087  684959
0.0023  679015
0.00234423  651142
0.00237137  634902
0.00239883  619002
0.00245471  588507
0.00248313  573771
0.00251189  559438
0.00254097  545299
0.0025704  531550
0.00260016  518170
0.00265  496906
0.00266073  492506
0.00269154  480130
0.0027227  467916
0.00275423  455911
0.00278612  444228
0.00281838  432873
0.00288403  411094
0.0029  406052
0.00291743  400649
0.00295121  390389
0.00298538  380416
0.003  376202
0.00301995  370559
0.00305492  360957
0.00309029  351613
0.00312608  342528
0.00315  336655
0.0031989  325108
0.00323594  316758
0.0033  302827
0.00331131  300453
0.00334965  292612
0.00338844  284986
0.0034  282771
0.00342768  277567
0.00346737  270356
0.00350752  263324
0.00354813  256438
0.00358922  249699
0.00363078  243133
0.00367282  236751
0.00371535  230523
0.00375837  224465
0.00380189  218561
0.00384592  212826
0.0039  206031
0.0039355  201715
0.00398107  196356
0.004  194192
0.00402717  191147
0.0040738  186080
0.00412097  181140
0.0041343  179778
0.0041343  419576
0.00414  418062
0.00416869  410553
0.00421696  398341
0.0042611  387598
0.0042658  386554
0.00436516  365305
0.0043669  364948
0.0043669  516828
0.0044157  503091
0.00446684  488842
0.00449  482575
0.0045  479767
0.00451856  474605
0.00457088  460466
0.00462381  446721
0.00467735  433611
0.00484172  396520
0.00489779  384891
0.0049545  373604
0.0049686  370829
0.0049686  433742
0.005  426803
0.00501187  424219
0.00505  416057
0.00506991  412018
0.00512861  400411
0.005188  389127
0.00524807  378173
0.00530884  367428
0.00537032  357000
0.0054325  346815
0.00549541  336842
0.0055  336131
0.00555904  327168
0.00562341  317771
0.00568853  308635
0.00582103  290959
0.00595662  274336
0.0060256  266397
0.00609537  258695
0.0061488  253007
0.0061488  268402
0.00616595  266578
0.00623735  259169
0.00630957  251915
0.00634  248949
0.0064  243226
0.00645654  237968
0.0065  234037
0.0065233  231958
0.0065233  241654
0.00653131  240929
0.00660693  234230
0.00668344  227729
0.0067  226357
0.00674  223082
0.00683912  215293
0.0069  210665
0.00691831  209299
0.00707946  197787
0.00716143  192293
0.0073  183470
0.00732824  181743
0.0074131  176680
0.0075  171677
0.00758578  166937
0.00765  163507
0.00767361  162269
0.00776247  157696
0.00785236  153261
0.00794328  148954
0.008  146361
0.00812831  140715
0.00822243  136775
0.00831764  132951
0.00841395  129201
0.0085  125977
0.00851138  125556
0.00870964  118502
0.00881049  115135
0.00891251  111857
0.00901571  108678
0.00922571  102559
0.00933254  99639.2
0.00944061  96801.9
0.0095  95292.9
0.00954993  94050.5
0.00966051  91375.2
0.00988553  86258.5
0.01  83815.3
0.0101158  81441.3
0.0102329  79138.4
0.0103514  76887.7
0.0104  75990.9
0.0105925  72553.6
0.0106  72425.1
0.0107152  70475.9
0.0108  69088.6
0.0108393  68456.4
0.0109648  66491.6
0.0110917  64576.5
0.0112202  62708.9
0.0113501  60898.2
0.0114815  59140.4
0.0116145  57436.3
0.011749  55782.6
0.011885  54177.6
0.0120226  52616.1
0.0123027  49633.2
0.0124452  48207
0.0125892  46824.4
0.012735  45481.3
0.0130317  42903.7
0.0131826  41665.2
0.013194  41573
0.0133352  40456.6
0.0134896  39285.1
0.0135  39208.1
0.0136458  38148.9
0.0138038  37042.8
0.0139637  35967.4
0.014  35729.3
0.0141254  34921.6
0.014169  34646.8
0.0142889  33906.3
0.0144544  32916.4
0.0149624  30125.4
0.015  29932.4
0.0151356  29250.4
0.0152  28934.3
0.0153109  28401.5
0.0154882  27577.5
0.0156675  26775.7
0.0158489  25998.3
0.0160325  25243.9
0.0162181  24509.4
0.0164059  23796.8
0.0165  23450.9
0.016788  22429.4
0.0169824  21773.8
0.0171791  21137
0.017378  20519.7
0.0175792  19919.1
0.0177828  19335.6
0.0179887  18768.4
0.018  18738
0.0184077  17684.4
0.0185  17457.8
0.0186209  17167
0.0188365  16665.3
0.0190546  16176.8
0.0192753  15703
0.019462  15316.3
0.019462  35718.6
0.0194985  35549.6
0.0197242  34527.8
0.01985  33975.9
0.02  33300.3
0.0201837  32498.3
0.0204174  31514.1
0.0206538  30559.9
0.020893  29634.3
0.0211349  28735.3
0.0213796  27863.8
0.0216272  27018.9
0.0218776  26200.2
0.0221309  25405.8
0.0223872  24635
0.0226464  23887.9
0.0229087  23151.5
0.023  22902.5
0.0231739  22437.9
0.0237137  21074.6
0.024  20397.8
0.0242661  19795
0.024503  19277.6
0.024503  27519.7
0.0245471  27397.4
0.0248  26710.9
0.0248313  26624.4
0.0251189  25848.6
0.025294  25383.7
0.025294  29284.3
0.0254097  28939.5
0.0255  28674.4
0.02553  28590.6
0.0260016  27316
0.0263027  26541.1
0.0264  26297.2
0.0269154  25066.9
0.027227  24351.8
0.0275423  23657.6
0.0277  23320.4
0.0278612  22986.7
0.028  22704.9
0.0281838  22338.7
0.0282  22306.6
0.0285102  21697.7
0.029  20783.2
0.0291743  20468
0.0295121  19875.3
0.03  19061.6
0.0301995  18742.3
0.0305492  18200.7
0.0312608  17165.3
0.0315  16836
0.0316228  16670.4
0.031989  16188.4
0.0327341  15265.9
0.033  14954.4
0.0338844  13980.3
0.0346737  13185.5
0.0350752  12802.4
0.0354813  12430.8
0.0358922  12070.1
0.0363078  11718
0.0367282  11376
0.0371535  11041.9
0.0375837  10717.8
0.0380189  10403.1
0.0384592  10097.9
0.0389045  9800.53
0.039355  9511.9
0.0398107  9232
0.0402717  8959.15
0.0412098  8437.74
0.0416869  8188.78
0.0421697  7947.02
0.042658  7712.56
0.0436516  7264.61
0.044157  7050.51
0.044721  6821.93
0.0451856  6641.4
0.0457088  6446.05
0.0462381  6256.6
0.047863  5714.91
0.048  5672.29
0.0484172  5545.05
0.0489779  5380.32
0.049  5373.97
0.049545  5219.59
0.0501187  5063.72
0.0506991  4912.6
0.0512861  4765.96
0.05188  4623.79
0.0524807  4485.94
0.0530884  4352.3
0.0537032  4222.7
0.055  3966.49
0.0555904  3856.67
0.0562341  3741.64
0.0568853  3630.08
0.057544  3521.89
0.0582103  3416.05
0.0595662  3214.03
0.060256  3117.55
0.0616595  2933.38
0.0623735  2845.51
0.0630957  2759.8
0.0645654  2596.16
0.0653131  2518.02
0.0660693  2442.21
0.0668344  2368.7
0.0676083  2297.46
0.0683912  2228.39
0.0699842  2096.53
0.0707946  2033.61
0.0716143  1972.57
0.0724436  1913.23
0.0749894  1745.31
0.075  1744.65
0.0758578  1692.42
0.0785236  1543.22
0.0794328  1496.49
0.0803526  1451.19
0.081283  1407.29
0.0831764  1323.5
0.0860994  1207.22
0.0870964  1170.79
0.0881049  1135.48
0.0912011  1035.46
0.0922571  1004.07
0.0933254  973.643
0.0954993  915.459
0.0966051  887.707
0.0977237  860.791
0.0988553  834.704
0.101158  784.918
0.102329  761.072
0.103514  737.963
0.105925  693.848
0.107152  672.793
0.109648  632.604
0.110918  613.433
0.116145  542.407
0.11885  510.085
0.121619  479.587
0.124452  450.938
0.12735  424.018
0.128825  411.176
0.130317  398.73
0.131826  386.661
0.13221  383.668
0.13221  1541.95
0.133352  1508.31
0.1344  1478.33
0.1353  1455.88
0.136458  1422.31
0.1365  1421.12
0.138038  1384.85
0.1385  1374.23
0.139637  1345.3
0.14  1336.24
0.1425  1276.07
0.142889  1267.54
0.144544  1232.13
0.15  1124.79
0.151356  1099.32
0.154882  1036.77
0.158489  977.797
0.160325  949.586
0.162181  922.191
0.164059  895.59
0.16788  844.678
0.169824  820.52
0.175792  752.13
0.177828  730.631
0.18197  689.464
0.186209  650.626
0.188365  632.051
0.190546  614.008
0.192752  596.402
0.197242  562.699
0.2  543.307
0.201837  530.908
0.20893  486.569
0.211349  472.631
0.213796  459.101
0.216272  445.959
0.221309  420.798
0.226464  397.064
0.229087  385.774
0.231739  374.807
0.237137  353.817
0.239883  343.77
0.242661  334.009
0.245471  324.527
0.251189  306.365
0.25704  289.233
0.263027  273.061
0.269153  257.797
0.27227  250.497
0.275423  243.406
0.278612  236.524
0.281838  229.916
0.288403  217.253
0.291743  211.186
0.295121  205.292
0.298538  199.563
0.301995  193.995
0.305492  188.582
0.30903  183.321
0.312608  178.207
0.316228  173.235
0.319889  168.408
0.323594  163.778
0.327341  159.277
0.334965  150.648
0.338844  146.518
0.342768  142.503
0.346737  138.598
0.350752  134.8
0.354813  131.106
0.358922  127.514
0.367282  120.623
0.371535  117.323
0.375837  114.112
0.380189  111.038
0.384592  108.05
0.389045  105.142
0.39355  102.313
0.398107  99.5614
0.4  98.4494
0.402717  96.8839
0.40738  94.283
0.412098  91.7521
0.416869  89.2892
0.421696  86.8926
0.42658  84.5629
0.431519  82.2975
0.436516  80.0929
0.44157  77.9901
0.446684  75.9426
0.451856  73.9489
0.457088  72.0077
0.462381  70.1176
0.467735  68.2774
0.473151  66.4864
0.47863  64.746
0.489779  61.4073
0.49545  59.8032
0.5  58.582
0.501187  58.2693
0.512861  55.3196
0.5188  53.9014
0.524807  52.5196
0.530884  51.1733
0.537032  49.8625
0.54325  48.5862
0.549541  47.3466
0.562341  44.962
0.568853  43.8152
0.57544  42.7193
0.582103  41.6508
0.588844  40.6091
0.595662  39.5941
0.6  38.9675
0.60256  38.6045
0.609537  37.6399
0.616595  36.7006
0.623735  35.785
0.630957  34.8927
0.638263  34.0245
0.645654  33.1784
0.653131  32.3533
0.660694  31.5654
0.668344  30.7967
0.676083  30.0468
0.683912  29.3153
0.691831  28.6025
0.699842  27.9071
0.707946  27.2286
0.716143  26.5666
0.724436  25.9211
0.732824  25.292
0.74131  24.6796
0.749894  24.0821
0.758578  23.5113
0.767362  22.9541
0.785236  21.8803
0.8  21.0484
0.803526  20.8566
0.822243  19.8815
0.831764  19.4114
0.841395  18.9523
0.851138  18.5043
0.860994  18.0681
0.870964  17.6512
0.881049  17.2447
0.891251  16.8476
0.901571  16.4596
0.912011  16.0807
0.922571  15.7106
0.933254  15.3493
0.944061  14.9965
0.954993  14.6523
0.966051  14.3161
0.977237  13.9887
0.988553  13.6757
1  13.3697
1.01158  13.0706
1.02329  12.7782
1.03514  12.4927
1.04713  12.2139
1.05925  11.9413
1.07152  11.6749
1.08393  11.4144
1.09648  11.1598
1.10918  10.9109
1.12202  10.6677
1.13501  10.43
1.14815  10.1976
1.16145  9.97073
1.1749  9.74893
1.1885  9.53207
1.20226  9.3207
1.21619  9.11862
1.23027  8.92092
1.24452  8.72761
1.25  8.65489
1.25893  8.53853
1.2735  8.35355
1.30317  7.99603
1.31826  7.82309
1.33352  7.654
1.34896  7.48916
1.36458  7.33171
1.38038  7.17757
1.41254  6.87911
1.42889  6.73457
1.47911  6.31939
1.5  6.15825
1.51356  6.05703
1.53109  5.9305
1.54882  5.81006
1.60325  5.46324
1.65959  5.13724
1.6788  5.03308
1.69824  4.93106
1.71791  4.83111
1.7378  4.73356
1.75792  4.64046
1.77828  4.5492
1.84077  4.28618
1.86209  4.20197
1.88365  4.11942
1.90546  4.03848
1.92752  3.95925
1.94985  3.88158
1.97242  3.80574
1.99526  3.73138
2  3.71663
2.01837  3.66036
2.06538  3.52244
2.0893  3.45545
2.11349  3.38976
2.13796  3.32531
2.16272  3.26209
2.18776  3.20016
2.2131  3.13941
2.23872  3.07982
2.26464  3.02159
2.29087  2.96447
2.31739  2.90991
2.37137  2.80385
2.39883  2.75227
2.42661  2.70167
2.45471  2.65199
2.48313  2.60324
2.51189  2.55544
2.54097  2.50852
2.5704  2.46247
2.60016  2.41745
2.63027  2.37325
2.66072  2.33097
2.7227  2.2487
2.75423  2.20866
2.78612  2.16935
2.81838  2.13075
2.85102  2.09282
2.88403  2.05563
2.91743  2.0191
2.95121  1.98322
3  1.93342
3.01995  1.91364
3.05492  1.88064
3.12608  1.81638
3.16228  1.78508
3.19889  1.75432
3.23594  1.7241
3.27341  1.6944
3.31131  1.66521
3.34965  1.63656
3.38844  1.60841
3.42768  1.58075
3.46737  1.55367
3.50752  1.52706
3.54813  1.50159
3.63078  1.45195
3.67282  1.42774
3.71535  1.40394
3.75837  1.38055
3.80189  1.35755
3.84592  1.33493
3.89045  1.31271
3.9355  1.29087
4  1.26065
4.02717  1.24832
4.0738  1.22764
4.12097  1.20729
4.16869  1.1878
4.26579  1.14977
4.31519  1.13122
4.36516  1.11296
4.4157  1.09501
4.46684  1.07735
4.51856  1.05997
4.57088  1.0429
4.62381  1.0261
4.67735  1.00958
4.73151  0.993381
4.7863  0.977448
4.84172  0.96177
4.89779  0.946742
5.01187  0.917404
5.06991  0.903077
5.12861  0.888975
5.188  0.875098
5.24808  0.861438
5.30884  0.847992
5.37032  0.834773
5.4325  0.821763
5.49541  0.808956
5.55904  0.796399
5.62341  0.784037
5.68853  0.771867
5.7544  0.760187
5.95662  0.726215
6.0256  0.715232
6.09537  0.704415
6.16595  0.693766
6.23735  0.683278
6.30957  0.672948
6.38263  0.662788
6.45654  0.652783
6.53131  0.64293
6.60693  0.633263
6.68344  0.623741
6.76083  0.614363
6.83912  0.605351
7.16143  0.570623
7.24436  0.562257
7.32824  0.554014
7.4131  0.545894
7.49894  0.537894
7.58578  0.530012
7.67361  0.522254
7.76247  0.514612
7.85236  0.507083
8  0.495179
8.03526  0.49241
8.1283  0.485234
8.22243  0.478341
8.60994  0.451749
8.70964  0.445335
8.81049  0.439013
8.91251  0.432782
9.01571  0.42664
9.22571  0.414616
9.33254  0.408739
9.44061  0.402946
9.54993  0.397235
9.66051  0.391606
9.88553  0.380626
10  0.375253
10.1158  0.370086
10.4713  0.355017
10.5925  0.350132
10.7152  0.345314
10.8393  0.340563
11.2202  0.326702
11.3501  0.322213
11.6145  0.31342
11.749  0.309115
12.0226  0.300681
12.3027  0.292507
12.4451  0.288504
12.5892  0.284647
12.8825  0.277091
13  0.274168
13.0317  0.273389
13.1826  0.269736
13.3352  0.266134
14  0.251435
14.1254  0.248833
14.4544  0.24224
14.6218  0.23901
15  0.231996
15.3109  0.22653
15.4882  0.223519
15.6675  0.220607
16.0325  0.214898
16.2181  0.212099
16.4059  0.209337
16.788  0.20392
16.9824  0.201265
17.1791  0.198644
18.4077  0.183623
18.6209  0.181235
19.0546  0.176553
19.2752  0.174257
19.4984  0.171992
19.7242  0.169763
20  0.167113
20.1837  0.165427
20.4174  0.163329
20.6538  0.161257
20.893  0.159212
21.1349  0.157192
21.3796  0.155199
24.5471  0.13316
24.8313  0.131473
25.1189  0.129808
25.4097  0.128167
31.6228  0.101
31.9889  0.0997412
32.3594  0.0985222
45.1856  0.0689855
45.7088  0.0681429
46.2381  0.0673261
68.3912  0.0446915
69.1831  0.0441561
69.9842  0.0436354
114.815  0.0262068
116.145  0.0258982
117.49  0.0255966
229.087  0.0129788
231.739  0.0128279
234.423  0.0126798
457.088  0.0064682
462.381  0.0063936
467.735  0.00632016
1819.7  0.00161714
1840.77  0.00159858
1862.09  0.00158027
100000  2.93902e-05
-1  -1
-2  -2
