% -----------------------------------------------------------------------
%   Program Name: pe-ss-cs-52.dat 
%   Author: the Geant4 Collaboration
%   Organization: the Geant4 Collaboration
%   Version: unknown
%   Date: circa 2006
%   Class: Public
%   Copyright (c) Copyright Holders of the Geant4 Collaboration, 1994-2006.
%   See http://cern.ch/geant4/license for details on the copyright holders.
%   All rights not expressly granted under this license are reserved.
% -----------------------------------------------------------------------
0.031805   0.0 
0.031805  6463.42
0.0328  6000.78
0.0335  5665.98
0.0346737  5205.37
0.0375837  4212.21
0.0415  3262.22
0.0473151  2303.93
0.060256  1196.3
0.0758578  632.334
0.0954993  330.736
0.128825  140.969
0.201837  39.0145
0.248313  21.7044
0.295121  13.4142
0.342768  8.91503
0.389045  6.35454
0.436516  4.70274
0.489779  3.5067
0.54325  2.71104
0.60256  2.11022
0.668344  1.65498
0.74131  1.30748
0.822243  1.04049
0.901571  0.854573
0.988553  0.706607
1.14815  0.524077
1.25893  0.439175
1.42889  0.34673
1.56675  0.293575
1.77828  0.235512
2.044  0.186335
2.29087  0.154865
2.60016  0.127085
2.98538  0.103261
3.46737  0.0830591
4.02717  0.0673151
4.73151  0.0540844
5.62341  0.0431149
6.76083  0.0341197
8.31764  0.026448
10.1158  0.0209387
13.0317  0.0156128
16.788  0.0117403
22.3872  0.0085609
30  0.0062467
43.6516  0.00420509
68.3912  0.00263971
131.826  0.00134978
263.027  0.000671262
1047.13  0.000167629
66069.3  2.65141e-06
100000  1.7521e-06
-1  -1
0.0049142   0.0 
0.0049142  26166.2
0.00508  24630.4
0.00535  22722.2
0.00623735  17515.9
0.0068  14975.8
0.00716143  13590.6
0.00776247  11762.2
0.00831764  10312.8
0.0101158  7048.49
0.0115  5430.52
0.0130317  4193.8
0.0154882  2897.76
0.017378  2249.69
0.02  1641.44
0.0234423  1138.83
0.0275423  778.584
0.03203  540.893
0.0371535  375.374
0.0431519  257.859
0.0506991  170.826
0.060256  109.001
0.0716143  69.0202
0.0860994  42.0757
0.105925  23.9203
0.142889  10.4724
0.221309  3.10507
0.269153  1.81379
0.319889  1.13661
0.367282  0.787115
0.416869  0.565819
0.467735  0.421933
0.524807  0.316896
0.588844  0.239816
0.653131  0.18797
0.724436  0.148357
0.803526  0.117918
0.891251  0.0943622
0.977237  0.0779468
1.13501  0.0577614
1.23027  0.0494277
1.41254  0.0381593
1.54882  0.0322825
1.7378  0.0263898
1.97242  0.0212972
2.2131  0.0176349
2.51189  0.0144398
2.88403  0.0117061
3.34965  0.00939941
3.89045  0.00760496
4.57088  0.0061004
5.4325  0.0048556
6.53131  0.00383708
7.94328  0.00301228
9.66051  0.00238082
12.4451  0.00177249
16.2181  0.00131391
21.1349  0.000981584
28  0.0007242
40.2717  0.000492766
63.0957  0.000308878
120.226  0.000159637
239.883  7.93156e-05
478.63  3.95855e-05
3801.89  4.96502e-06
100000  1.8868e-07
-1  -1
0.0046182   0.0 
0.0046182  54352.5
0.00477  50774.9
0.00537032  37462
0.0057544  31256
0.00653131  22142
0.00767361  14180
0.00901571  9013.4
0.01  6676.6
0.0116145  4311.1
0.0142889  2319.1
0.0171791  1321.2
0.0199526  830.3
0.023  531.31
0.027227  310.69
0.0323594  178.19
0.0398107  90.749
0.0506991  40.944
0.0691831  14.581
0.113501  2.8022
0.142889  1.3094
0.171791  0.71719
0.201837  0.42658
0.237137  0.256301
0.27227  0.166644
0.30903  0.113129
0.346737  0.0800903
0.389045  0.0571036
0.436516  0.0410292
0.484172  0.0306826
0.537032  0.0231042
0.595662  0.0175263
0.660694  0.0133998
0.724436  0.0106392
0.803526  0.00826848
0.933254  0.00580623
0.988553  0.00509755
1.05925  0.00439706
1.13501  0.00381846
1.20226  0.00341404
1.33352  0.00281847
1.53109  0.00220256
1.75792  0.00173008
2  0.00139052
2.23872  0.00115654
2.54097  0.000947638
2.91743  0.000768796
3.38844  0.000617682
3.9355  0.000500045
4.62381  0.000401334
5.49541  0.000319608
6.60693  0.000252683
8.03526  0.000198454
9.88553  0.000154796
12.8825  0.000113825
16.5959  8.55623e-05
22  6.2783e-05
28.8403  4.68789e-05
41.6869  3.1752e-05
65.3131  1.99154e-05
124.451  1.02978e-05
248.313  5.1181e-06
495.45  2.55465e-06
3935.5  3.2046e-07
100000  1.2607e-08
-1  -1
0.0043397   0.0 
0.0043397  115799
0.00441  112180
0.00448  108347
0.00452  105638
0.00465  98262.4
0.00524807  71275.4
0.00568853  57087.9
0.00691831  32872.2
0.00841395  18740.7
0.00922571  14274.9
0.0109648  8516.59
0.013383  4625.68
0.0158489  2727.15
0.0184077  1695.72
0.0211349  1087.35
0.0248313  643.018
0.0295121  363.434
0.0350752  203.931
0.0421697  109.348
0.0524807  51.7528
0.0645654  25.3111
0.11885  3.03788
0.147911  1.42751
0.175792  0.791925
0.204174  0.478657
0.231739  0.314557
0.263027  0.208232
0.295121  0.14417
0.327341  0.104261
0.363078  0.0759327
0.402717  0.0557269
0.44157  0.0426269
0.484172  0.0328292
0.530884  0.0254676
0.582103  0.0199036
0.638263  0.0156714
0.699842  0.0124347
0.767362  0.00994158
0.841395  0.00800856
0.912011  0.00665734
0.977237  0.00572123
1.05925  0.00483745
1.16145  0.00402178
1.25893  0.00344663
1.39637  0.0028469
1.62181  0.00218086
1.84077  0.00175261
2.0893  0.00141804
2.34423  0.001178
2.66072  0.000967919
3.05492  0.000787283
3.54813  0.000634011
4.12097  0.000514387
4.84172  0.000413718
5.7544  0.000330137
6.91831  0.00026151
8.51138  0.000202882
10.3514  0.000160761
13.1826  0.000121553
16.9824  9.14261e-05
23.174  6.50298e-05
32.3594  4.54598e-05
48.4172  2.97693e-05
76.7361  1.84994e-05
146.218  9.58371e-06
291.743  4.77057e-06
1161.45  1.19175e-06
100000  1.382e-08
-1  -1
0.00099108   0.0 
0.00099108  77098.4
0.00107  72894.4
0.00109  71583
0.00117  65473.4
0.00142889  49974.5
0.00171791  38209.7
0.00188365  33104.4
0.00223872  25116.4
0.00254097  20310.8
0.00291743  16027.2
0.00350752  11553.3
0.0040738  8783.78
0.00467735  6781.44
0.0055  4971.08
0.00653131  3546.38
0.00776247  2505.2
0.00912011  1797.78
0.0107152  1280.64
0.0124452  928.403
0.0146218  651.809
0.0173  446.948
0.0201837  313.967
0.0234423  221.388
0.0275423  150.844
0.0323594  102.015
0.0380189  68.4672
0.0446684  45.616
0.0524807  30.178
0.0623735  19.2407
0.0749894  11.8128
0.0912011  6.97837
0.114815  3.72036
0.245471  0.456935
0.295121  0.276715
0.342768  0.18526
0.39355  0.128825
0.446684  0.0930272
0.501187  0.0696805
0.562341  0.0525839
0.623735  0.0410952
0.691831  0.0323392
0.767362  0.0256264
0.860994  0.0199431
0.944061  0.0164304
1.04713  0.0133194
1.1749  0.0106004
1.33352  0.00833888
1.5  0.00671356
1.6788  0.00550208
1.90546  0.00443164
2.16272  0.00359369
2.42661  0.00299159
2.75423  0.00246294
3.19889  0.00197316
3.71535  0.00159278
4.36516  0.00127488
5.188  0.00101261
6.16595  0.000810374
7.4131  0.000643719
9.12011  0.000500662
11.3501  0.000387172
13.8038  0.000309388
17.1791  0.000242021
23.9883  0.000167929
34.6737  0.000113287
53.0884  7.25257e-05
89.1251  4.25483e-05
177.828  2.10715e-05
354.813  1.05043e-05
1412.54  2.62609e-06
100000  3.7053e-08
-1  -1
0.00086709   0.0 
0.00086709  87088.4
0.00086727  89647.4
0.0008675  93751.2
0.0008677  97073.2
0.0008678  96080.6
0.0008683  100471
0.0008696  105143
0.0008697  105963
0.0008708  108227
0.0008747  111670
0.00088  114585
0.0008865  117005
0.000895  118404
0.000901571  118800
0.000905  118805
0.000928  117089
0.001  109901
0.00112202  97102.2
0.00120226  89539.6
0.00130317  80782.3
0.00141254  72308
0.00153109  64263
0.00165  57142
0.00186209  46852.8
0.002  41427
0.00222  34280.4
0.00245471  28394.2
0.00269154  23710.9
0.00301995  18791.8
0.00331131  15500.1
0.00375837  11795.1
0.00416869  9361.41
0.00467735  7192.64
0.0053  5355.02
0.00588844  4150.1
0.00668344  3031.35
0.00758578  2196.17
0.00860994  1578.72
0.00966051  1161.88
0.0108393  849.949
0.0123027  598.514
0.014  415.486
0.0160325  281.26
0.0184077  187.62
0.0213796  120.064
0.0248313  76.2464
0.0288403  48.0844
0.0338844  29.052
0.0402717  16.8071
0.0489779  8.96793
0.0616595  4.24742
0.128825  0.379219
0.162181  0.179388
0.192752  0.103029
0.226464  0.0619489
0.260016  0.0402761
0.295121  0.0273305
0.331131  0.0193464
0.371535  0.0137868
0.416869  0.00989295
0.467735  0.00715141
0.5188  0.00537798
0.57544  0.00407357
0.630957  0.00320317
0.699842  0.00246292
0.776247  0.00190891
0.870964  0.00144622
0.933254  0.00123267
0.988553  0.00108554
1.07152  0.000916918
1.16145  0.000779829
1.25893  0.000668542
1.39637  0.000552862
1.65959  0.000407253
1.90546  0.000321331
2.13796  0.000265469
2.39883  0.000220847
2.7227  0.000181703
3.16228  0.000145483
3.67282  0.000117371
4.31519  9.3892e-05
5.06991  7.56718e-05
6.0256  6.05025e-05
7.24436  4.80151e-05
9.01571  3.68021e-05
11.0917  2.88321e-05
13.6458  2.27244e-05
17.1791  1.75474e-05
23.7137  1.23286e-05
33.8844  8.41619e-06
51.2861  5.4505e-06
83.1764  3.31105e-06
162.181  1.67716e-06
323.594  8.35546e-07
1288.25  2.08813e-07
100000  2.6865e-09
-1  -1
0.00081485   0.0 
0.00081485  290990
0.000837  290169
0.000860994  286953
0.000885  281856
0.000901571  277506
0.00095  262530
0.00107152  225850
0.00116145  202628
0.00125892  180536
0.00138038  156869
0.00147911  140426
0.00165959  115436
0.0018197  98165.7
0.00197242  84552.8
0.00223872  66287.4
0.00245471  55149.7
0.00278612  42426.1
0.00309029  33975.7
0.0035  25802.7
0.0039  20154.9
0.00437  15440.4
0.0049545  11407.3
0.00555904  8576.7
0.00623735  6406.09
0.00707946  4610.84
0.00812831  3192.05
0.00933254  2189.58
0.0107152  1488.57
0.0123027  1003.2
0.0141254  670.373
0.0162181  444.374
0.0184077  302.815
0.0211349  197.9
0.024446  125.46
0.0285102  76.9037
0.0331131  47.4176
0.0389045  27.9603
0.0462381  15.7566
0.0562341  8.16059
0.07  3.87713
0.136458  0.393145
0.165959  0.202241
0.194985  0.117817
0.223872  0.0746195
0.254097  0.0494242
0.285102  0.0342095
0.319889  0.0238419
0.354813  0.0173447
0.39355  0.0127129
0.431519  0.00971527
0.473151  0.00747567
0.5188  0.0057933
0.568853  0.00452237
0.623735  0.00355629
0.683912  0.00281746
0.749894  0.00224862
0.851138  0.00166563
0.912011  0.00142266
0.977237  0.00122315
1.05925  0.0010344
1.16145  0.00086
1.25893  0.000736977
1.39637  0.000608709
1.62181  0.000466271
1.84077  0.000374705
2.0893  0.000303203
2.34423  0.000251888
2.66072  0.000206963
3.05492  0.000168329
3.54813  0.000135555
4.12097  0.000109978
4.84172  8.84575e-05
5.7544  7.05873e-05
6.91831  5.59134e-05
8.51138  4.33792e-05
10.3514  3.43723e-05
13.1826  2.59889e-05
16.9824  1.95486e-05
23.174  1.39047e-05
32.3594  9.71991e-06
48.4172  6.365e-06
75.8578  4.00243e-06
146.218  2.04911e-06
291.743  1.02001e-06
1161.45  2.54811e-07
100000  2.9548e-09
-1  -1
0.00059374   0.0 
0.00059374  417018
0.000596  528962
0.0005996  714903
0.00060351  896769
0.0006111  1.16292e+06
0.000619  1.26455e+06
0.000628  1.34374e+06
0.000637  1.37037e+06
0.000646  1.35685e+06
0.000655  1.32283e+06
0.000658  1.3078e+06
0.000668344  1.24006e+06
0.00067  1.22568e+06
0.000685  1.14387e+06
0.0007  1.07537e+06
0.000712  1.03003e+06
0.00073  974416
0.000767361  876194
0.000860994  680786
0.000933254  566355
0.00101158  467606
0.00109648  383173
0.00120226  302795
0.00130317  245012
0.00142889  190493
0.00160325  138156
0.00175792  106030
0.002  72636.4
0.00222  53073.6
0.00251189  36343.6
0.00281838  25322.5
0.00315  17744.5
0.00354813  12033.8
0.004  8077.68
0.00451856  5346.44
0.00512861  3455.57
0.00582103  2216.74
0.00653131  1471.27
0.0074131  930.745
0.00841395  584.525
0.00954993  364.49
0.0109648  216.029
0.0125892  127.051
0.0146218  70.9097
0.016788  41.1144
0.0194985  22.6254
0.0229087  11.8034
0.027227  5.83498
0.0327341  2.73215
0.0416869  1.00065
0.0758578  0.0822126
0.0966051  0.0301668
0.116145  0.0141531
0.136458  0.00735167
0.158489  0.00403123
0.179887  0.00244058
0.201837  0.00155636
0.226464  0.000999715
0.254097  0.00064685
0.285102  0.000421765
0.316228  0.000289018
0.350752  0.000199415
0.389045  0.000138574
0.431519  9.69924e-05
0.473151  7.10989e-05
0.524807  5.05162e-05
0.568853  3.89704e-05
0.609537  3.13869e-05
0.660694  2.46134e-05
0.716143  1.94373e-05
0.803526  1.3999e-05
0.860994  1.14402e-05
0.912011  9.7368e-06
0.954993  8.61375e-06
1  7.67476e-06
1.04713  6.89255e-06
1.09648  6.23238e-06
1.14815  5.67024e-06
1.20226  5.1876e-06
1.28825  4.57553e-06
1.41254  3.90162e-06
1.51356  3.47186e-06
1.84077  2.47028e-06
2.06538  2.03567e-06
2.31739  1.69006e-06
2.63027  1.38765e-06
3.01995  1.12789e-06
3.50752  9.07767e-07
4.0738  7.36104e-07
4.7863  5.91733e-07
5.68853  4.7195e-07
6.83912  3.73662e-07
8.41395  2.89779e-07
10.2329  2.29509e-07
13.1826  1.7121e-07
16.9824  1.28777e-07
23.174  9.15967e-08
32.3594  6.40325e-08
48.4172  4.19307e-08
76.7361  2.60573e-08
146.218  1.34992e-08
291.743  6.71952e-09
1161.45  1.67862e-09
100000  1.9466e-11
-1  -1
0.00058274   0.0 
0.00058274  25529
0.0005845  48655.5
0.0005857  75023.1
0.0005868  110752
0.0005877  151291
0.0005885  198419
0.0005893  258532
0.00059  324082
0.0005905  379415
0.000591  442628
0.0005917  545613
0.0005923  648271
0.0005929  765547
0.0005931  752592
0.000595  1.03081e+06
0.00059765  1.41347e+06
0.0005978  1.43049e+06
0.0006009  1.73412e+06
0.0006011  1.81956e+06
0.00061  2.04882e+06
0.0006115  2.07294e+06
0.00062  2.15277e+06
0.000622  2.16178e+06
0.0006335  2.16178e+06
0.000641  2.09951e+06
0.000648  1.99716e+06
0.000655  1.91705e+06
0.000665  1.82397e+06
0.000678  1.71986e+06
0.000693  1.6183e+06
0.000708  1.53647e+06
0.000758578  1.32339e+06
0.000851138  1.02564e+06
0.000922571  851620
0.000988553  721997
0.00107152  591442
0.0011749  467078
0.0012735  377763
0.00138038  303059
0.00157  211375
0.00171791  163076
0.00195  112303
0.00218776  79348.1
0.00242661  57689.3
0.00275423  38733.6
0.00305492  27772.9
0.00342768  19061.4
0.0039  12388.3
0.00436516  8445.83
0.00489779  5674.47
0.00562341  3490.94
0.00645654  2128.43
0.0074131  1286.09
0.00851138  770.209
0.00966051  477.701
0.0109648  294.176
0.0125892  172.032
0.0144544  99.8395
0.0165959  57.5485
0.0190546  32.9597
0.0223872  17.0654
0.0266072  8.3614
0.0316228  4.06592
0.0389045  1.69773
0.0794328  0.0817515
0.0988553  0.0324638
0.11749  0.0157702
0.136458  0.0084975
0.165959  0.00381944
0.179887  0.00276509
0.192752  0.00210866
0.20893  0.00154757
0.231739  0.00103683
0.25704  0.000699798
0.281838  0.000496874
0.30903  0.000355379
0.334965  0.000266795
0.363078  0.000201585
0.39355  0.000153347
0.42658  0.000117491
0.462381  9.06852e-05
0.501187  7.05325e-05
0.54325  5.53401e-05
0.588844  4.37135e-05
0.653131  3.24567e-05
0.707946  2.59062e-05
0.767362  2.08234e-05
0.841395  1.63619e-05
0.891251  1.41585e-05
0.944061  1.23322e-05
1  1.08227e-05
1.07152  9.33837e-06
1.14815  8.11531e-06
1.21619  7.26449e-06
1.34896  6.00609e-06
1.62181  4.33388e-06
1.86209  3.41451e-06
2.11349  2.76446e-06
2.37137  2.29828e-06
2.69154  1.8897e-06
3.12608  1.5121e-06
3.63078  1.21917e-06
4.26579  9.74736e-07
5.01187  7.85198e-07
6  6.217e-07
7.24436  4.90712e-07
9.01571  3.76124e-07
11.0917  2.94668e-07
13.6458  2.32249e-07
17.1791  1.79333e-07
24  1.2437e-07
34.2768  8.49709e-08
51.88  5.50413e-08
85.1138  3.305e-08
169.824  1.6359e-08
338.844  8.15253e-09
1348.96  2.03776e-09
100000  2.7456e-11
-1  -1
0.00017433   0.0 
0.00017433  142433
0.000175792  145162
0.000178  148213
0.0001825  152967
0.000187  156565
0.000191  158742
0.0001955  159952
0.0002  159951
0.000204174  159083
0.000211349  156361
0.000265  134268
0.00028  128525
0.000298538  121206
0.000338844  106703
0.000371535  96702.2
0.000402717  88075.8
0.000457088  75307.3
0.000506991  65853.9
0.000568853  56248.8
0.000653131  46202.7
0.00074131  38260.8
0.000851138  30937.3
0.001  23933
0.00116145  18720
0.00136458  14270.8
0.00162181  10593.2
0.00194984  7654.5
0.00242661  5159.94
0.00295121  3599.18
0.00358922  2492.94
0.00431519  1751.84
0.00512861  1249.82
0.00609537  885.526
0.00724436  623.016
0.00870964  424.892
0.0103514  294.617
0.0123027  202.802
0.0146218  138.532
0.0171791  96.3438
0.0201837  66.5238
0.0237137  45.6002
0.0278612  31.0315
0.0327341  20.9662
0.0384592  14.0618
0.0457088  9.09549
0.0537032  6.01325
0.0645654  3.71727
0.0785236  2.21178
0.0944061  1.34476
0.120226  0.693951
0.239883  0.103096
0.288403  0.0623917
0.338844  0.0404847
0.389045  0.0281429
0.44157  0.0203113
0.49545  0.0152041
0.555904  0.0114655
0.616595  0.00895396
0.683912  0.00704079
0.758578  0.00557488
0.851138  0.0043351
0.933254  0.00356859
1.02329  0.00295818
1.16145  0.00229915
1.28825  0.00188677
1.46218  0.00149146
1.62181  0.00123929
1.84077  0.000996188
2.11349  0.000791266
2.37137  0.00065782
2.69154  0.000540848
3.12608  0.000432754
3.63078  0.000348918
4.26579  0.000278967
5.01187  0.000224725
6  0.00017793
7.24436  0.000140443
9  0.00010787
11.0917  8.43331e-05
13.6458  6.6468e-05
17.1791  5.13252e-05
23.7137  3.60599e-05
33.8844  2.46174e-05
51.2861  1.59423e-05
83.1764  9.68459e-06
164.059  4.84862e-06
327.341  2.41577e-06
1303.17  6.0375e-07
100000  7.8578e-09
-1  -1
0.00013097   0.0 
0.00013097  173500
0.000132  175207
0.000133  175586
0.0001345  174488
0.0001365  171495
0.00014  165134
0.000146218  153779
0.000156675  135837
0.000162  128828
0.000167  123760
0.000172  119975
0.000177828  116842
0.000184077  114575
0.000193  112524
0.00020893  110366
0.000245471  106879
0.000266073  104543
0.000288403  101525
0.000312608  97864.5
0.000338844  93614.5
0.000363078  89529.1
0.000389045  85082.8
0.00042658  78839.2
0.000462381  73276.4
0.000501187  67651.6
0.00055  61194.2
0.000609537  54335.1
0.000668344  48484.8
0.00074131  42310.2
0.00082  36804
0.000912011  31519.5
0.00101158  26927.7
0.00113501  22427
0.0012735  18539.7
0.00142889  15212.6
0.00158489  12657.7
0.00177828  10254.2
0.00201837  8072.36
0.0023  6256.62
0.00260016  4889.05
0.00291743  3853.55
0.00327341  3017.79
0.00367282  2347.98
0.00412097  1814.38
0.00467735  1356
0.00524807  1033.4
0.00595662  760.545
0.00676083  555.434
0.00767361  402.602
0.00870964  289.743
0.00988553  207.059
0.0112202  146.938
0.0128825  100.291
0.0147911  67.9145
0.0169824  45.6337
0.0194985  30.4408
0.0226464  19.4795
0.0263027  12.3717
0.0309029  7.52949
0.0363078  4.54739
0.0436516  2.53537
0.0537032  1.30347
0.0654885  0.684834
0.128825  0.074949
0.164059  0.0342335
0.194985  0.0196914
0.229087  0.0118383
0.263027  0.00770749
0.3  0.005159
0.338844  0.00358289
0.380189  0.00255574
0.42658  0.00183657
0.473151  0.00137336
0.524807  0.00103392
0.582103  0.000783946
0.638263  0.000616962
0.707946  0.000474759
0.785236  0.000368235
0.870964  0.000286784
0.933254  0.000244415
0.988553  0.000215242
1.07152  0.000181822
1.16145  0.000154629
1.25893  0.00013255
1.39637  0.000109614
1.65959  8.07472e-05
1.88365  6.49607e-05
2.13796  5.26366e-05
2.39883  4.37891e-05
2.7227  3.60264e-05
3.16228  2.8844e-05
3.67282  2.32704e-05
4.31519  1.86152e-05
5.06991  1.50028e-05
6.0256  1.19957e-05
7.24436  9.51964e-06
9.01571  7.29655e-06
11.0917  5.71639e-06
13.6458  4.5054e-06
17.1791  3.47898e-06
24  2.4127e-06
34.2768  1.64839e-06
51.88  1.06781e-06
84.1395  6.48756e-07
165.959  3.24846e-07
331.131  1.61859e-07
1318.26  4.04548e-08
100000  5.3263e-10
-1  -1
0.00012092   0.0 
0.00012092  418396
0.0001225  420608
0.000124452  420517
0.000127  417188
0.000130317  409897
0.000135  396788
0.000139637  382004
0.000147  359573
0.000152  347587
0.000156675  338932
0.000162181  331400
0.000169824  324279
0.00018197  316901
0.000211349  302659
0.000231739  292390
0.000251189  281695
0.00027227  269191
0.000295121  255373
0.00032  240660
0.000346737  225305
0.000375837  209295
0.000412098  190904
0.000451856  172948
0.00049545  155521
0.00054325  138820
0.00060562  120524
0.000668344  105233
0.00075  89057.6
0.000831764  76132.4
0.000933254  63455.3
0.00104713  52498
0.0011885  42251.9
0.00131826  35156.8
0.00149624  27877.4
0.00169824  21930
0.00192753  17120.7
0.00218776  13267.2
0.00248313  10204.8
0.00278612  7987.33
0.00312608  6212.97
0.00350752  4801.69
0.0039355  3686.68
0.0044157  2811.3
0.00501187  2070.45
0.00568853  1512.72
0.00645654  1096.56
0.00732824  788.819
0.00831764  563.242
0.00944061  399.267
0.0107152  280.992
0.0121619  196.352
0.0138038  136.255
0.0156675  93.9037
0.0179887  62.0864
0.0206538  40.7418
0.0237137  26.5428
0.0275423  16.5591
0.03203  10.212
0.0375837  6.07195
0.0446684  3.43618
0.0524807  2.00617
0.0645654  0.995683
0.0870964  0.358468
0.136458  0.0770061
0.165959  0.0396583
0.194985  0.0231218
0.226464  0.0141065
0.25704  0.00935258
0.288403  0.00648107
0.319889  0.00468892
0.354813  0.0034151
0.39355  0.00250549
0.431519  0.00191521
0.473151  0.00147369
0.5188  0.00114189
0.568853  0.000891258
0.623735  0.000700868
0.683912  0.000555396
0.749894  0.000443417
0.851138  0.000328648
0.912011  0.000280792
0.977237  0.000241469
1.05925  0.000204234
1.16145  0.000169814
1.2735  0.000142405
1.41254  0.000117703
1.64059  9.02141e-05
1.86209  7.25417e-05
2.11349  5.87434e-05
2.37137  4.88368e-05
2.69154  4.01524e-05
3.12608  3.21273e-05
3.63078  2.59038e-05
4.26579  2.07102e-05
5.01187  1.66827e-05
6  1.3209e-05
7.24436  1.04265e-05
9.01571  7.9915e-06
11.0917  6.26081e-06
13.6458  4.93454e-06
17.1791  3.81028e-06
24  2.6424e-06
34.2768  1.80542e-06
51.88  1.16946e-06
86.0994  6.93979e-07
171.791  3.43553e-07
342.768  1.71224e-07
1364.58  4.27999e-08
100000  5.8336e-10
-1  -1
5.071e-05   0.0 
5.071e-05  892688
5.1e-05  911556
5.13e-05  935364
5.16e-05  963864
5.19e-05  997844
5.22e-05  1.03715e+06
5.25e-05  1.08336e+06
5.29e-05  1.15561e+06
5.315e-05  1.20777e+06
5.35e-05  1.2912e+06
5.385e-05  1.38796e+06
5.42e-05  1.49943e+06
5.465e-05  1.66692e+06
5.5e-05  1.81822e+06
5.54e-05  2.01642e+06
5.595e-05  2.33932e+06
5.65e-05  2.72923e+06
5.71e-05  3.24367e+06
5.8e-05  4.22236e+06
5.97e-05  6.91748e+06
6.05e-05  8.62804e+06
6.11e-05  1.00993e+07
6.16595e-05  1.15983e+07
6.22e-05  1.31389e+07
6.26e-05  1.43142e+07
6.3e-05  1.54989e+07
6.34e-05  1.66714e+07
6.385e-05  1.79466e+07
6.42e-05  1.8886e+07
6.465e-05  1.99988e+07
6.5e-05  2.07747e+07
6.54e-05  2.15464e+07
6.58e-05  2.21908e+07
6.6128e-05  2.2618e+07
6.65e-05  2.29891e+07
6.69e-05  2.32538e+07
6.73e-05  2.33921e+07
6.77e-05  2.34103e+07
6.815e-05  2.33013e+07
6.87e-05  2.30051e+07
6.92e-05  2.26147e+07
6.97e-05  2.21314e+07
7.03e-05  2.14598e+07
7.11e-05  2.0462e+07
7.19e-05  1.94035e+07
7.3e-05  1.79277e+07
7.45e-05  1.59775e+07
7.58578e-05  1.43342e+07
7.76247e-05  1.24055e+07
7.95e-05  1.06111e+07
8.15e-05  8.9636e+06
8.35e-05  7.5598e+06
8.57e-05  6.26092e+06
8.81049e-05  5.09291e+06
9.12011e-05  3.90815e+06
9.5e-05  2.83504e+06
9.95e-05  1.95404e+06
0.000104  1.35948e+06
0.000108393  962573
0.0001205  392580
0.00012334  323968
0.000126  273537
0.000128  242940
0.00013  217684
0.000131826  198677
0.00013359  183511
0.000135  173394
0.0001365  164372
0.000138038  156790
0.000139637  150509
0.000141254  145626
0.000142889  142015
0.000144544  139562
0.000146218  138158
0.000148  137703
0.00015  138294
0.000152  139876
0.000154  142292
0.000156675  146591
0.00016  153269
0.00016457  164133
0.000176  195278
0.000182  211987
0.000188365  229023
0.000195  245528
0.0002  256920
0.000206538  270325
0.000212  280197
0.000219  291110
0.000226464  300688
0.000235  309233
0.000243  315155
0.000251189  319409
0.000262  322677
0.000273  323713
0.000285102  322597
0.000298538  319051
0.000312608  313323
0.000328  305352
0.000346737  294026
0.000367282  280524
0.000389045  265832
0.000412098  250205
0.000436516  233925
0.000462381  217365
0.00049545  197534
0.000530884  178322
0.000568853  159832
0.00061  142128
0.000660693  123282
0.000716143  106045
0.00078  89650.8
0.000851138  74890.2
0.000922571  63035.5
0.001  52729.2
0.00111  41490.8
0.00123027  32468.4
0.00136458  25152.8
0.00151356  19328.7
0.0016788  14735.7
0.00186209  11157.8
0.00206538  8389.18
0.00229087  6261.42
0.00254097  4640.46
0.00281838  3415.15
0.00312608  2495.91
0.00346737  1811.57
0.00384592  1306.08
0.0042658  935.43
0.0047863  640.726
0.00537032  435.506
0.0060256  293.833
0.00676083  196.84
0.00767361  125.752
0.00870964  79.7129
0.00988553  50.1412
0.0112202  31.3012
0.012735  19.3987
0.0146218  11.421
0.016788  6.67219
0.0194985  3.69816
0.0229087  1.9431
0.0269154  1.01335
0.0323594  0.477742
0.0402717  0.193864
0.0822243  0.0100041
0.101158  0.00425543
0.120226  0.00210106
0.141254  0.00109521
0.164059  0.000602619
0.186209  0.000365973
0.211349  0.000223868
0.237137  0.000144204
0.266072  9.35654e-05
0.295121  6.38203e-05
0.327341  4.38407e-05
0.363078  3.03317e-05
0.402717  2.114e-05
0.446684  1.48435e-05
0.489779  1.09162e-05
0.537032  8.08511e-06
0.588844  6.03311e-06
0.638263  4.70043e-06
0.691831  3.68517e-06
0.749894  2.90766e-06
0.860994  1.95338e-06
0.912011  1.6663e-06
0.954993  1.47637e-06
1  1.3167e-06
1.04713  1.18321e-06
1.09648  1.07106e-06
1.16145  9.53623e-07
1.23027  8.54946e-07
1.33352  7.39704e-07
1.47911  6.19518e-07
1.84077  4.23782e-07
2.06538  3.49243e-07
2.31739  2.89945e-07
2.63027  2.3807e-07
3.01995  1.93514e-07
3.50752  1.55746e-07
4.0738  1.26291e-07
4.7863  1.0152e-07
5.68853  8.09692e-08
6.83912  6.41071e-08
8.41395  4.97151e-08
10.2329  3.93758e-08
13.1826  2.93729e-08
16.9824  2.20937e-08
23.174  1.57146e-08
32.3594  1.09857e-08
48.4172  7.19379e-09
75.8578  4.52358e-09
144.544  2.34315e-09
288.403  1.16624e-09
1148.15  2.91337e-10
100000  3.3396e-12
-1  -1
4.918e-05   0.0 
4.918e-05  1.40441e+06
4.9545e-05  1.43976e+06
4.99e-05  1.48392e+06
5.02e-05  1.52924e+06
5.061e-05  1.60569e+06
5.095e-05  1.68289e+06
5.13e-05  1.77734e+06
5.16e-05  1.87127e+06
5.19e-05  1.97858e+06
5.23e-05  2.14473e+06
5.27e-05  2.34038e+06
5.315e-05  2.60039e+06
5.35e-05  2.83535e+06
5.4e-05  3.22741e+06
5.45e-05  3.69492e+06
5.5e-05  4.24856e+06
5.56e-05  5.04398e+06
5.65e-05  6.55218e+06
5.82103e-05  1.07084e+07
5.9e-05  1.32803e+07
5.97e-05  1.59014e+07
6.0256e-05  1.81786e+07
6.07e-05  2.00898e+07
6.1167e-05  2.215e+07
6.16595e-05  2.43287e+07
6.2e-05  2.58062e+07
6.24e-05  2.7479e+07
6.28e-05  2.90507e+07
6.315e-05  3.03173e+07
6.35e-05  3.14623e+07
6.385e-05  3.24709e+07
6.42e-05  3.33302e+07
6.465e-05  3.42061e+07
6.5e-05  3.47065e+07
6.5413e-05  3.50984e+07
6.58e-05  3.52781e+07
6.63e-05  3.5265e+07
6.68344e-05  3.49816e+07
6.73e-05  3.45433e+07
6.785e-05  3.38407e+07
6.85e-05  3.28142e+07
6.92e-05  3.15457e+07
7e-05  2.99754e+07
7.11e-05  2.77376e+07
7.24436e-05  2.50418e+07
7.4e-05  2.21117e+07
7.58578e-05  1.89686e+07
7.76247e-05  1.63457e+07
7.95e-05  1.39262e+07
8.15e-05  1.17167e+07
8.4e-05  9.4236e+06
8.65e-05  7.57272e+06
8.91251e-05  6.02157e+06
9.22571e-05  4.59051e+06
9.54993e-05  3.47943e+06
9.95e-05  2.48729e+06
0.000104  1.71986e+06
0.000108393  1.21032e+06
0.00011749  605833
0.0001205  490196
0.000123027  414773
0.000125  367211
0.0001265  336765
0.000128  310672
0.0001295  288470
0.0001307  273230
0.0001322  257015
0.00013359  244527
0.000135  234096
0.0001365  225214
0.000138038  218219
0.000139637  212960
0.000141254  209476
0.000143  207529
0.000144544  207177
0.0001465  208327
0.0001485  211077
0.00015  214028
0.000152  218964
0.000155  228115
0.000158489  240742
0.000172  298910
0.000178  325522
0.000184077  351325
0.00019  374768
0.000195  392997
0.0002  409669
0.000206538  429017
0.000212  443026
0.000219  458180
0.000226464  471101
0.000235  482244
0.000243  489654
0.000251189  494617
0.000262  497672
0.000273  497350
0.000285102  493795
0.000298538  486716
0.000312608  476446
0.000328  462750
0.000346737  444086
0.000367282  422437
0.000389045  399048
0.000412098  374584
0.000436516  349347
0.000467735  318651
0.000501187  288545
0.00054  257173
0.00058  228718
0.000623735  201432
0.00067  176705
0.000732825  148757
0.000794328  126388
0.000860994  106708
0.000944061  87287.2
0.00105  68522.4
0.00116145  53997
0.0013  40969.7
0.00144  31628.3
0.00160325  23907.4
0.00177828  18114.2
0.00197242  13623.2
0.00218776  10173.3
0.00242661  7543.16
0.00269154  5553.51
0.003  3999.86
0.00334965  2843.24
0.00371535  2048.55
0.00412097  1466.2
0.00457088  1042.45
0.00512861  708.207
0.0057544  477.51
0.00645654  319.657
0.00724436  212.504
0.00822243  134.567
0.00933254  84.5466
0.0104713  55.0343
0.011885  34.0647
0.0134896  20.9316
0.0154882  12.2081
0.0177828  7.06518
0.0204174  4.05818
0.0237137  2.2068
0.0278612  1.13598
0.0338844  0.502768
0.042658  0.191087
0.0841395  0.0108129
0.102329  0.00475383
0.120226  0.00243178
0.139637  0.00131447
0.160325  0.000750595
0.179887  0.000473727
0.201837  0.000301198
0.223872  0.000201834
0.248313  0.000136256
0.27227  9.6739e-05
0.3  6.7944e-05
0.327341  4.9781e-05
0.358922  3.61084e-05
0.389045  2.74437e-05
0.421696  2.09925e-05
0.457088  1.6168e-05
0.49545  1.25432e-05
0.537032  9.81079e-06
0.582103  7.731e-06
0.630957  6.1345e-06
0.683912  4.90088e-06
0.74131  3.94215e-06
0.851138  2.74637e-06
0.901571  2.37587e-06
0.954993  2.06889e-06
1  1.8625e-06
1.07152  1.60501e-06
1.14815  1.39413e-06
1.21619  1.24745e-06
1.33352  1.05315e-06
1.62181  7.45912e-07
1.86209  5.87578e-07
2.0893  4.84748e-07
2.34423  4.02726e-07
2.66072  3.30892e-07
3.05492  2.69112e-07
3.54813  2.16717e-07
4.12097  1.75826e-07
4.84172  1.41418e-07
5.7544  1.12852e-07
6.91831  8.93898e-08
8.51138  6.93512e-08
10.3514  5.49519e-08
13.1826  4.15489e-08
16.9824  3.12518e-08
23.4423  2.19519e-08
33.1131  1.5164e-08
50.1187  9.81644e-09
80  6.0592e-09
154.882  3.09004e-09
309.029  1.53888e-09
1230.27  3.84525e-10
100000  4.7239e-12
-1  -1
1.845e-05   0.0 
1.845e-05  220116
1.88e-05  189744
1.92753e-05  154467
1.97242e-05  126875
2.02e-05  102770
2.07e-05  82294.2
2.17e-05  53172.4
2.21309e-05  44509.3
2.25e-05  38583.8
2.277e-05  35016.2
2.3e-05  32439
2.322e-05  30337
2.34423e-05  28547.1
2.365e-05  27154.2
2.385e-05  26049.6
2.405e-05  25160.4
2.42661e-05  24423.7
2.442e-05  24031.2
2.46e-05  23702.2
2.477e-05  23512.4
2.5e-05  23428.8
2.52e-05  23506.2
2.54097e-05  23725.4
2.56e-05  24036.6
2.587e-05  24646
2.61e-05  25306.6
2.64e-05  26343
2.67e-05  27555.6
2.71e-05  29407.4
2.77e-05  32598.4
2.9e-05  40674.4
2.98e-05  46101.2
3.05492e-05  51313.3
3.12608e-05  56285.4
3.19889e-05  61324.8
3.27341e-05  66374.7
3.35e-05  71407.4
3.42768e-05  76311.4
3.50752e-05  81114.2
3.61e-05  86895.2
3.71535e-05  92364.8
3.80189e-05  96491.8
3.9e-05  100773
4.03e-05  105811
4.16869e-05  110426
4.31519e-05  114505
4.46684e-05  117937
4.65e-05  121116
4.85e-05  123529
5.06991e-05  125105
5.30884e-05  125777
5.55904e-05  125558
5.82103e-05  124550
6.15e-05  122465
6.53131e-05  119279
6.91831e-05  115555
7.4131e-05  110474
8.03526e-05  104006
8.81049e-05  96284.4
9.66051e-05  88483.6
0.000105925  80765.5
0.00011749  72329.2
0.000131826  63447.6
0.000153109  53007
0.000197242  38753.4
0.000223872  32957
0.000254097  27830
0.000301995  21899.3
0.000354813  17393.2
0.000436516  12808.2
0.000512861  10043.9
0.000595662  7949.97
0.000707946  6024.91
0.000881049  4202.31
0.00105925  3077.17
0.00130317  2150.53
0.00156675  1553.47
0.00192753  1069.45
0.00239883  715.534
0.00298538  474.964
0.00367282  319.95
0.00451856  213.931
0.00568853  135.649
0.00691831  91.3962
0.00831764  62.5433
0.00988553  43.4968
0.011749  29.9916
0.0139637  20.5173
0.0165959  13.9251
0.0194985  9.62808
0.0229087  6.60905
0.0269154  4.50404
0.0316228  3.04745
0.0371535  2.04668
0.044157  1.32567
0.05188  0.877575
0.0616595  0.559798
0.074131  0.343993
0.0860994  0.230241
0.107152  0.126968
0.146218  0.0539812
0.242661  0.0133362
0.291743  0.00807506
0.342768  0.00524289
0.39355  0.00364706
0.446684  0.00263413
0.501187  0.00197327
0.562341  0.00148923
0.623735  0.00116395
0.691831  0.000916053
0.767362  0.000726009
0.851138  0.000579301
0.933254  0.000476986
1.02329  0.000395425
1.16145  0.000307361
1.28825  0.000252232
1.46218  0.00019938
1.62181  0.000165668
1.84077  0.000133167
2.11349  0.000105763
2.37137  8.79238e-05
2.69154  7.22919e-05
3.12608  5.7847e-05
3.63078  4.66414e-05
4.26579  3.72903e-05
5.01187  3.00388e-05
6  2.3784e-05
7.24436  1.87733e-05
9.01571  1.43889e-05
11.0917  1.12726e-05
13.6458  8.88495e-06
17.1791  6.86072e-06
23.7137  4.82031e-06
33.8844  3.29055e-06
51.2861  2.13105e-06
83.1764  1.29457e-06
162.181  6.55741e-07
323.594  3.26682e-07
1288.25  8.16433e-08
100000  1.0504e-09
-1  -1
9.23e-06   0.0 
9.23e-06  2.68557e+07
9.54993e-06  2.57842e+07
9.77237e-06  2.49685e+07
1e-05  2.40777e+07
1.03514e-05  2.26394e+07
1.07152e-05  2.11038e+07
1.11e-05  1.9504e+07
1.15e-05  1.7886e+07
1.1885e-05  1.64079e+07
1.23027e-05  1.4913e+07
1.2884e-05  1.30309e+07
1.35e-05  1.12842e+07
1.42889e-05  9.39711e+06
1.53109e-05  7.45561e+06
1.65959e-05  5.64612e+06
1.92753e-05  3.33177e+06
2.31739e-05  1.73671e+06
2.69153e-05  1.0301e+06
3.0903e-05  640794
3.58922e-05  386007
4.12098e-05  243550
4.57088e-05  173531
4.9545e-05  134140
5.30884e-05  108251
5.65e-05  89824.6
6e-05  75575.4
6.30957e-05  65832.1
6.65e-05  57402.9
7e-05  50590.4
7.32824e-05  45480.9
7.67362e-05  41120
8.03526e-05  37403.3
8.41395e-05  34217.9
8.81049e-05  31478
9.33254e-05  28565.2
9.9e-05  26051.3
0.000104713  24026.6
0.000112  21969.5
0.000120226  20155.8
0.00013  18478.9
0.000141254  16989.1
0.000154882  15590.2
0.000175792  13966.4
0.000223872  11392.8
0.000251189  10275.6
0.000281838  9200.22
0.00031989  8080.22
0.000363078  7044.07
0.000421697  5940.11
0.000473151  5178.16
0.000524808  4546.54
0.000588844  3904.22
0.000660693  3325.98
0.000749894  2766.54
0.000860994  2245.41
0.000954993  1908.09
0.00108393  1551.95
0.00123027  1252.94
0.00139637  1004.08
0.00158489  798.839
0.00179887  631.004
0.00204174  494.883
0.00231739  385.423
0.00263027  298.019
0.003  226.401
0.00338844  174.308
0.00384592  131.809
0.00437  98.6697
0.00462381  87.2064
0.0049545  74.3929
0.00537032  61.2724
0.00683912  33.5474
0.00776247  24.3089
0.00881049  17.4897
0.01  12.4955
0.0113501  8.86552
0.0130317  6.04998
0.0149624  4.09631
0.0171791  2.75205
0.0197242  1.83561
0.0229087  1.17447
0.0266072  0.745839
0.0312608  0.453877
0.0367282  0.274091
0.044157  0.15282
0.054325  0.0785588
0.0660693  0.0416275
0.128825  0.00468858
0.164059  0.00214157
0.194985  0.00123189
0.229087  0.00074059
0.263027  0.000482154
0.3  0.00032271
0.338844  0.000224105
0.380189  0.000159844
0.42658  0.000114849
0.473151  8.58709e-05
0.524807  6.46453e-05
0.582103  4.90197e-05
0.645654  3.74605e-05
0.716143  2.88549e-05
0.794328  2.24044e-05
0.870964  1.79463e-05
0.933254  1.52985e-05
0.988553  1.3474e-05
1.07152  1.13824e-05
1.16145  9.68073e-06
1.25893  8.29885e-06
1.39637  6.86247e-06
1.65959  5.05475e-06
1.88365  4.06657e-06
2.13796  3.29507e-06
2.39883  2.74119e-06
2.7227  2.25521e-06
3.16228  1.80558e-06
3.67282  1.45669e-06
4.31519  1.1653e-06
5.06991  9.39186e-07
6.0256  7.5091e-07
7.24436  5.95926e-07
9.01571  4.56766e-07
11.0917  3.57845e-07
13.6458  2.82039e-07
17.1791  2.17783e-07
24  1.5103e-07
34.2768  1.03194e-07
51.88  6.68425e-08
85.1138  4.01363e-08
169.824  1.98662e-08
338.844  9.90046e-09
1348.96  2.47466e-09
100000  3.3343e-11
-1  -1
8.31e-06   0.0 
8.31e-06  5.67966e+07
8.51138e-06  5.49749e+07
8.81049e-06  5.20977e+07
9.12011e-06  4.90145e+07
9.5e-06  4.51969e+07
9.85e-06  4.17366e+07
1.02329e-05  3.81136e+07
1.06e-05  3.48363e+07
1.1e-05  3.15123e+07
1.15e-05  2.7748e+07
1.20226e-05  2.42743e+07
1.27e-05  2.04253e+07
1.35e-05  1.67117e+07
1.44544e-05  1.32466e+07
1.57e-05  9.92215e+06
1.77828e-05  6.36121e+06
2.21309e-05  2.90403e+06
2.51189e-05  1.85658e+06
2.81838e-05  1.24492e+06
3.12608e-05  874875
3.42768e-05  643527
3.71535e-05  494789
4.02717e-05  383082
4.31519e-05  309756
4.57088e-05  261072
4.84172e-05  221507
5.12861e-05  189377
5.4e-05  165769
5.68853e-05  146030
5.95662e-05  131416
6.23735e-05  119021
6.53131e-05  108483
6.83912e-05  99493.4
7.16143e-05  91774.2
7.58578e-05  83563.1
8.03526e-05  76641.5
8.60994e-05  69634.5
9.3e-05  63093.7
0.000101158  57097.3
0.000110918  51560
0.000123027  46305
0.000141254  40466
0.000184077  31657.3
0.000216272  27211.7
0.000242661  24263.7
0.00027227  21455
0.000305492  18834.5
0.000346737  16200.6
0.000398107  13638.7
0.000451856  11588
0.000506991  9925.7
0.000568853  8436.01
0.000638263  7116.14
0.000724436  5855.41
0.000822243  4784.04
0.000944061  3806.12
0.00107152  3063.7
0.00121619  2448.16
0.00138038  1942.02
0.00156675  1529.14
0.00177828  1195.51
0.00204174  906.823
0.00231739  699.084
0.00263027  535.176
0.003  402.445
0.00338844  307.003
0.00384592  229.958
0.00436516  170.91
0.0049545  125.956
0.00562341  92.0967
0.00638264  66.8184
0.00724436  48.1103
0.00822243  34.3843
0.00933254  24.397
0.0105925  17.1863
0.0120226  12.021
0.0136458  8.34976
0.0154882  5.75994
0.0177828  3.81204
0.0204174  2.50382
0.0234423  1.63257
0.027227  1.01933
0.0316228  0.631681
0.0371535  0.374276
0.044157  0.211945
0.0524807  0.11916
0.0645654  0.0591982
0.0870964  0.0213456
0.138038  0.00441443
0.16788  0.00227494
0.197242  0.00132723
0.226464  0.000841422
0.25704  0.00055794
0.288403  0.000386691
0.323594  0.000270021
0.358922  0.000196847
0.398107  0.000144572
0.436516  0.000110641
0.47863  8.52422e-05
0.524807  6.61407e-05
0.57544  5.16965e-05
0.630957  4.07139e-05
0.691831  3.23121e-05
0.758578  2.58396e-05
0.851138  1.97178e-05
0.922571  1.64404e-05
0.988553  1.41657e-05
1.08393  1.17252e-05
1.1886  9.7707e-06
1.30317  8.20241e-06
1.44544  6.78849e-06
1.6788  5.21024e-06
1.90546  4.19505e-06
2.16272  3.4017e-06
2.45471  2.78134e-06
2.78612  2.29126e-06
3.23594  1.83667e-06
3.75837  1.48348e-06
4.4157  1.18807e-06
5.24808  9.44149e-07
6.30957  7.44982e-07
7.58578  5.92319e-07
9.33254  4.61058e-07
11.749  3.52107e-07
14.2889  2.81608e-07
18.197  2.14952e-07
26.0016  1.4573e-07
37.1535  9.96904e-08
57.544  6.31461e-08
103.514  3.45619e-08
206.538  1.71442e-08
822.243  4.27537e-09
26001.6  1.34875e-10
100000  3.5072e-11
-1  -1
-2   0.0 
-2  -2
