% -----------------------------------------------------------------------
%   Program Name: pe-ss-cs-23.dat 
%   Author: the Geant4 Collaboration
%   Organization: the Geant4 Collaboration
%   Version: unknown
%   Date: circa 2006
%   Class: Public
%   Copyright (c) Copyright Holders of the Geant4 Collaboration, 1994-2006.
%   See http://cern.ch/geant4/license for details on the copyright holders.
%   All rights not expressly granted under this license are reserved.
% -----------------------------------------------------------------------
0.0054396   0.0 
0.0054396  44181.8
0.005585  41558
0.0057544  38687
0.0064  29652.4
0.007  23509.2
0.00812831  15899.5
0.0088  12892.6
0.0108393  7343.77
0.0133352  4140.47
0.0156675  2629.5
0.018197  1715.82
0.0218776  1007.3
0.0266072  567.458
0.0323594  317.324
0.04  167.825
0.0506991  81.65
0.0660693  36.2
0.0912011  13.3322
0.144544  3.18416
0.186209  1.4546
0.221309  0.858444
0.25704  0.547211
0.298538  0.3513
0.338844  0.243244
0.380189  0.175416
0.421696  0.1316
0.467735  0.0994323
0.5188  0.075698
0.568853  0.0598069
0.623735  0.0475752
0.683912  0.0381229
0.732824  0.0324679
0.803526  0.0263997
0.901571  0.020564
0.977237  0.0173594
1.10918  0.0134587
1.21619  0.0112614
1.34896  0.00928305
1.5  0.00767219
1.6788  0.00631664
1.86209  0.00531892
2.0893  0.00442734
2.37137  0.00364451
2.7227  0.00297002
3.12608  0.00243891
3.63078  0.00198603
4.31519  0.0015801
5.06991  0.00128578
6.23735  0.000995927
7.58578  0.000787826
9.54993  0.000603018
12.0226  0.00046484
16.0325  0.000338392
22.1309  0.000239174
31.9889  0.000162108
54.325  9.36385e-05
103.514  4.85058e-05
206.538  2.41343e-05
412.098  1.20486e-05
6531.31  7.5765e-07
100000  4.9477e-08
-1  -1
0.00062379   0.0 
0.00062379  192250
0.00068  172050
0.0007  164543
0.00075  149565
0.000870964  120360
0.00103514  91738.2
0.00112202  80241.9
0.00130317  61904.2
0.00142889  52452.2
0.00165  40087.6
0.00184077  32459.4
0.00211349  24660
0.0024  19000.9
0.0027227  14574.2
0.00316228  10546.6
0.00363078  7761.1
0.00416869  5669.58
0.0048  4084.92
0.00555904  2881.82
0.00645654  2003.76
0.0075  1382.19
0.00870964  947.056
0.0101158  643.921
0.011749  434.736
0.0138038  282.596
0.0162181  182.335
0.0190546  116.803
0.0226464  71.9505
0.0269154  43.9911
0.0323594  25.8289
0.039355  14.5508
0.0484172  7.85974
0.060256  4.06978
0.0776247  1.8832
0.0988553  0.896266
0.154882  0.224854
0.20893  0.0901968
0.245471  0.055517
0.281838  0.0368652
0.323594  0.0246551
0.363078  0.0177497
0.40738  0.0128716
0.451856  0.00970779
0.501187  0.0073773
0.549541  0.00581805
0.60256  0.00461876
0.660694  0.00369355
0.724436  0.00297462
0.794328  0.00241294
0.870964  0.00197068
0.944061  0.00166166
1.02329  0.00141051
1.14815  0.00112267
1.2735  0.000921255
1.41254  0.000761584
1.56675  0.000634098
1.7378  0.000531604
1.94985  0.000440413
2.2131  0.000361098
2.51189  0.000298168
2.88403  0.000243779
3.31131  0.000200821
3.84592  0.000163989
4.57088  0.000130814
5.37032  0.000106728
6.76083  8.0574e-05
8.31764  6.30784e-05
10.5925  4.77934e-05
13.9637  3.51163e-05
18.4077  2.59865e-05
26.0016  1.79788e-05
37.1535  1.23711e-05
58.8844  7.68859e-06
116.145  3.84922e-06
231.739  1.91683e-06
922.571  4.7907e-07
100000  4.4127e-09
-1  -1
0.00053188   0.0 
0.00053188  333340
0.00053205  340630
0.00053235  355790
0.0005327  372250
0.00053315  391710
0.0005335  405620
0.000534  424000
0.0005345  440700
0.0005352  461480
0.000536  482370
0.0005367  498210
0.0005375  513820
0.0005382  525630
0.0005393  541030
0.0005405  554110
0.0005417  563890
0.00054325  572270
0.000545  577250
0.000547  578630
0.000549541  575960
0.0006  473970
0.00063626  411220
0.000676083  357650
0.000758578  271530
0.000831764  216200
0.000901571  176040
0.00103514  122250
0.00113501  95397
0.00131826  63031
0.00146218  47050
0.00169824  30582
0.00190546  21813
0.00218776  14447
0.00254097  9162.5
0.0029  6084.5
0.00331131  4009.2
0.00384592  2485.1
0.00451856  1472.3
0.00530884  865.05
0.00623735  504.09
0.00724436  303.13
0.00841395  181.02
0.00988553  103.14
0.011749  55.995
0.0141254  28.944
0.0171791  14.235
0.020893  6.9461
0.0260016  3.0894
0.0331131  1.2513
0.0457088  0.3715
0.0758578  0.0548558
0.0954993  0.0231489
0.116145  0.0111953
0.136458  0.00619783
0.158489  0.0036044
0.18197  0.00220093
0.206538  0.00141041
0.231739  0.000947693
0.260016  0.00064145
0.291743  0.000437404
0.327341  0.000300594
0.363078  0.000215926
0.402717  0.000156243
0.44157  0.000117966
0.484172  8.97025e-05
0.530884  6.86618e-05
0.582103  5.29064e-05
0.645654  3.97518e-05
0.707946  3.10585e-05
0.776247  2.44529e-05
0.860994  1.88017e-05
0.912011  1.63414e-05
0.966051  1.42926e-05
1.02329  1.25938e-05
1.09648  1.08995e-05
1.16145  9.72103e-06
1.25  8.46369e-06
1.36458  7.22432e-06
1.64059  5.25383e-06
1.84077  4.33294e-06
2.044  3.6617e-06
2.31739  3.0156e-06
2.66072  2.45436e-06
3.05492  2.01295e-06
3.54813  1.63726e-06
4.16869  1.32097e-06
4.89779  1.07325e-06
5.88844  8.53788e-07
7.24436  6.64793e-07
9.12011  5.08035e-07
11.6145  3.8607e-07
15.4882  2.808e-07
21.3796  1.98293e-07
31.2608  1.32697e-07
53.7032  7.57164e-08
102.329  3.92173e-08
204.174  1.95109e-08
407.38  9.74046e-09
6456.54  6.12467e-10
100000  3.9538e-11
-1  -1
0.00052454   0.0 
0.00052454  684940
0.0005247  699088
0.000525  730036
0.00052545  772592
0.000526  819500
0.0005265  857736
0.000527  892676
0.0005277  936308
0.0005282  964048
0.000529  1.00353e+06
0.0005298  1.03754e+06
0.0005305  1.06324e+06
0.0005315  1.09414e+06
0.00053252  1.11946e+06
0.0005335  1.13866e+06
0.000535  1.15984e+06
0.0005365  1.17284e+06
0.000538  1.1794e+06
0.00054  1.18066e+06
0.000542  1.17598e+06
0.000549541  1.14028e+06
0.000645654  784083
0.000683912  684972
0.000767361  518205
0.000841395  411296
0.000912011  333851
0.00105925  224145
0.00116145  174265
0.00135  114463
0.00151356  82567.5
0.0017378  55266.2
0.002  36433
0.00229087  24175.5
0.00263027  15807.7
0.00301995  10259.8
0.00350752  6372.36
0.0040738  3926.74
0.0047863  2311.87
0.00555904  1402.94
0.0065  826.092
0.0075  505.324
0.00870964  300.314
0.0102329  170.076
0.0121619  91.7082
0.0144544  49.0603
0.0171791  26.0455
0.0206538  13.1672
0.0251189  6.3276
0.0309029  2.89057
0.0398107  1.0999
0.0841395  0.06188
0.103514  0.0280522
0.125892  0.0133905
0.146218  0.00765658
0.16788  0.00460289
0.190546  0.00290743
0.213796  0.00192691
0.237137  0.00133927
0.26388  0.000926968
0.291743  0.000660982
0.319889  0.000487948
0.350752  0.000362737
0.384592  0.00027171
0.421696  0.000205122
0.45986  0.00015863
0.501187  0.000123778
0.54325  9.88116e-05
0.588844  7.94468e-05
0.630957  6.63337e-05
0.683912  5.4114e-05
0.749894  4.32143e-05
0.812831  3.56894e-05
0.881049  2.96622e-05
0.954993  2.48193e-05
1.01158  2.19551e-05
1.12202  1.77884e-05
1.21619  1.52278e-05
1.34896  1.25749e-05
1.5  1.0417e-05
1.6788  8.57969e-06
1.88365  7.08897e-06
2.11349  5.90393e-06
2.39883  4.86292e-06
2.75423  3.96568e-06
3.16228  3.25874e-06
3.67282  2.65516e-06
4.36516  2.11358e-06
5.12861  1.72079e-06
6.30957  1.33345e-06
7.58578  1.06971e-06
9.54993  8.18751e-07
12.0226  6.31129e-07
16.2181  4.53726e-07
22.3872  3.20783e-07
31.9889  2.20101e-07
54.9541  1.25641e-07
104.713  6.50935e-08
208.93  3.23902e-08
416.869  1.6172e-08
6606.93  1.0169e-09
100000  6.7177e-11
-1  -1
7.642e-05   0.0 
7.642e-05  411222
7.9e-05  400480
8.15e-05  392994
8.51138e-05  385548
9.01571e-05  379099
0.000104  367578
0.00011092  359991
0.00011749  350603
0.000124  339482
0.000130317  327530
0.000138038  312278
0.00015  289084
0.000165959  261045
0.000184077  233485
0.0002  212134
0.000218776  189808
0.000242661  165608
0.000275423  139144
0.00030903  117950
0.000346737  99184.7
0.000402717  78514.5
0.000457088  63982.9
0.000530884  49800.9
0.000609537  39263.8
0.000716143  29496.2
0.000831764  22455
0.000977237  16613.4
0.00115  12162.6
0.00136458  8696.25
0.00160325  6294.91
0.0019  4444.96
0.00221309  3229.48
0.0025704  2345.03
0.003  1672.52
0.00346737  1209.88
0.00402717  859.436
0.00467735  605.919
0.0054325  424.085
0.00638264  286.522
0.00749894  192.054
0.00881049  127.718
0.0103514  84.2719
0.0121619  55.1759
0.0142889  35.8557
0.016788  23.129
0.0199526  14.347
0.0237137  8.83215
0.0281838  5.39754
0.0334965  3.27475
0.040738  1.84395
0.0501187  0.99574
0.0630957  0.497594
0.0831764  0.214561
0.107152  0.0986355
0.160325  0.0285394
0.201837  0.0141452
0.239883  0.00840024
0.278612  0.00538596
0.319889  0.00359988
0.358922  0.00259019
0.402717  0.00187714
0.446684  0.00141479
0.49545  0.0010741
0.54325  0.000846451
0.6  0.00065951
0.660694  0.000521869
0.724436  0.000420299
0.794328  0.000340954
0.870964  0.000278467
0.944061  0.000234807
1.02329  0.000199325
1.14815  0.000158649
1.2735  0.000130184
1.41254  0.00010762
1.56675  8.96036e-05
1.7378  7.51176e-05
1.92752  6.33927e-05
2.18776  5.19441e-05
2.48313  4.28653e-05
2.85102  3.50222e-05
3.27341  2.88323e-05
3.80189  2.35317e-05
4.51856  1.87618e-05
5.30884  1.52994e-05
6.68344  1.15445e-05
8.22243  9.03414e-06
10.4713  6.8425e-06
13.8038  5.02561e-06
18.197  3.7181e-06
25.4097  2.60326e-06
35.8922  1.81209e-06
57.544  1.11242e-06
110.918  5.69946e-07
221.31  2.8372e-07
881.049  7.0895e-08
100000  6.2356e-10
-1  -1
5.065e-05   0.0 
5.065e-05  645262
5.12e-05  626888
5.188e-05  600415
5.27e-05  565716
5.37032e-05  522424
5.5e-05  468562
5.7544e-05  379535
5.88844e-05  342999
6e-05  317988
6.11e-05  297804
6.18e-05  287088
6.26e-05  276690
6.35e-05  267150
6.45e-05  258924
6.54e-05  253412
6.65e-05  248784
6.76083e-05  246123
6.85e-05  245212
6.95e-05  245288
7.07946e-05  246808
7.24436e-05  250562
7.4131e-05  255933
7.67362e-05  266177
8.60994e-05  308361
9.01571e-05  325228
9.44061e-05  340710
9.88553e-05  354237
0.000102329  362840
0.000106  370062
0.00011067  376551
0.000115  380042
0.0001205  381440
0.000126  380104
0.000131826  376426
0.000138038  370591
0.000146218  360801
0.000154882  348829
0.000165  333736
0.000176  316572
0.000186209  300390
0.000198  281826
0.000211349  261551
0.000226464  240098
0.000245471  215713
0.000266073  192415
0.000288403  170352
0.000312608  149648
0.000342768  128020
0.000375837  108708
0.00041  92537
0.000451856  76656.9
0.0005  62513
0.00055  51260
0.000609537  41060.9
0.000683912  31762.1
0.000758578  25030.6
0.000841395  19596.7
0.000933254  15253.4
0.00104713  11466.2
0.0011749  8562.38
0.00131826  6351.81
0.00147911  4682.26
0.0016788  3323.88
0.00190546  2341.31
0.00216272  1636.46
0.00245471  1135.06
0.00278612  781.345
0.00316228  533.805
0.00358922  362.006
0.0040738  243.797
0.00467735  157.193
0.00537032  100.616
0.00623735  61.5805
0.00724436  37.4048
0.00841395  22.548
0.00977237  13.4946
0.0113501  8.01832
0.0133352  4.5427
0.0158489  2.45167
0.0190546  1.25957
0.0231739  0.615729
0.0288403  0.274349
0.0371535  0.106713
0.0758578  0.00728551
0.0966051  0.00295149
0.116145  0.00149266
0.136458  0.000827581
0.158489  0.000481885
0.18197  0.000294553
0.206538  0.000188867
0.234423  0.000121985
0.263027  8.25645e-05
0.295121  5.62989e-05
0.327341  4.01651e-05
0.363078  2.88546e-05
0.402717  2.08823e-05
0.446684  1.52317e-05
0.489779  1.1584e-05
0.537032  8.8672e-06
0.588844  6.8338e-06
0.645654  5.30518e-06
0.707946  4.14885e-06
0.776247  3.26859e-06
0.860994  2.51081e-06
0.912011  2.18025e-06
0.966051  1.9052e-06
1.02329  1.67753e-06
1.09648  1.45114e-06
1.16145  1.29407e-06
1.25  1.1268e-06
1.36458  9.62115e-07
1.65959  6.86495e-07
1.86209  5.66554e-07
2.06538  4.79954e-07
2.34423  3.94818e-07
2.69154  3.21554e-07
3.09029  2.63901e-07
3.58922  2.14773e-07
4.26579  1.70782e-07
5.01187  1.38895e-07
6.09537  1.09058e-07
7.4131  8.61927e-08
9.33254  6.59218e-08
11.885  5.01328e-08
15.8489  3.64845e-08
22  2.5627e-08
31.6228  1.74688e-08
53.7032  1.00885e-08
101.158  5.28673e-09
201.837  2.62987e-09
402.717  1.31286e-09
6382.64  8.25481e-11
100000  5.2679e-12
-1  -1
4.979e-05   0.0 
4.979e-05  1.31596e+06
5.04e-05  1.27111e+06
5.11e-05  1.21238e+06
5.19e-05  1.1415e+06
5.3e-05  1.04387e+06
5.65e-05  781272
5.76e-05  719616
5.85e-05  676700
5.95662e-05  634136
6.03e-05  609672
6.11e-05  587120
6.1941e-05  567642
6.26e-05  555128
6.35e-05  541536
6.45654e-05  530064
6.54e-05  524124
6.65e-05  519776
6.77e-05  518804
6.9e-05  521324
7.07e-05  528908
7.24436e-05  540310
7.5e-05  561204
8.41395e-05  646715
8.81049e-05  680821
9.22571e-05  712147
9.66051e-05  739484
0.0001  756796
0.000104  772676
0.000108393  784722
0.000113501  792269
0.000119  793700
0.000124452  789507
0.000130317  780184
0.000138038  762606
0.000146218  739931
0.000154882  713245
0.000165  680180
0.000176  643228
0.000186209  608777
0.000199526  564853
0.000213796  520134
0.000231739  468579
0.000251189  419157
0.00027227  372246
0.000295121  328112
0.00032  286940
0.000350752  244597
0.000385  206540
0.000421697  173783
0.000462381  144833
0.000512861  117135
0.000568853  93993.8
0.000630957  74826.2
0.0007  59146
0.000776247  46488
0.000870964  35288.6
0.000977237  26591.8
0.0011  19735.9
0.00124452  14354.2
0.00142  10130.4
0.00160325  7294.02
0.0018197  5141.29
0.00204174  3717.36
0.00231739  2581.69
0.00263027  1779.31
0.00298538  1217.05
0.00338844  826.085
0.00384592  556.72
0.0044157  359.154
0.00506991  229.921
0.00582103  146.128
0.00676083  88.7309
0.00785236  53.4788
0.00912011  31.9869
0.0105925  18.9856
0.0123027  11.1862
0.0144544  6.27989
0.0171791  3.35575
0.0204174  1.77971
0.0245471  0.898167
0.0301995  0.412381
0.0380189  0.172254
0.0501187  0.0598668
0.0851138  0.00785825
0.105925  0.00341515
0.125892  0.00178091
0.146218  0.00101964
0.16788  0.000613227
0.190546  0.000387482
0.213796  0.000257023
0.237137  0.000178764
0.263027  0.000125185
0.291743  8.83278e-05
0.319889  6.52311e-05
0.350752  4.85092e-05
0.384592  3.63409e-05
0.421696  2.74379e-05
0.457088  2.16024e-05
0.49545  1.71222e-05
0.537032  1.36716e-05
0.582103  1.09923e-05
0.630957  8.89675e-06
0.683912  7.24828e-06
0.74131  5.94472e-06
0.812831  4.77672e-06
0.881049  3.96913e-06
0.944061  3.4088e-06
1.01158  2.94763e-06
1.12202  2.39041e-06
1.21619  2.04625e-06
1.34896  1.6889e-06
1.5  1.3982e-06
1.6788  1.15148e-06
1.88365  9.51471e-07
2.11349  7.92452e-07
2.39883  6.52727e-07
2.75423  5.32288e-07
3.16228  4.37395e-07
3.67282  3.56378e-07
4.36516  2.8369e-07
5.12861  2.30972e-07
6.30957  1.78981e-07
7.67361  1.41645e-07
9.66051  1.0846e-07
12.1619  8.36302e-08
16.4059  6.01437e-08
22.6464  4.25324e-08
32.3594  2.91895e-08
54.9541  1.6864e-08
105.925  8.63565e-09
211.349  4.29736e-09
421.697  2.14579e-09
6683.44  1.34936e-10
100000  9.0168e-12
-1  -1
9.61e-06   0.0 
9.61e-06  929460
1.01158e-05  986170
1.07152e-05  1.06192e+06
1.31826e-05  1.41122e+06
1.42889e-05  1.56725e+06
1.54882e-05  1.72918e+06
1.6788e-05  1.8943e+06
1.8e-05  2.03713e+06
1.92753e-05  2.17428e+06
2.04174e-05  2.28415e+06
2.18776e-05  2.40534e+06
2.31739e-05  2.49571e+06
2.45471e-05  2.57199e+06
2.60016e-05  2.63006e+06
2.75423e-05  2.66863e+06
2.9e-05  2.68488e+06
3.05492e-05  2.68256e+06
3.19889e-05  2.66463e+06
3.35e-05  2.63209e+06
3.54813e-05  2.57307e+06
3.75837e-05  2.49627e+06
4e-05  2.39674e+06
4.2658e-05  2.28044e+06
4.57088e-05  2.14608e+06
4.9e-05  2.00515e+06
5.30884e-05  1.83958e+06
5.68853e-05  1.69703e+06
6.09537e-05  1.55488e+06
6.53131e-05  1.41457e+06
6.91831e-05  1.29929e+06
7.32824e-05  1.18619e+06
7.8e-05  1.06778e+06
8.31764e-05  951009
8.91251e-05  833930
9.54993e-05  726256
0.000104  608202
0.000115  489052
0.000124452  409390
0.000135  338797
0.000148  271159
0.000162181  215312
0.000177828  169454
0.000195  132532
0.000213796  103118
0.000234423  79689.5
0.00025704  61183.7
0.000285102  45161.4
0.00031989  32032
0.000358922  22537.5
0.000402717  15737.5
0.000451856  10914.1
0.000506991  7517.05
0.00057544  4949.52
0.000653131  3234.7
0.000732825  2182.7
0.000831764  1405.39
0.000954993  862.279
0.00108393  547.115
0.00123027  344.644
0.00139637  215.489
0.00158489  133.7
0.00179887  82.2981
0.00201837  52.5696
0.00226464  33.3317
0.0025704  20.0378
0.00291743  11.9535
0.00331131  7.07481
0.00384592  3.77583
0.00457088  1.81455
0.00582103  0.644258
0.00683912  0.320816
0.008  0.161644
0.00933254  0.0817524
0.0105925  0.0464118
0.0124452  0.0224027
0.0149624  0.009664
0.0186209  0.00352978
0.0269154  0.000641451
0.0537032  2.59058e-05
0.0676083  8.94253e-06
0.0822243  3.64808e-06
0.0954993  1.84928e-06
0.108393  1.04738e-06
0.123027  5.97194e-07
0.139637  3.42954e-07
0.158489  1.98436e-07
0.177828  1.21542e-07
0.197242  7.87158e-08
0.218776  5.13803e-08
0.242661  3.37878e-08
0.269153  2.23832e-08
0.298538  1.49384e-08
0.327341  1.04759e-08
0.358922  7.39859e-09
0.389045  5.49375e-09
0.412098  4.4641e-09
0.451856  3.22845e-09
0.506991  2.17258e-09
0.555904  1.58984e-09
0.60256  1.2176e-09
0.653131  9.40195e-10
0.707946  7.31618e-10
0.803526  4.97925e-10
0.851138  4.20611e-10
0.891251  3.69437e-10
0.933254  3.26321e-10
0.977237  2.90121e-10
1.02329  2.5985e-10
1.07152  2.34514e-10
1.12202  2.13064e-10
1.1885  1.90466e-10
1.2735  1.67911e-10
1.38038  1.45977e-10
1.53109  1.22667e-10
1.77828  9.5136e-11
1.97242  8.02992e-11
2.23872  6.5885e-11
2.5704  5.35171e-11
2.95121  4.38076e-11
3.38844  3.61308e-11
3.98107  2.90896e-11
4.67735  2.3586e-11
5.49541  1.92628e-11
6.83912  1.47571e-11
8.51138  1.14045e-11
10.9648  8.53542e-12
14.4544  6.27776e-12
19.4984  4.53546e-12
29.1743  2.95656e-12
50.1187  1.68478e-12
93.3254  8.92484e-13
186.209  4.43677e-13
371.535  2.21432e-13
2951.21  2.77873e-14
100000  8.1944e-16
-1  -1
9.53e-06   0.0 
9.53e-06  1.40997e+06
1e-05  1.48992e+06
1.05925e-05  1.6041e+06
1.28825e-05  2.09539e+06
1.41254e-05  2.36119e+06
1.53109e-05  2.60378e+06
1.65959e-05  2.85056e+06
1.77828e-05  3.06167e+06
1.90546e-05  3.26787e+06
2.04174e-05  3.46426e+06
2.16272e-05  3.61592e+06
2.3e-05  3.75993e+06
2.42661e-05  3.86594e+06
2.5704e-05  3.95632e+06
2.69153e-05  4.00783e+06
2.81838e-05  4.03797e+06
2.95121e-05  4.04714e+06
3.0903e-05  4.03332e+06
3.27341e-05  3.98532e+06
3.46737e-05  3.90617e+06
3.67282e-05  3.7982e+06
3.9e-05  3.65981e+06
4.16869e-05  3.48433e+06
4.46684e-05  3.28515e+06
4.8e-05  3.06635e+06
5.188e-05  2.8257e+06
5.55904e-05  2.61017e+06
6e-05  2.37393e+06
6.4e-05  2.17613e+06
6.83912e-05  1.97549e+06
7.3e-05  1.78332e+06
7.8e-05  1.59395e+06
8.31764e-05  1.41977e+06
8.91251e-05  1.24395e+06
9.66051e-05  1.05824e+06
0.000105925  871848
0.000115  728757
0.000126  593023
0.000138038  478485
0.000149624  392825
0.000162181  320453
0.000177828  252147
0.000199526  185270
0.000221309  139285
0.000242661  107331
0.000269154  79463.6
0.0003  57640.5
0.000338844  39888.2
0.000380189  27955.7
0.00042658  19447.6
0.00047863  13431.7
0.00054325  8870.98
0.000616595  5813.14
0.0007  3777.23
0.000794328  2439.16
0.000901571  1562.32
0.00102329  994.043
0.00116145  627.815
0.00131826  393.581
0.00149624  244.868
0.00169824  151.15
0.00190546  96.8042
0.00211349  64.426
0.00237137  40.7014
0.00269154  24.3718
0.00305492  14.4813
0.00350752  8.13665
0.00412097  4.11679
0.00484172  2.07059
0.00568853  1.03407
0.00668344  0.512778
0.00785236  0.252485
0.00922571  0.123481
0.0104713  0.0699509
0.0121619  0.0354511
0.0144544  0.0160542
0.0186209  0.00498478
0.0242661  0.0014551
0.031989  0.000399713
0.0524807  3.92206e-05
0.0699842  1.02435e-05
0.0831764  4.60881e-06
0.0966051  2.32259e-06
0.110918  1.2416e-06
0.125892  7.04391e-07
0.141254  4.23903e-07
0.154882  2.84091e-07
0.171791  1.824e-07
0.190546  1.17984e-07
0.213796  7.33199e-08
0.234423  5.04781e-08
0.254097  3.66503e-08
0.275423  2.67929e-08
0.3  1.9373e-08
0.323594  1.46424e-08
0.350752  1.09471e-08
0.380189  8.24319e-09
0.421696  5.77146e-09
0.451856  4.57873e-09
0.484172  3.65877e-09
0.506991  3.16692e-09
0.54325  2.573e-09
0.582103  2.10483e-09
0.653131  1.51802e-09
0.707946  1.21605e-09
0.767362  9.81409e-10
0.841395  7.74907e-10
0.891251  6.72517e-10
0.944061  5.87273e-10
1  5.1644e-10
1.07152  4.46373e-10
1.13501  3.97348e-10
1.21619  3.48168e-10
1.33352  2.94127e-10
1.47911  2.45095e-10
1.69824  1.93332e-10
1.90546  1.59822e-10
2.13796  1.33174e-10
2.42661  1.09756e-10
2.78612  8.95675e-11
3.19889  7.36505e-11
3.71535  6.00429e-11
4.4157  4.78213e-11
5.188  3.89547e-11
6.45654  2.97804e-11
7.85236  2.35891e-11
9.88553  1.80757e-11
12.5892  1.37693e-11
16.788  1.00369e-11
23.174  7.10139e-12
32.7341  4.93476e-12
54.9541  2.88552e-12
105.925  1.47759e-12
211.349  7.35299e-13
421.697  3.67141e-13
6683.44  2.30873e-14
100000  1.5428e-15
-1  -1
6.63e-06   0.0 
6.63e-06  1.04784e+06
6.85e-06  814986
7e-06  685266
7.1e-06  609692
7.24436e-06  513740
7.35e-06  452056
7.5e-06  375762
7.6e-06  331290
7.73e-06  280130
7.85236e-06  238187
7.96e-06  205722
8.05e-06  181422
8.15e-06  157170
8.24e-06  137602
8.31764e-06  122297
8.42e-06  104161
8.52e-06  88491.2
8.60994e-06  75972
8.68e-06  67170.4
8.74e-06  60247.2
8.81049e-06  52792.1
8.88e-06  46113
8.94e-06  40850.4
9e-06  36025.8
9.07e-06  30916.6
9.12011e-06  27582.7
9.17e-06  24518
9.22571e-06  21380.1
9.28e-06  18595.7
9.33254e-06  16145.4
9.38e-06  14128.3
9.42e-06  12565.6
9.46e-06  11124.1
9.5e-06  9798.5
9.535e-06  8730.24
9.57e-06  7744.62
9.61e-06  6715.26
9.65e-06  5785.84
9.685e-06  5051.22
9.715e-06  4477.98
9.75e-06  3872.9
9.79e-06  3262.28
9.83e-06  2734.66
9.91e-06  1915.05
9.937e-06  1705.8
9.96e-06  1553.19
9.98e-06  1439.18
1e-05  1342.18
1.0015e-05  1280.39
1.0027e-05  1237.56
1.0042e-05  1192.26
1.0055e-05  1160.24
1.007e-05  1131.55
1.0085e-05  1111.56
1.01e-05  1100.12
1.01158e-05  1097.17
1.0127e-05  1100.61
1.0142e-05  1112.41
1.0155e-05  1129.15
1.017e-05  1155.87
1.0185e-05  1190.39
1.02e-05  1232.6
1.0215e-05  1282.37
1.02329e-05  1351.59
1.025e-05  1427.11
1.028e-05  1582.3
1.031e-05  1765.17
1.0405e-05  2516.64
1.044e-05  2855.76
1.048e-05  3281.72
1.052e-05  3747.02
1.056e-05  4249.8
1.06e-05  4788.26
1.0635e-05  5287.52
1.067e-05  5811.84
1.07152e-05  6524.23
1.075e-05  7098.84
1.079e-05  7785.72
1.08393e-05  8668.81
1.088e-05  9428.1
1.094e-05  10591.7
1.1e-05  11805.5
1.107e-05  13279.8
1.112e-05  14368.2
1.117e-05  15483.7
1.123e-05  16855.5
1.131e-05  18735.6
1.138e-05  20423.6
1.146e-05  22395.8
1.154e-05  24408.4
1.165e-05  27231
1.176e-05  30105.6
1.185e-05  32487.8
1.195e-05  35158.8
1.207e-05  38387.4
1.218e-05  41360.2
1.23027e-05  44680.5
1.245e-05  48660.8
1.26e-05  52692.2
1.275e-05  56688.8
1.29e-05  60639
1.31e-05  65818.4
1.33e-05  70880.6
1.35e-05  75811.8
1.372e-05  81071.4
1.4e-05  87500.4
1.43e-05  94044.2
1.46218e-05  100658
1.49624e-05  107200
1.53109e-05  113415
1.57e-05  119800
1.61e-05  125781
1.65959e-05  132428
1.71e-05  138379
1.77e-05  144495
1.83e-05  149663
1.90546e-05  154979
1.98e-05  159115
2.07e-05  162856
2.16272e-05  165530
2.27e-05  167423
2.4e-05  168355
2.54097e-05  168089
2.69153e-05  166764
2.88403e-05  164002
3.0903e-05  160142
3.34965e-05  154526
3.63078e-05  147966
3.9355e-05  140682
4.2658e-05  132872
4.65e-05  124058
5.06991e-05  114938
5.55904e-05  105100
6.0256e-05  96541.6
6.60693e-05  86974.4
7.32824e-05  76716.4
8.12831e-05  67194.1
9.33254e-05  55855.3
0.000109648  44681.6
0.000133352  33824.2
0.000211349  17329.3
0.000242661  14070.9
0.000278612  11334.8
0.00030903  9583.62
0.000363078  7314.63
0.000473151  4649.04
0.000555904  3504.4
0.000630957  2789.89
0.000767361  1943.33
0.000922571  1375.25
0.00109648  986.005
0.00130317  701.426
0.00156675  483.842
0.00186209  339.101
0.00221309  235.819
0.00260016  166.761
0.00309029  114.109
0.00358922  81.4722
0.00416869  57.7391
0.00484172  40.6219
0.00562341  28.3763
0.00660693  19.1351
0.00776247  12.8026
0.00912011  8.49893
0.0107152  5.5983
0.0125892  3.65951
0.0147911  2.37439
0.017378  1.52923
0.0206538  0.947114
0.0245471  0.582172
0.0295121  0.343698
0.0354813  0.201308
0.0431519  0.113152
0.0524807  0.0631357
0.0660693  0.0315082
0.0881049  0.0131005
0.162181  0.00200625
0.206538  0.000960529
0.242661  0.000590996
0.281838  0.000379161
0.323594  0.000253606
0.363078  0.000182616
0.40738  0.000132466
0.451856  9.99314e-05
0.501187  7.59494e-05
0.549541  5.99195e-05
0.60256  4.75925e-05
0.660694  3.80775e-05
0.724436  3.06872e-05
0.794328  2.49152e-05
0.870964  2.03792e-05
0.954993  1.68001e-05
1.05925  1.36397e-05
1.1749  1.1129e-05
1.30317  9.14552e-06
1.44544  7.5702e-06
1.60325  6.31157e-06
1.77828  5.29911e-06
1.99526  4.3974e-06
2.26464  3.61077e-06
2.60016  2.93489e-06
3  2.3873e-06
3.46737  1.95286e-06
4.0738  1.57396e-06
4.7863  1.27747e-06
5.68853  1.02967e-06
7.07946  7.89843e-07
8.81049  6.11164e-07
11.3501  4.57964e-07
15  3.362e-07
20.6538  2.3784e-07
30.903  1.55264e-07
53.0884  8.8572e-08
100  4.6409e-08
199.526  2.30841e-08
398.107  1.15227e-08
6309.57  7.2452e-10
100000  4.5707e-11
-1  -1
-2   0.0 
-2  -2
