% -----------------------------------------------------------------------
%   Program Name: pe-ss-cs-95.dat 
%   Author: the Geant4 Collaboration
%   Organization: the Geant4 Collaboration
%   Version: unknown
%   Date: circa 2006
%   Class: Public
%   Copyright (c) Copyright Holders of the Geant4 Collaboration, 1994-2006.
%   See http://cern.ch/geant4/license for details on the copyright holders.
%   All rights not expressly granted under this license are reserved.
% -----------------------------------------------------------------------
0.12557   0.0 
0.12557  1240.34
0.127  1207.92
0.1275  1194.81
0.1283  1178.9
0.1297  1144.95
0.132  1100.28
0.135  1037.4
0.142889  904.471
0.158489  696.477
0.18  507.304
0.201837  380.199
0.254097  213.579
0.300006  141.586
0.354813  94.1418
0.40738  67.7229
0.467735  49.1205
0.537032  35.8952
0.609537  27.1166
0.699842  20.1478
0.803526  15.0839
0.944061  10.8514
1.07152  8.44541
1.25  6.26004
1.41254  4.97539
1.58489  4.03407
1.79887  3.22688
2.06538  2.54857
2.34423  2.06719
2.69154  1.65751
3.12608  1.31516
3.63078  1.05127
4.21697  0.846563
4.9545  0.675613
5.88844  0.534636
7  0.42616
8.51138  0.33248
10.3514  0.261294
13.0317  0.19853
16.0325  0.156117
20.4174  0.118721
26.6073  0.088576
36.7282  0.0625249
54.325  0.0413328
86.0994  0.0256202
156.675  0.0138863
309.029  0.00698158
616.595  0.00348361
4897.79  0.000436938
100000  2.1392e-05
-1  -1
0.023827   0.0 
0.023827  4212.17
0.0242  4086.93
0.0248313  3913.41
0.0253  3799.86
0.0260016  3612.97
0.027227  3350.34
0.0278612  3216.21
0.0298538  2833.1
0.0331131  2354.47
0.0367282  1935.63
0.0457088  1257.25
0.0506991  1016.2
0.0582103  761.75
0.069282  523.302
0.0785236  396.78
0.0901571  290.841
0.107152  195.678
0.128825  127.212
0.162181  73.6603
0.27108  21.5304
0.338844  12.7152
0.40738  8.29115
0.47863  5.745
0.555904  4.11959
0.645654  2.97597
0.749894  2.16644
0.860994  1.62831
0.977237  1.26239
1.20226  0.841495
1.34896  0.675982
1.53109  0.535219
1.7378  0.427252
1.99526  0.33681
2.26464  0.272689
2.60016  0.218225
3  0.1746
3.46737  0.140283
4.02717  0.112708
4.73151  0.089757
5.62341  0.0708832
6.68344  0.056407
8.03526  0.044553
9.77237  0.0349344
12.1619  0.0268517
15.1356  0.0207884
19.4984  0.0155825
26.0016  0.0113212
36.3078  0.00789057
53.7032  0.0052149
84.1395  0.00327041
151.356  0.00179298
295.121  0.000911657
588.844  0.000454817
4677.35  5.70351e-05
100000  2.6666e-06
-1  -1
0.023062   0.0 
0.023062  8843.54
0.02318  8742
0.02335  8620.1
0.0236  8419.3
0.0243  7857.7
0.0251189  7244.4
0.0263027  6488.8
0.0323594  3860.9
0.0354813  3045.3
0.044  1728.9
0.055  946.55
0.0691831  503.48
0.0870964  264.87
0.177828  35.496
0.223872  18.684
0.263027  11.9977
0.30903  7.75628
0.358922  5.21097
0.412098  3.63619
0.467735  2.63296
0.524807  1.97618
0.588844  1.49331
0.660694  1.13648
0.767362  0.80466
0.841395  0.654744
0.922571  0.536656
1  0.454087
1.13501  0.352893
1.25893  0.288966
1.41254  0.233295
1.64059  0.178166
1.88365  0.139971
2.13796  0.112967
2.42661  0.0918103
2.78612  0.0737696
3.27341  0.0576328
3.80189  0.0461741
4.4157  0.0372648
5.188  0.0298008
6.16595  0.0236313
7.32824  0.0188775
8.91251  0.0147507
10.7152  0.0117755
13.4896  0.00895681
16.9824  0.00686747
22.1309  0.00509845
27.5423  0.00400903
37.1535  0.00290186
54.9541  0.00191878
86.0994  0.00120381
158.489  0.00064486
316.228  0.000320505
630.957  0.000159941
5011.87  2.00623e-05
100000  1.0051e-06
-1  -1
0.018527   0.0 
0.018527  21586.9
0.0189  20559.2
0.0197  18382.4
0.0258  8660.28
0.0281838  6730.38
0.0350752  3559.53
0.044157  1792.82
0.0555904  891.422
0.0691831  454.443
0.0891251  206.484
0.162181  31.5625
0.201837  15.9882
0.24  9.39372
0.285102  5.59021
0.327341  3.71411
0.371535  2.57175
0.416869  1.85366
0.467735  1.3456
0.524807  0.984339
0.582103  0.748122
0.645654  0.572783
0.716143  0.441731
0.870964  0.274581
0.933254  0.233833
0.988553  0.205744
1.05925  0.177854
1.14815  0.151289
1.25  0.128564
1.38038  0.107164
1.7378  0.0711499
1.97242  0.0571489
2.23872  0.0462364
2.5704  0.0369784
2.95121  0.029793
3.42768  0.023746
4  0.018938
4.67735  0.0151769
5.55904  0.0119791
6.60693  0.00952781
7.94328  0.00752198
9.66051  0.00589541
12.0226  0.00452944
15  0.0034951
19.4984  0.00259289
26.0016  0.00188377
36.7282  0.00129691
53.7032  0.000867737
84.1395  0.000544185
151.356  0.000298342
295.121  0.000151697
588.844  7.56799e-05
4677.35  9.49046e-06
100000  4.4371e-07
-1  -1
0.0061021   0.0 
0.0061021  10637.5
0.00629  10202.8
0.00645  9897.42
0.00660693  9584.27
0.00685  9173.46
0.0075  8086.08
0.00785236  7611.31
0.00831764  7017.06
0.0101158  5221.59
0.0109648  4586.48
0.0131826  3385.19
0.0146218  2828.61
0.0169824  2169.89
0.0195  1682.42
0.0218776  1355.71
0.0260016  970.823
0.0309029  688.312
0.0363078  495.105
0.042658  353.399
0.0501187  250.36
0.06  168.946
0.0716143  113.803
0.0860994  74.8277
0.103514  48.8278
0.12735  29.9869
0.165959  15.949
0.263027  5.29081
0.323594  3.23993
0.389045  2.10961
0.462381  1.42137
0.530884  1.04328
0.616595  0.751937
0.716143  0.546087
0.831764  0.399654
0.944061  0.308909
1.12202  0.219802
1.2735  0.172092
1.44544  0.135797
1.62181  0.110247
1.84077  0.0882948
2.11349  0.0698202
2.39883  0.0566997
2.75423  0.0455161
3.19889  0.0361545
3.71535  0.028933
4.31519  0.0233249
5.06991  0.0186342
6.0256  0.0147613
7.16143  0.0117808
8.70964  0.00919679
10.5925  0.00723429
13.3352  0.00550067
16.5959  0.00427185
21.3796  0.00321016
27.227  0.00245944
37.1535  0.00175823
54.325  0.00117667
86.0994  0.000729358
156.675  0.000395324
312.608  0.000196453
623.735  9.80346e-05
4954.5  1.2296e-05
100000  6.0898e-07
-1  -1
0.0057416   0.0 
0.0057416  17072.4
0.005825  16774.8
0.00609537  16056.4
0.0064  15220.4
0.00724436  13067.9
0.00767361  12060.1
0.00822243  10906.9
0.00912011  9318.08
0.0099  8177.16
0.0102329  7742.28
0.0120226  5844.22
0.0128825  5143.18
0.015  3841.16
0.0162181  3286.5
0.0188365  2412.78
0.0206538  1981.33
0.0237137  1463.24
0.027227  1069.53
0.0301995  840.774
0.0346737  605.684
0.0402717  420.811
0.0473151  281.675
0.0555904  186.947
0.0653131  123.134
0.0776247  78.1573
0.0954993  44.9322
0.124452  21.9502
0.2  6.0319
0.260016  2.97903
0.312608  1.82745
0.367282  1.20053
0.421696  0.843207
0.484172  0.596636
0.549541  0.437727
0.616595  0.332601
0.691831  0.254567
0.776247  0.19624
0.870964  0.152123
0.944061  0.128036
1.02329  0.10851
1.14815  0.0863558
1.2735  0.0707673
1.42889  0.0571723
1.65959  0.0436844
1.90546  0.0343378
2.16272  0.0277302
2.48313  0.0221351
2.85102  0.0178027
3.31131  0.0141661
3.84592  0.0113563
4.46684  0.00916997
5.30884  0.00722263
6.30957  0.00573315
7.58578  0.0045175
9.22571  0.00353447
11.2202  0.00278644
14.1254  0.00212265
18.6209  0.00154701
25.1189  0.00110834
35.4813  0.000762343
51.88  0.000509722
81.2831  0.000319467
141.254  0.000181331
272.27  9.32121e-05
543.25  4.64902e-05
4315.19  5.82785e-06
100000  2.5136e-07
-1  -1
0.0046855   0.0 
0.0046855  66144
0.0049545  60606.6
0.00524807  55041.2
0.0060256  43156.8
0.0068  34342.3
0.0078  26289.4
0.00831764  23112
0.0098  16454.1
0.0105925  13904.6
0.0125892  9474.63
0.0138038  7662.61
0.0158489  5538.35
0.018  4067.68
0.0201837  3063.92
0.0231739  2158.3
0.0266072  1507.39
0.0301995  1077.18
0.0342768  764.876
0.039355  522.801
0.0451856  354.912
0.0524807  231.612
0.0609537  150.131
0.0716143  93.495
0.0860994  54.014
0.107152  27.9336
0.194985  4.52498
0.245471  2.26662
0.288403  1.40661
0.331131  0.940752
0.375837  0.654892
0.42658  0.459217
0.47863  0.33491
0.537032  0.24603
0.6  0.184164
0.668344  0.14002
0.74131  0.108374
0.870964  0.0734613
0.933254  0.0625918
0.988553  0.0550899
1.05925  0.0476321
1.14815  0.0405203
1.25  0.0344318
1.38038  0.0286971
1.7378  0.0190509
1.99526  0.0150047
2.26464  0.012146
2.60016  0.00971969
3  0.007777
3.46737  0.00624872
4.02717  0.00502058
4.73151  0.00399812
5.62341  0.0031574
6.68344  0.00251259
8.03526  0.00198455
9.77237  0.00155605
12.3027  0.00117982
15.1356  0.000925983
19.4984  0.000694119
26.0016  0.000504276
36.3078  0.000351472
53.7032  0.000232293
85.1138  0.000143954
151.356  7.98663e-05
295.121  4.06077e-05
588.844  2.02595e-05
4677.35  2.54054e-06
100000  1.1878e-07
-1  -1
0.0041036   0.0 
0.0041036  161010
0.00437  138943
0.00446684  131735
0.00484172  106631
0.00524807  85600.1
0.0060256  58122.9
0.00668344  43209.8
0.00715  35535.6
0.008  25488.7
0.00860994  20405.2
0.0103514  11568.8
0.0123027  6691.77
0.0135  4960.96
0.0160325  2822.82
0.0190546  1582.84
0.0221309  950.024
0.0254097  589.029
0.0295121  348.559
0.0346737  196.694
0.0412098  105.762
0.0501187  51.9739
0.0638264  21.4113
0.12735  1.6704
0.154882  0.816186
0.184077  0.437066
0.216272  0.245766
0.248313  0.151047
0.281838  0.0973259
0.319889  0.0631782
0.358922  0.0429643
0.402717  0.0294406
0.446684  0.0211002
0.49545  0.0152315
0.54325  0.0114702
0.595662  0.00869821
0.645654  0.00688393
0.707946  0.00530937
0.803526  0.00375507
0.860994  0.00310243
0.912011  0.00266182
0.954993  0.00236728
1  0.00211749
1.04713  0.00190674
1.09648  0.00172814
1.16145  0.00153996
1.23027  0.00138157
1.33352  0.00119459
1.53109  0.000940486
1.84077  0.000679462
2.06538  0.000557973
2.34423  0.000452601
2.69154  0.000362937
3.12608  0.000288
3.63078  0.000230212
4.21697  0.000185385
4.9545  0.000147949
5.88844  0.000117078
7  9.3323e-05
8.51138  7.28075e-05
10.3514  5.72186e-05
13.0317  4.34742e-05
16.0325  3.41855e-05
20.4174  2.59976e-05
26.6073  1.93966e-05
36.7282  1.36915e-05
54.325  9.0513e-06
86.0994  5.61046e-06
156.675  3.0409e-06
305.492  1.54674e-06
609.537  7.71738e-07
4841.72  9.67899e-08
100000  4.6845e-09
-1  -1
0.0038925   0.0 
0.0038925  269317
0.003924  263132
0.00406  232667
0.00415  218500
0.00462381  163251
0.00506991  126176
0.00568853  90782
0.00653131  60682.7
0.00732824  42979.5
0.00812831  31285.4
0.00988553  16908
0.0109648  12102.8
0.0125892  7706.23
0.0146218  4674.54
0.0165  3100.44
0.0188365  1963.78
0.0218776  1161.96
0.0254097  681.756
0.0298538  380.62
0.0350752  210.785
0.0416869  111.012
0.0501187  55.6019
0.0630957  23.2054
0.123027  1.80849
0.147911  0.900499
0.171791  0.514553
0.197242  0.309038
0.223872  0.194897
0.251189  0.129007
0.281838  0.0860084
0.312608  0.0601319
0.346737  0.042348
0.384592  0.0300558
0.421696  0.0223166
0.462381  0.0166861
0.506991  0.0125664
0.555904  0.00953483
0.60256  0.00753931
0.653131  0.00601028
0.716143  0.0046739
0.794328  0.003551
0.870964  0.00277316
0.922571  0.00239189
0.966051  0.002137
1.01158  0.00192114
1.07152  0.00169538
1.13501  0.00150685
1.21619  0.00131835
1.31826  0.00113731
1.54882  0.000857726
1.84077  0.000632408
2.06538  0.000519395
2.34423  0.000421298
2.69154  0.000337791
3.12608  0.000268008
3.63078  0.00021423
4.21697  0.000172516
4.9545  0.000137681
5.88844  0.000108947
7  8.6845e-05
8.51138  6.77545e-05
10.3514  5.32468e-05
13.0317  4.04569e-05
16.0325  3.1813e-05
20.4174  2.41927e-05
26.6073  1.80506e-05
36.7282  1.27421e-05
54.325  8.42295e-06
86.0994  5.22103e-06
156.675  2.8298e-06
312.608  1.40628e-06
623.735  7.01747e-07
4954.5  8.80196e-08
100000  4.3593e-09
-1  -1
0.0015952   0.0 
0.0015952  23619.2
0.0017  22070.5
0.0017378  21528.7
0.00182  20529.4
0.00192753  19414.7
0.00204174  18203.3
0.00237137  15295.9
0.00275423  12742.3
0.00295121  11638.6
0.00365  8683.72
0.0040738  7397.55
0.0047863  5806.41
0.00568853  4426.72
0.00638264  3673.63
0.0075  2808.78
0.00901571  2047.23
0.0108393  1476.92
0.013  1060.24
0.0154882  763.918
0.018197  561.046
0.0215  404.862
0.025704  283.312
0.0305492  199.076
0.0363078  138.856
0.0431519  96.1353
0.0512861  66.0749
0.0616595  43.9397
0.074131  29.0017
0.0870964  20.0353
0.108393  12.0279
0.141254  6.42802
0.211349  2.44629
0.281838  1.2301
0.342768  0.775819
0.412098  0.506366
0.484172  0.35108
0.555904  0.258284
0.645654  0.186567
0.749894  0.135802
0.870964  0.0995976
0.977237  0.078973
1.1885  0.0538154
1.33352  0.0432037
1.51356  0.0341847
1.71791  0.0272717
1.97242  0.0214833
2.23872  0.0173804
2.5704  0.0138997
2.95121  0.0111986
3.42768  0.0089257
4  0.0071185
4.67735  0.00570452
5.55904  0.00450263
6.60693  0.00358133
7.94328  0.00282729
9.66051  0.002216
12.0226  0.00170248
15  0.0013138
19.2752  0.000987304
25.704  0.000717056
36.3078  0.000493513
53.0884  0.000330132
83.1764  0.00020699
147.911  0.000114797
288.403  5.83591e-05
575.44  2.91122e-05
4570.88  3.65039e-06
100000  1.6678e-07
-1  -1
0.0014282   0.0 
0.0014282  20238.4
0.0017378  19374.6
0.00188365  18779.7
0.00204174  18028.2
0.00221309  17179.3
0.00235  16483.7
0.00260016  15212.6
0.00278612  14284.6
0.00315  12626.6
0.0034  11628.9
0.00367282  10619.9
0.00415  9116.56
0.00451856  8142.73
0.00506991  6923.49
0.00555904  6047.85
0.00623735  5059.88
0.00691831  4283.31
0.00785236  3461.66
0.00870964  2888.68
0.00988553  2297.85
0.0113501  1772.71
0.0128825  1385.71
0.0145  1093.27
0.0164059  847.748
0.0186209  648.441
0.0211349  492.485
0.024  371.104
0.0275423  271.103
0.0316228  196.356
0.0367282  137.363
0.0421697  98.0764
0.0489779  67.5866
0.057544  44.921
0.0683912  28.7664
0.0831764  17.2143
0.103514  9.6173
0.221309  1.23689
0.27227  0.710943
0.323594  0.451248
0.375837  0.306427
0.431519  0.215833
0.49545  0.153141
0.562341  0.112622
0.638263  0.0834572
0.724436  0.0623471
0.803526  0.0493461
0.881049  0.04035
0.954993  0.0340405
1.04713  0.0282428
1.1885  0.0220156
1.30317  0.0184738
1.47911  0.0146321
1.69824  0.0114282
1.94985  0.00899454
2.2131  0.00727248
2.54097  0.00581235
2.91743  0.00467999
3.38844  0.003728
3.9355  0.00299186
4.62381  0.00237987
5.49541  0.00187749
6.53131  0.00149259
7.85236  0.00117781
9.54993  0.000922719
11.749  0.000718387
14.7911  0.000548168
19.2752  0.000405351
25.704  0.000294388
36.3078  0.000202618
53.0884  0.000135535
84.1395  8.39784e-05
150  4.6465e-05
288.403  2.39596e-05
575.44  1.19525e-05
4570.88  1.49869e-06
100000  6.8473e-08
-1  -1
0.001147   0.0 
0.001147  148480
0.00130317  128906
0.00144544  114709
0.0016788  95580.9
0.0018197  86199.3
0.00201837  74808.7
0.00216272  67818.9
0.00260016  51482.7
0.00285102  44538.6
0.00334965  34184.5
0.00367282  29208.4
0.0042658  22435.7
0.00484172  17783.2
0.0054325  14313.1
0.00630957  10690.3
0.00716143  8281.47
0.00803526  6527.18
0.00922571  4866.72
0.0105925  3597.58
0.0123027  2568.73
0.0142889  1816.16
0.0165  1289.64
0.0188365  933.796
0.0215  671.524
0.0242661  493.566
0.0278612  344.837
0.0323594  231.836
0.0371535  159.504
0.0431519  105.593
0.0501187  69.353
0.0588844  43.7572
0.07  26.4861
0.0841395  15.3907
0.105925  7.73563
0.136458  3.60344
0.194985  1.22415
0.239883  0.658298
0.28517  0.395151
0.331131  0.256057
0.380189  0.172716
0.431519  0.121269
0.484172  0.0885406
0.54325  0.0651125
0.60256  0.0497074
0.668344  0.0382206
0.74131  0.0295868
0.870964  0.0200542
0.933254  0.0170855
0.988553  0.0150366
1.05925  0.0130002
1.14815  0.011059
1.25  0.00939752
1.38038  0.0078325
1.7378  0.00519957
1.97242  0.00417637
2.23872  0.00337882
2.5704  0.00270215
2.95121  0.00217696
3.42768  0.00173511
4  0.0013838
4.67735  0.00110896
5.55904  0.000875307
6.60693  0.000696195
7.94328  0.000549626
9.66051  0.000430778
12.0226  0.000330958
15  0.00025539
19.4984  0.000189469
26.0016  0.000137651
36.7282  9.47648e-05
54.325  6.26447e-05
86.0994  3.88308e-05
156.675  2.10466e-05
305.492  1.07053e-05
609.537  5.34132e-06
4841.72  6.69901e-07
100000  3.2422e-08
-1  -1
0.0008779   0.0 
0.0008779  187302
0.00096  203085
0.001  207100
0.00101158  207306
0.0010508  205707
0.00109648  202676
0.00115  198164
0.00121  192156
0.0012735  185144
0.00135  176393
0.00142889  167102
0.00153  155300
0.00165  141968
0.0017378  132814
0.00190546  116728
0.00204174  105296
0.00218776  94213.3
0.00242661  78985.1
0.00260016  69823.4
0.00281838  60006.4
0.00312608  48998.2
0.00338844  41553.1
0.00375837  33329.8
0.0040738  27915.7
0.00451856  22037.1
0.0049545  17744.4
0.00555904  13405.4
0.00609537  10637.5
0.0068  8022.4
0.00758578  5999.94
0.00831764  4670.31
0.00933254  3389.16
0.0104713  2439.41
0.011749  1742.06
0.0130317  1278.42
0.0145  923.76
0.0162181  652.752
0.018197  453.75
0.0204174  313.423
0.0231739  207.175
0.0266072  130.851
0.0305492  81.9924
0.0354813  49.032
0.0412098  29.1054
0.0489779  15.8156
0.0595662  7.85574
0.0749894  3.41875
0.146218  0.301984
0.175792  0.155764
0.201837  0.0953747
0.245471  0.0480551
0.281838  0.0298393
0.316228  0.0201924
0.354813  0.0137559
0.398107  0.0094387
0.44157  0.00676442
0.489779  0.00488316
0.537032  0.00368076
0.582103  0.0028936
0.638263  0.0022133
0.758578  0.00134869
0.812831  0.00111252
0.860994  0.000953193
0.912011  0.000822189
0.954993  0.00073466
1  0.000660272
1.05925  0.000582492
1.12202  0.000517338
1.20226  0.000452064
1.30317  0.000389372
1.84077  0.000211742
2.06538  0.000173903
2.34423  0.000141049
2.69154  0.000113087
3.12608  8.97222e-05
3.63078  7.1719e-05
4.21697  5.77531e-05
4.9545  4.609e-05
5.88844  3.64735e-05
7  2.9073e-05
8.51138  2.26817e-05
10.3514  1.78252e-05
13.0317  1.35441e-05
16.0325  1.06502e-05
20.4174  8.09911e-06
26.6073  6.04267e-06
36.7282  4.26555e-06
54.325  2.81973e-06
86.0994  1.74785e-06
156.675  9.47344e-07
309.029  4.76292e-07
616.595  2.37657e-07
4897.79  2.98078e-08
100000  1.4594e-09
-1  -1
0.00082668   0.0 
0.00082668  339262
0.000873  352626
0.000895  357731
0.00091  359467
0.000943  358554
0.001  350701
0.00105925  340208
0.0011171  328356
0.0011749  315818
0.00125  298976
0.00133352  280158
0.00142  261081
0.0015  244226
0.00160325  223792
0.00171791  202832
0.00186209  179773
0.00197242  163963
0.00213796  142930
0.00235  120811
0.00251189  106694
0.00275423  89112
0.00301995  73924.8
0.00331131  60815.6
0.00365  49112
0.00402717  39249.1
0.0044157  31603.3
0.00489779  24565.2
0.00537032  19505.9
0.00595662  14936.9
0.00660693  11349.9
0.00732824  8562.86
0.00822243  6209.06
0.0093  4360.75
0.0104713  3074.97
0.0116145  2250.47
0.012735  1696.4
0.0141254  1227.33
0.0158489  850.588
0.0177828  585.332
0.0197242  415.776
0.0221309  282.553
0.0248313  190.877
0.0281838  123.129
0.0323594  75.7438
0.0371535  46.2542
0.0431519  26.9104
0.0506991  14.9062
0.0609537  7.52934
0.0758578  3.31936
0.133352  0.397296
0.156675  0.217866
0.184077  0.120344
0.204174  0.0825686
0.248313  0.0411174
0.269153  0.0309423
0.305492  0.0199648
0.338844  0.0140344
0.371535  0.0103252
0.402717  0.00793824
0.44157  0.00592394
0.484172  0.0044532
0.530884  0.00337137
0.582103  0.00257126
0.630957  0.00204167
0.683912  0.0016323
0.749894  0.00127384
0.822243  0.00100174
0.901571  0.000789948
0.954993  0.000685331
1  0.000615579
1.05925  0.000542851
1.12202  0.00048204
1.20226  0.000421208
1.30317  0.00036285
1.84077  0.000197443
2.06538  0.000162131
2.34423  0.000131487
2.69154  0.000105429
3.12608  8.36561e-05
3.63078  6.68695e-05
4.21697  5.3848e-05
4.9545  4.29741e-05
5.88844  3.40067e-05
7  2.7107e-05
8.51138  2.11483e-05
10.3514  1.66202e-05
13.0317  1.26278e-05
16.0325  9.92991e-06
20.4174  7.55151e-06
26.6073  5.63413e-06
36.7282  3.9771e-06
53.7032  2.66101e-06
85.1138  1.64912e-06
154.882  8.93704e-07
301.995  4.54521e-07
602.56  2.26768e-07
4786.3  2.84404e-08
100000  1.3607e-09
-1  -1
0.00047103   0.0 
0.00047103  67462.2
0.0004713  66128.4
0.0004719  64174.2
0.0004725  62600.4
0.000473151  61237.7
0.000474  59891.2
0.000475  58757.9
0.0004765  57671.9
0.000478  57033.7
0.00048  56607.7
0.0004827  56424.5
0.00048523  56522.7
0.000487  56772.7
0.000489  57317.2
0.000491  58230
0.0004925  59221
0.000494  60528
0.0004955  62197.8
0.000497  64281.6
0.0004985  66825
0.0005  69875.4
0.0005015  73483.2
0.000503  77700
0.0005045  82587.6
0.000506  88191.6
0.000508  96885.6
0.00051  107091
0.000512861  124581
0.00052202  206140
0.0005253  245111
0.000528  280856
0.000531  324127
0.00053394  369877
0.000537032  421218
0.00054  473247
0.000543  528261
0.000545  566026
0.000548  624162
0.000551  683472
0.000554  743454
0.000557  803472
0.00056  862908
0.0005635  930702
0.000567  996030
0.0005705  1.05824e+06
0.000574  1.11687e+06
0.000578  1.17917e+06
0.000582103  1.23787e+06
0.000585  1.2761e+06
0.00059  1.33619e+06
0.000595662  1.39595e+06
0.0006  1.43594e+06
0.000605  1.47626e+06
0.00061  1.51072e+06
0.000616595  1.54772e+06
0.000624  1.5792e+06
0.000632  1.60246e+06
0.000643  1.62076e+06
0.000655  1.62762e+06
0.000668344  1.62418e+06
0.000685  1.60756e+06
0.0007  1.58366e+06
0.000724436  1.53426e+06
0.00075  1.47484e+06
0.00078  1.40063e+06
0.000812831  1.31815e+06
0.000851138  1.22386e+06
0.000891251  1.12984e+06
0.000944061  1.01448e+06
0.001  904854
0.00107152  781900
0.00113501  687445
0.00123027  568812
0.00131826  480801
0.00141254  403322
0.00154882  316292
0.0016788  254055
0.00184077  195912
0.00201837  150129
0.00221309  114089
0.00245  83689.2
0.0027227  60116.6
0.003  44063.9
0.00334965  30690.2
0.00367282  22537.3
0.0040738  15819.2
0.00457088  10584.6
0.00506991  7319.5
0.00562341  5029.46
0.00630957  3289.87
0.00707946  2135.3
0.00803526  1315.79
0.00901571  840.806
0.0101158  533.49
0.0113501  336.184
0.012735  210.511
0.0142889  131.016
0.0162181  77.2623
0.0186209  43.0977
0.0213796  23.8607
0.0248313  12.478
0.0291743  6.15979
0.0346737  2.86897
0.042658  1.13779
0.0595662  0.253755
0.0803526  0.0659564
0.11749  0.0121323
0.139637  0.00565907
0.160325  0.00309587
0.18197  0.00179357
0.206538  0.00104798
0.231739  0.000647579
0.263027  0.000384322
0.291743  0.000252331
0.323594  0.000166877
0.354813  0.000116346
0.389045  8.17775e-05
0.42658  5.78733e-05
0.47863  3.78864e-05
0.5188  2.83178e-05
0.562341  2.1307e-05
0.60256  1.67988e-05
0.645654  1.33291e-05
0.691831  1.0649e-05
0.732824  8.88572e-06
0.785236  7.20643e-06
0.912011  4.64488e-06
0.954993  4.08777e-06
0.988553  3.73423e-06
1.02329  3.43055e-06
1.05925  3.16756e-06
1.10918  2.86746e-06
1.16145  2.61325e-06
1.23027  2.34479e-06
1.31826  2.07389e-06
1.51356  1.64442e-06
1.90546  1.09619e-06
2.13796  9.0182e-07
2.45471  7.19325e-07
2.81838  5.78154e-07
3.27341  4.59776e-07
3.80189  3.68367e-07
4.4157  2.97292e-07
5.24808  2.34039e-07
6.23735  1.8568e-07
7.49894  1.46232e-07
9.12011  1.14366e-07
11  9.1024e-08
13.9637  6.86246e-08
18.197  5.06485e-08
24.2661  3.67295e-08
34.2768  2.52361e-08
49.545  1.70663e-08
75.8578  1.09452e-08
128.825  6.35388e-09
254.097  3.18812e-09
506.991  1.58965e-09
4027.17  1.99206e-10
100000  8.0183e-12
-1  -1
0.00045717   0.0 
0.00045717  103513
0.00045725  101818
0.0004576  98401.6
0.00045795  95491.2
0.0004585  91780.8
0.0004591  88600
0.0004596  86469.6
0.0004603  84098.4
0.0004611  82012.8
0.0004619  80448
0.000463  78890.7
0.0004641  77800.7
0.0004653  76983
0.0004668  76340.2
0.000469  75908.6
0.0004713  75929.8
0.0004735  76388.4
0.0004757  77382.4
0.0004772  78448.9
0.000479  80244.8
0.0004807  82548
0.0004823  85343.2
0.000484  89069.6
0.000485  91664
0.00048664  96626.1
0.000488  101468
0.000489779  108887
0.0004915  117351
0.0004935  128938
0.0004958  144815
0.000498  162798
0.000501187  194133
0.000508  283639
0.000511  332854
0.0005135  378210
0.000516  427230
0.000519  490558
0.000522  558310
0.000524808  625267
0.000528  705136
0.000531  783224
0.00053394  862020
0.000537032  946602
0.00054  1.02866e+06
0.00054325  1.11856e+06
0.0005465  1.20738e+06
0.00055  1.30065e+06
0.000553  1.37776e+06
0.000556  1.45166e+06
0.000559  1.52194e+06
0.0005635  1.6201e+06
0.000567  1.69021e+06
0.000572  1.78116e+06
0.000576  1.84642e+06
0.0005815  1.92591e+06
0.000585  1.97079e+06
0.00059  2.0274e+06
0.000595662  2.08167e+06
0.000603  2.13742e+06
0.00061  2.17669e+06
0.000618  2.2075e+06
0.00062825  2.2295e+06
0.000639  2.2373e+06
0.000653131  2.23115e+06
0.00067  2.20574e+06
0.000685  2.17042e+06
0.000708  2.10292e+06
0.000732825  2.02041e+06
0.00076424  1.90917e+06
0.0008  1.7817e+06
0.000841395  1.63846e+06
0.000885  1.49674e+06
0.000935  1.34652e+06
0.000988553  1.20279e+06
0.00107152  1.01091e+06
0.00113501  886320
0.00123027  730522
0.00133352  597921
0.00142889  499776
0.00157  388008
0.00169824  312092
0.00186209  239830
0.00204174  182980
0.00223872  138600
0.0024573  103950
0.0027227  75157.3
0.00301995  53725.5
0.00334965  38117.3
0.00371535  26837.1
0.00412097  18755
0.00457088  13017.7
0.00512861  8605.55
0.00582103  5406.98
0.00660693  3364.37
0.0075  2072.89
0.00851138  1266.78
0.00954993  802.959
0.0107152  505.366
0.012  318.342
0.0133352  205.836
0.015  125.836
0.0171791  70.7976
0.0197242  39.1012
0.0226464  21.4267
0.0263027  11.081
0.0309029  5.40454
0.0367282  2.48504
0.0451856  0.970121
0.081283  0.066185
0.11885  0.0117991
0.138038  0.00602176
0.154882  0.00361335
0.17378  0.00218512
0.194985  0.00132612
0.213796  0.000895135
0.237137  0.000579569
0.260016  0.00039646
0.285102  0.00027296
0.312608  0.000189218
0.342768  0.000132111
0.371535  9.70896e-05
0.40738  6.87793e-05
0.446684  4.90944e-05
0.49545  3.37788e-05
0.524807  2.75908e-05
0.555904  2.26732e-05
0.57544  2.02346e-05
0.609537  1.68729e-05
0.668344  1.27318e-05
0.749894  8.88857e-06
0.803526  7.20644e-06
0.851138  6.08705e-06
0.901571  5.17935e-06
0.944061  4.5811e-06
0.988553  4.0792e-06
1.03514  3.65983e-06
1.08393  3.30811e-06
1.13501  3.00933e-06
1.20226  2.69316e-06
1.30317  2.32609e-06
1.42889  1.983e-06
1.51356  1.79797e-06
1.86209  1.24744e-06
2.0893  1.02472e-06
2.37137  8.31534e-07
2.7227  6.67172e-07
3.16228  5.2971e-07
3.67282  4.23664e-07
4.26579  3.41352e-07
5.01187  2.7256e-07
5.95662  2.15801e-07
7.07946  1.72147e-07
8.60994  1.34333e-07
10.4713  1.05615e-07
13.1826  8.02761e-08
16.4059  6.23207e-08
20.893  4.74227e-08
26.9154  3.58548e-08
37.1535  2.53147e-08
54.9541  1.6738e-08
86.0994  1.0501e-08
156.675  5.69172e-09
312.608  2.82852e-09
623.735  1.41142e-09
4954.5  1.77032e-10
100000  8.7679e-12
-1  -1
0.00036244   0.0 
0.00036244  46834.5
0.0005188  35238.9
0.000555904  33117.7
0.00067  27762.2
0.00073  25410.2
0.000851138  21439.4
0.000933254  19253
0.00107  16248.5
0.00120226  13977.4
0.00141254  11236.9
0.00161  9346.46
0.0019  7347.58
0.00226464  5649.33
0.00275423  4178.32
0.00334965  3067.56
0.00412097  2193.37
0.00501187  1585.22
0.0060256  1159.18
0.00724436  841.379
0.00870964  606.145
0.0104713  433.501
0.0125892  307.782
0.0151356  216.914
0.018197  151.743
0.0218776  105.354
0.0263027  72.5878
0.0316228  49.6221
0.0380189  33.6544
0.0457088  22.6464
0.054325  15.5091
0.0653131  10.2791
0.0794328  6.58737
0.0977237  4.07698
0.121619  2.43709
0.160325  1.26125
0.27227  0.355056
0.338844  0.211767
0.402717  0.141781
0.473151  0.0982568
0.549541  0.0703784
0.630957  0.0520679
0.732824  0.0378606
0.860994  0.0270911
0.977237  0.0209793
1.1885  0.0142958
1.33352  0.0114768
1.51356  0.00908098
1.71791  0.00724441
1.97242  0.00570688
2.23872  0.00461715
2.5704  0.00369247
2.95121  0.00297481
3.42768  0.00237105
4  0.001891
4.67735  0.00151539
5.55904  0.00119612
6.60693  0.000951365
7.94328  0.000751068
9.66051  0.000588664
12.0226  0.000452266
15  0.00034899
19.4984  0.000258908
26.0016  0.000188097
36.7282  0.000129504
54.325  8.56053e-05
86.0994  5.30624e-05
156.675  2.87599e-05
309.029  1.44601e-05
616.595  7.21505e-06
4897.79  9.04943e-07
100000  4.4305e-08
-1  -1
0.00029506   0.0 
0.00029506  155595
0.0002962  148957
0.0002969  145545
0.000298  141160
0.0002995  136599
0.00030096  133149
0.000303  129354
0.0003065  124164
0.000318  109991
0.000335  91684.2
0.000358922  73000.8
0.000378  62531.2
0.000402717  52085.6
0.000421697  45884.4
0.000436516  41947.9
0.000451856  38562.9
0.00047009  35263.5
0.000489779  32365.3
0.000515  29374.2
0.00054  26990.8
0.000565  25051.8
0.00059  23467.2
0.00062  21925.8
0.000653131  20552.7
0.0007  18999.1
0.000758578  17475.5
0.000841395  15829
0.0011749  11683.2
0.00135  10220.1
0.00153109  8992.9
0.00175792  7751.37
0.00197242  6801.26
0.00223872  5850.06
0.00254097  4996.17
0.0029  4204.72
0.00331131  3509.74
0.00375837  2932.12
0.0042658  2432.16
0.00484172  2002.78
0.0055  1634.78
0.00623735  1328.19
0.00707946  1069.66
0.00803526  855.199
0.00912011  678.74
0.0103514  534.916
0.011749  418.658
0.0133352  325.43
0.0151356  251.245
0.017378  188.002
0.0199526  139.577
0.0229087  102.82
0.0263027  75.1765
0.0301995  54.5679
0.0350752  38.2602
0.040738  26.6175
0.0473151  18.3812
0.0555904  12.242
0.0660693  7.85757
0.0794328  4.85832
0.0977237  2.80586
0.12735  1.37881
0.229087  0.283761
0.281838  0.163446
0.334965  0.103938
0.389045  0.0706909
0.446684  0.0498673
0.506991  0.0364586
0.57544  0.0268477
0.645654  0.0204734
0.724436  0.0157229
0.831764  0.0115521
0.912011  0.00945838
0.988553  0.00799325
1.10918  0.00634868
1.25  0.00503547
1.41254  0.00401036
1.64059  0.00306197
1.88365  0.00240519
2.13796  0.00194111
2.45471  0.00154834
2.81838  0.00124443
3.27341  0.000989612
3.80189  0.000792865
4.4157  0.000639888
5.24808  0.00050374
6.23735  0.000399653
7.49894  0.000314759
9.12011  0.000246163
11  0.00019592
13.8038  0.000149706
18  0.00011037
24  8.0027e-05
33.1131  5.63725e-05
47.863  3.80936e-05
74.131  2.41259e-05
125.892  1.4002e-05
248.313  7.02351e-06
495.45  3.50185e-06
1972.42  8.76008e-07
100000  1.7259e-08
-1  -1
0.00022525   0.0 
0.00022525  359000
0.00024  323130
0.000251189  300983
0.000275423  262658
0.000315  222336
0.000335  207455
0.00049545  138679
0.000568853  119492
0.000645654  103515
0.000732825  89040.8
0.000831764  76019.1
0.000944061  64437.9
0.00108393  53377.5
0.00124452  43868.6
0.00142889  35786.1
0.00165  28732.6
0.00190546  22903.4
0.00221309  17958.8
0.0025704  13981.7
0.003  10713.6
0.00346737  8289.78
0.004  6390.36
0.00457088  4979.23
0.00524807  3818.77
0.0060256  2906.36
0.00683912  2248.01
0.00776247  1727.74
0.00891251  1286.72
0.0102329  951.13
0.011749  697.567
0.0134896  507.613
0.0154882  366.511
0.0177828  262.629
0.0204174  186.765
0.0234423  131.796
0.0269154  92.2864
0.0309029  64.1495
0.0354813  44.2764
0.0412098  29.4025
0.047863  19.3736
0.0562341  12.2655
0.0660693  7.70589
0.0794328  4.49358
0.0977237  2.42956
0.124452  1.17381
0.194985  0.302336
0.239883  0.16264
0.285102  0.0977183
0.331131  0.0632996
0.380189  0.0427143
0.431519  0.030006
0.484172  0.0219173
0.54325  0.0161251
0.60256  0.0123146
0.668344  0.00946964
0.74131  0.00733137
0.870964  0.00497079
0.933254  0.00423558
0.988553  0.0037281
1.05925  0.00322354
1.14815  0.00274228
1.25  0.0023302
1.38038  0.00194207
1.7378  0.00128937
1.99526  0.00101548
2.26464  0.000821912
2.60016  0.000657742
3  0.00052633
3.46737  0.000422895
4.02717  0.000339776
4.73151  0.000270581
5.62341  0.000213682
6.68344  0.00017004
8.03526  0.000134312
9.77237  0.000105309
12.1619  8.09456e-05
15.1356  6.26682e-05
19.4984  4.6976e-05
26.0016  3.41287e-05
36.7282  2.34958e-05
54.325  1.55327e-05
86.0994  9.62773e-06
156.675  5.21828e-06
309.029  2.62356e-06
616.595  1.30914e-06
4897.79  1.64189e-07
100000  8.0387e-09
-1  -1
0.00012529   0.0 
0.00012529  703133
0.0001257  755576
0.0001266  870148
0.00012735  971592
0.000128  1.06167e+06
0.0001285  1.13169e+06
0.0001292  1.22955e+06
0.0001298  1.3119e+06
0.0001305  1.40499e+06
0.0001311  1.48125e+06
0.000131826  1.56792e+06
0.0001325  1.64214e+06
0.0001331  1.70228e+06
0.0001337  1.7566e+06
0.0001343  1.80449e+06
0.000135  1.85208e+06
0.0001358  1.89558e+06
0.0001365  1.92444e+06
0.0001373  1.94735e+06
0.000138038  1.95967e+06
0.0001391  1.96407e+06
0.0001402  1.95466e+06
0.0001414  1.93144e+06
0.000142889  1.88863e+06
0.0001447  1.82314e+06
0.000147  1.72924e+06
0.00015  1.60213e+06
0.000154  1.43967e+06
0.000158489  1.274e+06
0.000164059  1.09304e+06
0.000169824  931016
0.000176  783188
0.000198  435384
0.00020893  335209
0.000219  268514
0.000226464  230511
0.000234423  198215
0.00024  179698
0.000245471  164280
0.000252  148895
0.000258  137198
0.0002635  128208
0.000269154  120435
0.000275423  113287
0.000281838  107318
0.000288403  102378
0.000295121  98332.7
0.000301995  95059
0.00031  92139.2
0.000318  89985.6
0.000328  88124.8
0.000339  86884
0.000350752  86237
0.000365  86098
0.000385  86588.8
0.00045  89008
0.000485  89634.4
0.0005188  89546.3
0.00055  88884.8
0.000588844  87478.9
0.000623735  85782.8
0.000660693  83626.1
0.000707946  80540.2
0.000758578  77014.9
0.000812831  73104
0.00087614  68582.6
0.000944061  63891.2
0.00102329  58730.3
0.00111  53541.6
0.00121619  47842.3
0.00131826  43014.2
0.00145  37634
0.00158489  32962
0.00173  28739.6
0.00190546  24527.8
0.00211349  20520.9
0.00234423  17027.2
0.00260016  14015.8
0.00288403  11446.7
0.0032  9269.8
0.00354813  7460.12
0.0039355  5953.1
0.00431519  4841.07
0.0047863  3807.68
0.00530884  2972.91
0.00588844  2304.42
0.00653131  1773.29
0.00724436  1355
0.00803526  1028.31
0.009  754.608
0.01  562.091
0.0112202  404.365
0.0125892  288.697
0.0141254  204.604
0.0158489  143.971
0.0177828  100.61
0.0201837  67.32
0.0229087  44.7017
0.0260016  29.4711
0.0298538  18.5653
0.0342768  11.6083
0.04  6.81361
0.0467735  3.9399
0.0562341  2.05013
0.0691831  0.975118
0.142889  0.0706375
0.175792  0.0335758
0.20893  0.0181961
0.242661  0.010776
0.278612  0.00669297
0.316228  0.00435679
0.354813  0.00296916
0.398107  0.00203824
0.44157  0.00146288
0.489779  0.00105717
0.54325  0.00076922
0.595662  0.000583979
0.645654  0.000462694
0.707946  0.000357316
0.803526  0.000253074
0.860994  0.000208972
0.912011  0.000179301
0.954993  0.000159558
1  0.00014291
1.04713  0.000128894
1.10918  0.00011414
1.1749  0.000101795
1.25893  8.94046e-05
1.36458  7.74243e-05
1.53109  6.34582e-05
1.84077  4.58383e-05
2.06538  3.76411e-05
2.34423  3.05306e-05
2.69154  2.44785e-05
3.12608  1.94211e-05
3.63078  1.55235e-05
4.21697  1.25006e-05
4.9545  9.97647e-06
5.88844  7.89472e-06
7  6.293e-06
8.51138  4.90959e-06
10.3514  3.85841e-06
13.0317  2.93159e-06
16.0325  2.30524e-06
20.4174  1.75305e-06
26.6073  1.308e-06
36.7282  9.23277e-07
54.325  6.1035e-07
86.0994  3.78324e-07
156.675  2.05053e-07
312.608  1.01901e-07
623.735  5.08505e-08
4954.5  6.37808e-09
100000  3.1588e-10
-1  -1
0.0001149   0.0 
0.0001149  1.12922e+06
0.000115  1.16349e+06
0.0001154  1.26358e+06
0.0001158  1.36382e+06
0.0001162  1.4645e+06
0.0001166  1.56425e+06
0.000117  1.66355e+06
0.00011749  1.7833e+06
0.000118  1.90517e+06
0.0001185  2.02138e+06
0.00011903  2.14065e+06
0.0001195  2.24237e+06
0.00012  2.34587e+06
0.0001207  2.48159e+06
0.0001212  2.57131e+06
0.0001218  2.67034e+06
0.0001225  2.7733e+06
0.0001232  2.86219e+06
0.000124  2.94594e+06
0.0001247  3.00374e+06
0.0001255  3.05248e+06
0.0001262  3.08078e+06
0.000127  3.09786e+06
0.000128  3.09865e+06
0.000129  3.07978e+06
0.000130317  3.0308e+06
0.0001315  2.96906e+06
0.000133  2.87435e+06
0.000135  2.7317e+06
0.0001373  2.55949e+06
0.00014  2.36054e+06
0.000145  2.02436e+06
0.000151356  1.66514e+06
0.000156675  1.41464e+06
0.000162181  1.19529e+06
0.000184077  630989
0.000190546  532265
0.000198  443271
0.000204174  385134
0.00021  340440
0.000216272  301212
0.000222  271952
0.000228  246808
0.000233  229440
0.000238  214816
0.000243  202531
0.000248313  191659
0.000254097  181985
0.000260016  174036
0.000266073  167598
0.000273  161955
0.00028  157754
0.000288  154399
0.000295121  152416
0.000305492  150769
0.000316228  150152
0.000331131  150435
0.000354813  152221
0.0004  156026
0.00042658  157204
0.000457088  157356
0.000485  156482
0.000515  154610
0.00055  151438
0.00059  146938
0.000630957  141698
0.000676083  135456
0.00073  127826
0.000785236  120053
0.000851138  111097
0.00092  102346
0.001  92973
0.00108393  84157.7
0.00119  74340.6
0.00128825  66475.1
0.00141254  57958.6
0.00154882  50149.1
0.00169  43449.6
0.00186209  36784.8
0.00207  30415.3
0.00231739  24604
0.00260016  19631.8
0.00291743  15516
0.00323594  12454.5
0.00358922  9922.1
0.00398107  7842.54
0.0044157  6154.07
0.00489779  4793.18
0.0054325  3704.55
0.0060256  2841.95
0.00668344  2164.62
0.0074131  1637.23
0.00822243  1229.8
0.00912011  917.504
0.0101158  680.016
0.0113501  483.805
0.012735  341.534
0.0142889  239.277
0.0160325  166.395
0.0179887  114.886
0.0201837  78.7808
0.0229087  51.6239
0.0260016  33.5742
0.0295121  21.6807
0.0338844  13.3544
0.0389045  8.16402
0.0446684  4.95188
0.0524807  2.74134
0.0653131  1.21713
0.133352  0.0840729
0.160325  0.0424009
0.186209  0.0244698
0.213796  0.0148311
0.242661  0.00943783
0.27227  0.00630123
0.301995  0.00440875
0.334965  0.00310608
0.371535  0.00220421
0.412098  0.00157641
0.451856  0.00117837
0.49545  0.000886961
0.54325  0.00067243
0.588844  0.000531151
0.638263  0.000422662
0.691831  0.000338625
0.758578  0.000264786
0.870964  0.000184197
0.922571  0.000159341
0.966051  0.000142658
1.01158  0.000128462
1.07152  0.000113518
1.13501  0.000100953
1.21619  8.83191e-05
1.31826  7.61404e-05
1.88365  4.06121e-05
2.11349  3.33974e-05
2.39883  2.71209e-05
2.75423  2.17719e-05
3.19889  1.72942e-05
3.71535  1.38398e-05
4.31519  1.11573e-05
5.06991  8.91366e-06
6.0256  7.06089e-06
7.16143  5.63535e-06
8.70964  4.39927e-06
10.5925  3.46055e-06
13.3352  2.63129e-06
16.5959  2.04343e-06
21.1349  1.55548e-06
26.9154  1.19126e-06
37.1535  8.4104e-07
54.9541  5.56111e-07
87.0964  3.44772e-07
162.181  1.82571e-07
323.594  9.07599e-08
645.654  4.52953e-08
5128.61  5.68202e-09
100000  2.9131e-10
-1  -1
8.29e-06   0.0 
8.29e-06  629492
8.33e-06  623592
8.60994e-06  601629
8.91251e-06  583527
9.2e-06  571056
9.44061e-06  563668
9.7e-06  558903
1e-05  556671
1.02329e-05  557344
1.06e-05  562278
1.1e-05  572409
1.13501e-05  584917
1.1749e-05  602943
1.21619e-05  625585
1.25892e-05  652813
1.31e-05  690015
1.365e-05  735225
1.44e-05  804942
1.51356e-05  881512
1.61e-05  993684
1.7378e-05  1.16137e+06
1.92753e-05  1.44754e+06
2.35e-05  2.21928e+06
2.54097e-05  2.61095e+06
2.73e-05  3.01071e+06
2.9e-05  3.37122e+06
3.05492e-05  3.69297e+06
3.23e-05  4.04172e+06
3.4e-05  4.36065e+06
3.58922e-05  4.68962e+06
3.75837e-05  4.95854e+06
3.98107e-05  5.27609e+06
4.22e-05  5.57493e+06
4.46684e-05  5.84226e+06
4.73151e-05  6.08355e+06
5.01187e-05  6.29219e+06
5.3e-05  6.45543e+06
5.58e-05  6.55881e+06
5.82103e-05  6.60471e+06
6.07e-05  6.60948e+06
6.30957e-05  6.57103e+06
6.58e-05  6.48057e+06
6.83912e-05  6.35399e+06
7.07946e-05  6.20481e+06
7.32824e-05  6.02154e+06
7.58578e-05  5.80918e+06
7.85236e-05  5.57232e+06
8.15e-05  5.29071e+06
8.41395e-05  5.02996e+06
8.70964e-05  4.73302e+06
9.01571e-05  4.42437e+06
9.33254e-05  4.10448e+06
9.66051e-05  3.77733e+06
0.0001  3.4488e+06
0.000103  3.16851e+06
0.000106  2.89854e+06
0.000109  2.64158e+06
0.000112202  2.38409e+06
0.000115  2.17336e+06
0.000118  1.96198e+06
0.000121619  1.72774e+06
0.000125  1.52978e+06
0.000128825  1.32868e+06
0.000131826  1.18644e+06
0.000135  1.05006e+06
0.000139  897747
0.000142889  768405
0.0001465  662880
0.00015  572721
0.000154  483003
0.000157  424050
0.000160324  366073
0.000164059  309209
0.00016788  259156
0.0001705  229114
0.000174  193771
0.000177  167366
0.00018  144164
0.0001835  120732
0.0001865  103438
0.00019  86134.5
0.00019402  69581.1
0.000198  56208.3
0.000206538  35770
0.00021  30085.5
0.0002123  26989.6
0.0002145  24484.6
0.0002165  22561.9
0.0002185  20949.7
0.00022  19929.5
0.0002215  19060.5
0.000223  18333.2
0.0002247  17669
0.0002263  17188.9
0.000228  16821.8
0.00022975  16586.5
0.000231  16500.9
0.0002325  16482.9
0.000234  16551.4
0.0002355  16700.4
0.000237137  16948.4
0.0002388  17284.7
0.000241  17849.1
0.000243  18469.3
0.0002458  19490
0.000263027  27645.6
0.00027227  32904.1
0.000281838  38920.6
0.000288403  43328.2
0.000295121  48014.1
0.0003  51491.7
0.000305492  54633.3
0.000312608  58527.8
0.00031989  62277.3
0.000327341  65841.6
0.000334965  69185.2
0.000342768  72278.3
0.000350752  75097.2
0.000358922  77624.9
0.00036969  80426.6
0.000380189  82616
0.00039355  84705.2
0.000412098  86845.9
0.00042658  87876
0.00044157  88318.9
0.000457088  88215
0.000473151  87615.1
0.000489779  86577.5
0.0005188  84202.8
0.00054325  81750.2
0.000568853  78839.4
0.0006  75024
0.000630957  71139.6
0.000668344  66437.8
0.000707946  61591.7
0.000749894  56722.1
0.0008  51316.5
0.000851138  46296.6
0.000912011  40969.7
0.000977237  35993.8
0.00104713  31404.8
0.00112202  27222.5
0.00120226  23450.4
0.00130317  19558.5
0.00141254  16193.2
0.00153109  13314.9
0.00165959  10878.1
0.00179887  8830.89
0.00197242  6906.86
0.00216272  5364.04
0.00237137  4135.27
0.00260016  3164.37
0.00285102  2403.55
0.00309029  1877.88
0.00338844  1406.19
0.00371535  1045.59
0.00412097  743.419
0.00457088  525.258
0.00506991  368.399
0.00562341  256.483
0.00623735  177.199
0.00691831  121.534
0.00767361  82.7818
0.00851138  56.0111
0.00954993  36.0203
0.0108393  21.9919
0.0123027  13.323
0.0139637  8.00675
0.0158489  4.7734
0.0177828  2.96127
0.0201837  1.73413
0.0231739  0.959682
0.0269154  0.501527
0.0327341  0.212635
0.0398107  0.0894511
0.0512861  0.028919
0.0901571  0.00231928
0.114815  0.000791438
0.139637  0.000333382
0.154882  0.00021214
0.17378  0.000129372
0.197242  7.56758e-05
0.226464  4.24106e-05
0.254097  2.63551e-05
0.285102  1.6499e-05
0.316228  1.09028e-05
0.350752  7.25825e-06
0.389045  4.86918e-06
0.42658  3.43769e-06
0.467735  2.44363e-06
0.5188  1.6782e-06
0.562341  1.26135e-06
0.60256  9.94155e-07
0.645654  7.92355e-07
0.699842  6.13048e-07
0.767362  4.6088e-07
0.8  4.0586e-07
0.851138  3.31543e-07
0.891251  2.86775e-07
0.933254  2.4972e-07
0.966051  2.26369e-07
1  2.0638e-07
1.03514  1.89361e-07
1.07152  1.74744e-07
1.10918  1.62081e-07
1.16145  1.47627e-07
1.21619  1.35342e-07
1.30317  1.19769e-07
1.41254  1.04717e-07
1.5  9.5041e-08
1.92752  6.11399e-08
2.16272  5.03327e-08
2.48313  4.01742e-08
2.85102  3.23091e-08
3.31131  2.5708e-08
3.84592  2.06084e-08
4.46684  1.6641e-08
5.30884  1.31075e-08
6.30957  1.04047e-08
7.58578  8.19839e-09
9.22571  6.41442e-09
11.2202  5.05679e-09
14.1254  3.8522e-09
18.6209  2.80758e-09
25.1189  2.01147e-09
35.4813  1.38356e-09
51.88  9.25036e-10
81.2831  5.79776e-10
142.889  3.25253e-10
272.27  1.69161e-10
543.25  8.43703e-11
4315.19  1.05762e-11
100000  4.5618e-13
-1  -1
7e-06   0.0 
7e-06  1.04714e+06
7.24436e-06  1.00391e+06
7.42e-06  978516
7.67361e-06  949522
7.92e-06  929140
8.2e-06  913520
8.42e-06  906632
8.70964e-06  903416
9.01571e-06  906422
9.35e-06  916472
9.7e-06  933508
1.01e-05  960004
1.05e-05  992936
1.1e-05  1.04213e+06
1.15e-05  1.09916e+06
1.20226e-05  1.16614e+06
1.2735e-05  1.26823e+06
1.3554e-05  1.39922e+06
1.46218e-05  1.58957e+06
1.60324e-05  1.87142e+06
1.8197e-05  2.36423e+06
2.23872e-05  3.48466e+06
2.45471e-05  4.11293e+06
2.65e-05  4.688e+06
2.81838e-05  5.17279e+06
3e-05  5.67188e+06
3.16228e-05  6.09178e+06
3.34965e-05  6.53674e+06
3.54813e-05  6.95802e+06
3.75837e-05  7.35307e+06
3.98107e-05  7.71365e+06
4.22e-05  8.04092e+06
4.5e-05  8.3592e+06
4.7863e-05  8.61066e+06
5.08e-05  8.79796e+06
5.30884e-05  8.89211e+06
5.58e-05  8.93916e+06
5.82103e-05  8.9254e+06
6.07e-05  8.8562e+06
6.30957e-05  8.73425e+06
6.58e-05  8.5418e+06
6.83912e-05  8.31198e+06
7.07946e-05  8.06107e+06
7.32824e-05  7.77138e+06
7.58578e-05  7.4512e+06
7.85236e-05  7.10277e+06
8.15e-05  6.69724e+06
8.41395e-05  6.33227e+06
8.70964e-05  5.92404e+06
9.01571e-05  5.50238e+06
9.33254e-05  5.07189e+06
9.66051e-05  4.64042e+06
9.95e-05  4.27224e+06
0.000102329  3.92494e+06
0.000105  3.61181e+06
0.000108393  3.23752e+06
0.000111  2.9673e+06
0.000113501  2.7224e+06
0.00011719  2.38888e+06
0.0001205  2.11802e+06
0.000124  1.85846e+06
0.0001278  1.60625e+06
0.0001315  1.38948e+06
0.000135  1.20802e+06
0.00013846  1.04858e+06
0.0001415  923712
0.000145  796336
0.000148  699632
0.000151356  603476
0.000155  512124
0.000158489  436259
0.000162181  366901
0.000165  320547
0.000168  276840
0.0001705  244488
0.000174  204834
0.000177  175508
0.00018  149957
0.0001835  124374
0.0001865  105688
0.000190546  84653.6
0.000195  66235.2
0.000201837  45796.4
0.000205  38995.2
0.000207  35431.8
0.000209335  31920
0.000211349  29456.6
0.00021398  26899.3
0.000216272  25158.9
0.000218776  23671
0.000221309  22524.7
0.000223872  21667.7
0.0002248  21422.7
0.000226464  21061.2
0.000229087  20675.9
0.000231739  20491
0.000234423  20491.4
0.000237137  20667.9
0.000239883  21015.2
0.000242661  21531.9
0.000245471  22220.1
0.000248313  23084.5
0.000251189  24132.9
0.000254097  25375.2
0.00025704  26823.9
0.000260016  28493.5
0.000263027  30400.7
0.000266073  32563.5
0.000269154  35001.8
0.00027227  37736.5
0.000275423  40789.1
0.000281838  47933.7
0.0003  75237.6
0.00031512  83118.8
0.000327341  89247.2
0.000338844  94714.6
0.000350752  99975.9
0.000363078  104908
0.000375837  109380
0.000389045  113255
0.0004  115847
0.000412098  116998
0.00042658  117663
0.00044157  117656
0.000457088  117036
0.00047863  115387
0.000501187  112911
0.000524808  109718
0.000549541  105913
0.00057544  101613
0.000609537  95722.9
0.000645654  89462.7
0.000683912  82983.4
0.000724436  76459.3
0.000767361  70008.5
0.000812831  63716.4
0.000870964  56489.9
0.000933254  49707.9
0.001  43429.5
0.00107152  37695.8
0.001155  32092.8
0.00124452  27159.7
0.00134896  22515.8
0.00146218  18532
0.00160325  14722.7
0.0017378  11955.1
0.00188365  9642.63
0.00201837  7975.48
0.00218776  6343.55
0.00239883  4846.11
0.00263027  3675.15
0.00295121  2582.95
0.00327341  1866.68
0.00363078  1338.6
0.004  973.981
0.0044157  698.687
0.00489779  489.519
0.0054325  340.319
0.0060256  234.814
0.00668344  160.824
0.0074131  109.368
0.00822243  73.8674
0.00922571  47.3951
0.0104713  28.8508
0.011749  18.2547
0.0131826  11.4708
0.0147911  7.15675
0.0165959  4.43236
0.0179887  3.1535
0.0204174  1.83115
0.0234423  1.00415
0.0278612  0.470262
0.0331131  0.218498
0.04  0.093709
0.0501187  0.0337468
0.0977237  0.00161254
0.116145  0.000739318
0.134896  0.000378802
0.153109  0.000216589
0.17378  0.000124796
0.194985  7.61101e-05
0.218776  4.6721e-05
0.242661  3.03156e-05
0.269153  1.9815e-05
0.295121  1.36707e-05
0.323594  9.50287e-06
0.350752  6.9583e-06
0.380189  5.12732e-06
0.412098  3.80265e-06
0.446684  2.83918e-06
0.484172  2.13492e-06
0.524807  1.61683e-06
0.562341  1.28201e-06
0.60256  1.02322e-06
0.645654  8.24198e-07
0.691831  6.68351e-07
0.749894  5.27287e-07
0.803526  4.32408e-07
0.851138  3.6503e-07
0.901571  3.1021e-07
0.944061  2.74094e-07
0.988553  2.43891e-07
1.03514  2.18781e-07
1.08393  1.97694e-07
1.13501  1.7976e-07
1.20226  1.60783e-07
1.30317  1.38865e-07
1.42889  1.18493e-07
1.51356  1.07498e-07
1.86209  7.4578e-08
2.0893  6.12729e-08
2.37137  4.97277e-08
2.7227  3.98946e-08
3.16228  3.1671e-08
3.67282  2.53305e-08
4.26579  2.04095e-08
5.01187  1.62968e-08
5.95662  1.29028e-08
7.07946  1.02931e-08
8.60994  8.03151e-09
10.4713  6.31476e-09
13.1826  4.79975e-09
16.2181  3.77558e-09
20.6538  2.87215e-09
26.9154  2.14378e-09
36.7282  1.53224e-09
54.325  1.01293e-09
86.0994  6.27862e-10
156.675  3.40308e-10
305.492  1.73094e-10
609.537  8.63642e-11
4841.72  1.08322e-11
100000  5.2423e-13
-1  -1
5.506e-05   0.0 
5.506e-05  403054
5.55904e-05  394644
5.66e-05  374602
5.82103e-05  342472
6.09537e-05  292671
6.53131e-05  230127
6.83912e-05  197162
7.07946e-05  176491
7.32824e-05  158806
7.58578e-05  143675
7.9e-05  128604
8.22243e-05  116086
8.60994e-05  103950
9.01571e-05  93747.8
9.5e-05  83988.8
0.0001  75926.8
0.000105925  68324.3
0.000112  62176
0.00011749  57700
0.000124452  53119
0.000131826  49235.4
0.000141254  45262.2
0.000158  39870.8
0.000190546  32555.9
0.000245471  24909.6
0.0003  19961.7
0.000350752  16700.8
0.000421697  13405.1
0.000489779  11141.8
0.000588844  8796.93
0.000691831  7099.53
0.000812831  5692.63
0.000977237  4386.63
0.0011749  3352.39
0.00141254  2542.88
0.0017378  1848.42
0.00218776  1285.9
0.00275423  887.825
0.00350752  597.284
0.0044157  406.432
0.0054325  285.381
0.00668344  198.861
0.00812831  140.309
0.00954993  104.637
0.0114815  74.1674
0.0141254  49.9563
0.0175792  32.6556
0.0223872  20.2836
0.0269154  14.011
0.0309029  10.5553
0.0367282  7.34349
0.0436516  5.07051
0.0524807  3.38929
0.0630957  2.24876
0.0767362  1.443
0.0922571  0.943025
0.116145  0.549516
0.153109  0.284981
0.25704  0.082249
0.319889  0.0489815
0.384592  0.0318764
0.457088  0.0214643
0.524807  0.0157442
0.609537  0.0113396
0.707946  0.00822911
0.822243  0.00601806
0.933254  0.00464758
1.07152  0.00353602
1.25  0.002621
1.42889  0.00203909
1.60325  0.00165436
1.8197  0.00132414
2.0893  0.00104632
2.37137  0.00084914
2.7227  0.00068126
3.16228  0.000540854
3.67282  0.000432574
4.26579  0.000348534
5.01187  0.000278301
5.95662  0.000220345
7.07946  0.000175774
8.60994  0.000137155
10.3514  0.00010935
13.0317  8.30845e-05
16.0325  6.53331e-05
20.4174  4.96839e-05
26.6073  3.70688e-05
37.1535  2.58473e-05
54.9541  1.70906e-05
87.0964  1.0596e-05
158.489  5.74377e-06
316.228  2.85477e-06
630.957  1.42457e-06
5011.87  1.78695e-07
100000  8.9525e-09
-1  -1
3.514e-05   0.0 
3.514e-05  9.92894e+06
3.57e-05  9.21662e+06
3.63078e-05  8.54971e+06
3.71535e-05  7.77134e+06
3.80189e-05  7.11146e+06
3.9e-05  6.4816e+06
4.02717e-05  5.80942e+06
4.21697e-05  5.00686e+06
4.4721e-05  4.17648e+06
5.24807e-05  2.57292e+06
7.16143e-05  980340
8.03526e-05  690120
9.88553e-05  370951
0.00013  164372
0.000151356  105322
0.000171791  73212.2
0.000190546  54731.1
0.00020893  42520.8
0.00023  32917
0.000248313  27015.3
0.000266073  22749.5
0.000285102  19282.1
0.000305492  16456.9
0.000328  14081.1
0.000350752  12242.8
0.000375837  10683.6
0.0004  9513.12
0.00042658  8494.29
0.000457088  7571.37
0.000489779  6795.68
0.00053  6051.96
0.00058  5347.02
0.000638263  4726.26
0.000716143  4108.48
0.000831764  3454.35
0.00121619  2247.77
0.00146218  1812.68
0.00171791  1490.57
0.00201837  1216.65
0.00234423  1000.28
0.0027227  816.443
0.00316228  661.351
0.00363078  540.652
0.00416869  438.886
0.00462381  373.3
0.00530884  298.276
0.00609537  236.479
0.00691831  189.796
0.00785236  151.306
0.00901571  117.234
0.0109648  80.796
0.012735  60.357
0.0146218  45.7843
0.0165959  35.2963
0.01865  27.5936
0.0211349  21.0129
0.0242661  15.4331
0.0278612  11.2469
0.0323594  7.9193
0.0375837  5.53297
0.0436516  3.83641
0.0512861  2.56569
0.060256  1.70314
0.0716143  1.08945
0.0870964  0.6515
0.107152  0.375226
0.226464  0.0499615
0.278612  0.0287696
0.331131  0.0182873
0.384592  0.0124311
0.44157  0.00876409
0.501187  0.00640362
0.568853  0.00471237
0.638263  0.0035911
0.716143  0.00275605
0.822243  0.00202378
0.901571  0.00165553
0.977237  0.00139759
1.08393  0.00113447
1.21619  0.000906114
1.34896  0.000745423
1.54882  0.000579525
1.77828  0.000453756
2.044  0.00035738
2.31739  0.000290224
2.66072  0.000232546
3.09029  0.000184396
3.58922  0.000147313
4.16869  0.000118561
4.89779  9.45665e-05
5.82103  7.47959e-05
6.91831  5.96084e-05
8.41395  4.64695e-05
10.2329  3.65026e-05
12.8825  2.77238e-05
15.8489  2.17923e-05
20.1837  1.65683e-05
26.3027  1.23565e-05
36.7282  8.61422e-06
53.7032  5.76346e-06
84.1395  3.61442e-06
150  1.9999e-06
291.743  1.01932e-06
582.103  5.08509e-07
4623.81  6.37649e-08
100000  2.9471e-09
-1  -1
2.389e-05   0.0 
2.389e-05  2.59276e+07
2.4e-05  2.5181e+07
2.44e-05  2.30469e+07
2.48313e-05  2.10921e+07
2.54e-05  1.89201e+07
2.60016e-05  1.70101e+07
2.66072e-05  1.53976e+07
2.75423e-05  1.33572e+07
2.85102e-05  1.16668e+07
2.98538e-05  9.81987e+06
3.15e-05  8.09892e+06
3.38844e-05  6.28904e+06
3.75837e-05  4.43286e+06
4.4157e-05  2.59507e+06
4.9545e-05  1.78045e+06
5.4325e-05  1.3254e+06
5.9e-05  1.02454e+06
6.30957e-05  836176
6.76083e-05  682803
7.24436e-05  561675
7.67362e-05  480252
8.12831e-05  413088
8.60994e-05  357533
9.12011e-05  311412
9.66051e-05  272970
0.000102329  240769
0.000109648  208697
0.00011749  182271
0.000126  160074
0.000135  141775
0.000145  125869
0.000156675  111477
0.000169824  98946.8
0.000188365  85584.9
0.000213796  72284.3
0.000245471  60593.7
0.000421697  31141.4
0.000512861  24315
0.000616595  19123.1
0.000724436  15387.2
0.000860994  12094.9
0.00101158  9587.4
0.0011885  7540.99
0.00139637  5883.37
0.00164059  4555.41
0.00192753  3501.05
0.00229087  2620.31
0.00269154  1984.67
0.00316228  1492.17
0.00367282  1137.19
0.0042658  860.446
0.0049545  646.085
0.00568853  492.403
0.00653131  372.597
0.00749894  279.872
0.00860994  208.664
0.00988553  154.451
0.0114815  110.738
0.0131826  80.8697
0.015  59.8636
0.0171791  43.2522
0.0197242  30.8141
0.0226464  21.7814
0.0260016  15.2808
0.03  10.5051
0.0346737  7.13318
0.0402717  4.74305
0.0467735  3.12905
0.0549541  1.98338
0.0638264  1.28975
0.0758578  0.77907
0.0933254  0.421941
0.114815  0.226755
0.197242  0.0443355
0.242661  0.0238649
0.285102  0.0148389
0.331131  0.00961363
0.380189  0.00648825
0.431519  0.00455853
0.484172  0.00333008
0.54325  0.00245021
0.60256  0.00187133
0.668344  0.00143923
0.74131  0.00111447
0.870964  0.000755913
0.933254  0.000644203
0.988553  0.000567063
1.05925  0.000490334
1.14815  0.000417145
1.25  0.00035447
1.38038  0.000295417
1.7378  0.000196076
1.97242  0.000157499
2.23872  0.00012744
2.5704  0.000101917
2.95121  8.21015e-05
3.42768  6.5437e-05
4  5.2188e-05
4.67735  4.18219e-05
5.55904  3.30108e-05
6.60693  2.62559e-05
7.94328  2.07284e-05
9.66051  1.62467e-05
11.885  1.2654e-05
14.7911  9.78872e-06
19.2752  7.23838e-06
25.704  5.25701e-06
36.3078  3.61816e-06
53.7032  2.3912e-06
84.1395  1.49964e-06
147.911  8.41662e-07
285.102  4.32849e-07
568.853  2.15912e-07
4518.56  2.70724e-08
100000  1.2227e-09
-1  -1
5.49e-06   0.0 
5.49e-06  9.81344e+06
5.68853e-06  8.81854e+06
6.76083e-06  5.11013e+06
7.76247e-06  3.3264e+06
9e-06  2.11754e+06
1.05e-05  1.33383e+06
1.21619e-05  865045
1.41254e-05  560491
1.65e-05  360146
1.88365e-05  248664
2.13796e-05  175834
2.37137e-05  133333
2.63027e-05  101868
2.88403e-05  80776.2
3.12608e-05  66391.6
3.38844e-05  54954.1
3.67282e-05  45826.3
3.98107e-05  38487.8
4.31519e-05  32574.3
4.67735e-05  27781.5
5.06991e-05  23860.3
5.5e-05  20584.4
6e-05  17709
6.60693e-05  15107.4
7.32824e-05  12826.7
8.12831e-05  10977.9
9.33254e-05  8992.64
0.000109648  7199.89
0.000123027  6178.13
0.00014  5237.64
0.000201837  3373.6
0.000234423  2789.55
0.000436516  1239.21
0.000506991  1014.2
0.000732825  608.679
0.000841395  499.455
0.00107152  349.933
0.00131826  256.037
0.00160325  189.285
0.00201837  131.58
0.00275423  79.6493
0.00301995  67.9028
0.00436516  36.6681
0.00555904  24.3044
0.00645654  18.7381
0.00794328  12.9685
0.00966051  9.0942
0.011749  6.32887
0.0142889  4.37091
0.017378  2.99559
0.0211349  2.03731
0.0254097  1.40718
0.0291743  1.06041
0.0350752  0.721276
0.0421697  0.4868
0.0506991  0.326017
0.0609537  0.2166
0.074131  0.139178
0.0870964  0.0960816
0.108393  0.0576413
0.141254  0.0307899
0.260016  0.00713447
0.323594  0.00425148
0.389045  0.00276885
0.457088  0.00191559
0.524807  0.00140587
0.609537  0.00101335
0.699842  0.000754395
0.803526  0.000565713
0.922571  0.000427549
1.08393  0.00031116
1.25893  0.0002328
1.42889  0.000183504
1.58489  0.00015194
1.79887  0.000121537
2.06538  9.59813e-05
2.34423  7.78441e-05
2.69154  6.24141e-05
3.12608  4.95217e-05
3.63078  3.95845e-05
4.21697  3.1876e-05
4.9545  2.54389e-05
5.88844  2.01314e-05
7  1.6047e-05
8.51138  1.25194e-05
10.3514  9.83873e-06
13.0317  7.47534e-06
16.0325  5.87823e-06
20.4174  4.47025e-06
26.6073  3.33521e-06
36.7282  2.35434e-06
54.325  1.55638e-06
86.0994  9.64718e-07
156.675  5.22881e-07
309.029  2.62881e-07
616.595  1.31176e-07
4897.79  1.64526e-08
100000  8.0548e-10
-1  -1
-2   0.0 
-2  -2
