% -----------------------------------------------------------------------
%   Program Name: re-cs-93.dat 
%   Author: the Geant4 Collaboration
%   Organization: the Geant4 Collaboration
%   Version: unknown
%   Date: circa 2006
%   Class: Public
%   Copyright (c) Copyright Holders of the Geant4 Collaboration, 1994-2006.
%   See http://cern.ch/geant4/license for details on the copyright holders.
%   All rights not expressly granted under this license are reserved.
% -----------------------------------------------------------------------
1.000000e-06 1.047996e-01 
1.036459e-06 1.271184e-01 
1.053463e-06 1.392462e-01 
1.078969e-06 1.599272e-01 
1.112630e-06 1.925068e-01 
1.134379e-06 2.180585e-01 
1.156168e-06 2.482666e-01 
1.175704e-06 2.803623e-01 
1.189658e-06 3.070375e-01 
1.200000e-06 3.292473e-01 
1.209475e-06 3.517301e-01 
1.218465e-06 3.753189e-01 
1.226893e-06 3.998168e-01 
1.234794e-06 4.252695e-01 
1.242201e-06 4.517298e-01 
1.249145e-06 4.792697e-01 
1.255656e-06 5.079547e-01 
1.261759e-06 5.378061e-01 
1.273203e-06 6.032523e-01 
1.283216e-06 6.739156e-01 
1.291978e-06 7.503523e-01 
1.299645e-06 8.331044e-01 
1.306353e-06 9.227318e-01 
1.312222e-06 1.019940e+00 
1.317358e-06 1.125738e+00 
1.321852e-06 1.241516e+00 
1.325785e-06 1.368827e+00 
1.329225e-06 1.508831e+00 
1.332236e-06 1.661669e+00 
1.334870e-06 1.826124e+00 
1.337175e-06 1.999704e+00 
1.339192e-06 2.179048e+00 
1.340957e-06 2.360441e+00 
1.342501e-06 2.540284e+00 
1.343852e-06 2.715417e+00 
1.346216e-06 3.065663e+00 
1.349320e-06 3.618218e+00 
1.355470e-06 5.049053e+00 
1.358306e-06 5.851861e+00 
1.359972e-06 6.357005e+00 
1.363303e-06 7.416395e+00 
1.363719e-06 7.551257e+00 
1.366634e-06 8.490423e+00 
1.367779e-06 8.849714e+00 
1.369965e-06 9.503298e+00 
1.371110e-06 9.821974e+00 
1.372203e-06 1.010669e+01 
1.373296e-06 1.036931e+01 
1.374753e-06 1.068005e+01 
1.376159e-06 1.093152e+01 
1.377460e-06 1.111765e+01 
1.378553e-06 1.123665e+01 
1.379958e-06 1.133665e+01 
1.381832e-06 1.137317e+01 
1.383393e-06 1.131701e+01 
1.383973e-06 1.127605e+01 
1.385627e-06 1.110018e+01 
1.387159e-06 1.086180e+01 
1.388448e-06 1.060804e+01 
1.390041e-06 1.023235e+01 
1.391191e-06 9.922642e+00 
1.393588e-06 9.188605e+00 
1.395093e-06 8.678363e+00 
1.397029e-06 7.982494e+00 
1.398509e-06 7.431296e+00 
1.399944e-06 6.889580e+00 
1.401401e-06 6.339042e+00 
1.402924e-06 5.771033e+00 
1.404941e-06 5.041353e+00 
1.406398e-06 4.537335e+00 
1.406814e-06 4.397628e+00 
1.408766e-06 3.771553e+00 
1.409937e-06 3.420623e+00 
1.413268e-06 2.533049e+00 
1.414550e-06 2.236557e+00 
1.415574e-06 2.017490e+00 
1.416599e-06 1.814139e+00 
1.418056e-06 1.551262e+00 
1.419667e-06 1.295225e+00 
1.421161e-06 1.088037e+00 
1.422654e-06 9.079725e-01 
1.424128e-06 7.547186e-01 
1.425578e-06 6.253247e-01 
1.427006e-06 5.166974e-01 
1.428412e-06 4.260143e-01 
1.429796e-06 3.507363e-01 
1.431831e-06 2.618441e-01 
1.435274e-06 1.589613e-01 
1.436627e-06 1.313921e-01 
1.437256e-06 1.205794e-01 
1.437882e-06 1.109742e-01 
1.438502e-06 1.024920e-01 
1.439118e-06 9.503447e-02 
1.439729e-06 8.851145e-02 
1.440335e-06 8.284043e-02 
1.440937e-06 7.794594e-02 
1.442130e-06 7.019105e-02 
1.443305e-06 6.480665e-02 
1.444462e-06 6.138719e-02 
1.445600e-06 5.959666e-02 
1.446721e-06 5.915723e-02 
1.447824e-06 5.983957e-02 
1.449996e-06 6.389014e-02 
1.452100e-06 7.059129e-02 
1.454138e-06 7.914694e-02 
1.459938e-06 1.117036e-01 
1.463525e-06 1.365091e-01 
1.470250e-06 1.910792e-01 
1.482018e-06 3.157567e-01 
1.486431e-06 3.770716e-01 
1.490293e-06 4.413457e-01 
1.493671e-06 5.088131e-01 
1.496628e-06 5.791969e-01 
1.500000e-06 6.761082e-01 
1.501478e-06 7.253197e-01 
1.503459e-06 7.987110e-01 
1.505192e-06 8.706903e-01 
1.508225e-06 1.016249e+00 
1.517323e-06 1.628633e+00 
1.519832e-06 1.846427e+00 
1.521058e-06 1.959855e+00 
1.522925e-06 2.140606e+00 
1.524792e-06 2.329412e+00 
1.528527e-06 2.722155e+00 
1.528994e-06 2.771821e+00 
1.532262e-06 3.115319e+00 
1.533546e-06 3.245464e+00 
1.535997e-06 3.479870e+00 
1.537280e-06 3.592760e+00 
1.538506e-06 3.692572e+00 
1.539731e-06 3.783481e+00 
1.541365e-06 3.889000e+00 
1.542941e-06 3.971773e+00 
1.544400e-06 4.030184e+00 
1.545625e-06 4.064784e+00 
1.547201e-06 4.088906e+00 
1.549301e-06 4.084181e+00 
1.551052e-06 4.047563e+00 
1.551504e-06 4.033298e+00 
1.553780e-06 3.932313e+00 
1.555275e-06 3.840494e+00 
1.556607e-06 3.742756e+00 
1.558379e-06 3.591603e+00 
1.559762e-06 3.458645e+00 
1.562256e-06 3.191255e+00 
1.563744e-06 3.018429e+00 
1.564676e-06 2.906395e+00 
1.566108e-06 2.730189e+00 
1.567598e-06 2.543407e+00 
1.569232e-06 2.337515e+00 
1.570542e-06 2.173241e+00 
1.571768e-06 2.021684e+00 
1.573343e-06 1.831366e+00 
1.575211e-06 1.614808e+00 
1.576903e-06 1.429054e+00 
1.578187e-06 1.295786e+00 
1.579500e-06 1.166908e+00 
1.581046e-06 1.025266e+00 
1.582250e-06 9.228681e-01 
1.583973e-06 7.883845e-01 
1.585219e-06 7.000608e-01 
1.585985e-06 6.493968e-01 
1.587133e-06 5.785101e-01 
1.588282e-06 5.135986e-01 
1.589916e-06 4.311506e-01 
1.591518e-06 3.609297e-01 
1.593234e-06 2.965443e-01 
1.595301e-06 2.323842e-01 
1.600198e-06 1.290295e-01 
1.601195e-06 1.148341e-01 
1.602515e-06 9.892576e-02 
1.603171e-06 9.213960e-02 
1.603825e-06 8.606124e-02 
1.604476e-06 8.064106e-02 
1.605125e-06 7.583225e-02 
1.606417e-06 6.786123e-02 
1.607699e-06 6.184673e-02 
1.608972e-06 5.750393e-02 
1.610234e-06 5.458396e-02 
1.611486e-06 5.287055e-02 
1.612729e-06 5.217673e-02 
1.613961e-06 5.234158e-02 
1.616408e-06 5.472970e-02 
1.618816e-06 5.915743e-02 
1.621187e-06 6.498652e-02 
1.625817e-06 7.916230e-02 
1.628078e-06 8.696029e-02 
1.632530e-06 1.032908e-01 
1.636842e-06 1.198359e-01 
1.641020e-06 1.362021e-01 
1.645067e-06 1.521989e-01 
1.648988e-06 1.677380e-01 
1.656584e-06 1.977979e-01 
1.663706e-06 2.258261e-01 
1.670383e-06 2.519522e-01 
1.682901e-06 3.006471e-01 
1.693855e-06 3.431320e-01 
1.713024e-06 4.178496e-01 
1.727400e-06 4.747786e-01 
1.748966e-06 5.625955e-01 
1.770531e-06 6.543269e-01 
1.787962e-06 7.323087e-01 
1.809752e-06 8.358902e-01 
1.840258e-06 9.949383e-01 
1.857689e-06 1.095382e+00 
1.915579e-06 1.490159e+00 
1.934186e-06 1.647691e+00 
1.948142e-06 1.783734e+00 
1.958609e-06 1.902111e+00 
1.966459e-06 2.004781e+00 
1.978233e-06 2.188936e+00 
1.994907e-06 2.503761e+00 
1.999805e-06 2.594799e+00 
2.004703e-06 2.675235e+00 
2.009601e-06 2.738028e+00 
2.014499e-06 2.776488e+00 
2.016948e-06 2.784909e+00 
2.019397e-06 2.785540e+00 
2.021846e-06 2.778205e+00 
2.024296e-06 2.762964e+00 
2.026745e-06 2.740132e+00 
2.029194e-06 2.710282e+00 
2.034092e-06 2.633020e+00 
2.038990e-06 2.540178e+00 
2.048786e-06 2.353151e+00 
2.050759e-06 2.321504e+00 
2.053718e-06 2.280755e+00 
2.056677e-06 2.249438e+00 
2.060079e-06 2.226483e+00 
2.063481e-06 2.218260e+00 
2.065930e-06 2.221499e+00 
2.068379e-06 2.232162e+00 
2.073277e-06 2.274013e+00 
2.078175e-06 2.339180e+00 
2.083073e-06 2.421985e+00 
2.102238e-06 2.818301e+00 
2.112362e-06 3.030058e+00 
2.122487e-06 3.233699e+00 
2.137674e-06 3.532373e+00 
2.157923e-06 3.940145e+00 
2.238056e-06 5.923246e+00 
2.261500e-06 6.678589e+00 
2.283479e-06 7.488865e+00 
2.304084e-06 8.356786e+00 
2.323401e-06 9.284628e+00 
2.341511e-06 1.027435e+01 
2.358489e-06 1.132763e+01 
2.374406e-06 1.244582e+01 
2.389328e-06 1.363002e+01 
2.403318e-06 1.488121e+01 
2.416433e-06 1.620026e+01 
2.428728e-06 1.758784e+01 
2.440255e-06 1.904439e+01 
2.451062e-06 2.057023e+01 
2.461193e-06 2.216556e+01 
2.470691e-06 2.383034e+01 
2.479595e-06 2.556380e+01 
2.487943e-06 2.736421e+01 
2.495769e-06 2.922898e+01 
2.510443e-06 3.327891e+01 
2.523283e-06 3.756607e+01 
2.534518e-06 4.206426e+01 
2.544348e-06 4.674327e+01 
2.552949e-06 5.156779e+01 
2.560476e-06 5.649883e+01 
2.567061e-06 6.149603e+01 
2.572824e-06 6.651949e+01 
2.577866e-06 7.153063e+01 
2.586689e-06 8.211076e+01 
2.593307e-06 9.210707e+01 
2.598270e-06 1.012110e+02 
2.601993e-06 1.092076e+02 
2.607577e-06 1.236073e+02 
2.613160e-06 1.417350e+02 
2.616376e-06 1.543180e+02 
2.619592e-06 1.687914e+02 
2.622808e-06 1.854490e+02 
2.626024e-06 2.046091e+02 
2.629240e-06 2.266100e+02 
2.632456e-06 2.518025e+02 
2.635672e-06 2.805404e+02 
2.643712e-06 3.700984e+02 
2.652426e-06 4.995995e+02 
2.658184e-06 6.047774e+02 
2.661200e-06 6.658588e+02 
2.664216e-06 7.307022e+02 
2.670741e-06 8.816450e+02 
2.671584e-06 9.019462e+02 
2.677480e-06 1.046716e+03 
2.679691e-06 1.101266e+03 
2.684514e-06 1.217875e+03 
2.686629e-06 1.267034e+03 
2.689652e-06 1.334040e+03 
2.691596e-06 1.374583e+03 
2.694768e-06 1.435535e+03 
2.697724e-06 1.485487e+03 
2.700988e-06 1.531704e+03 
2.703777e-06 1.562936e+03 
2.707600e-06 1.592225e+03 
2.710494e-06 1.603386e+03 
2.714475e-06 1.602722e+03 
2.716868e-06 1.593358e+03 
2.723248e-06 1.536606e+03 
2.726330e-06 1.493780e+03 
2.729793e-06 1.435112e+03 
2.733057e-06 1.370893e+03 
2.736467e-06 1.296149e+03 
2.739772e-06 1.217869e+03 
2.741946e-06 1.164044e+03 
2.745053e-06 1.084963e+03 
2.748299e-06 1.000917e+03 
2.752310e-06 8.970590e+02 
2.755573e-06 8.141402e+02 
2.759244e-06 7.239847e+02 
2.762099e-06 6.569473e+02 
2.768624e-06 5.164290e+02 
2.770969e-06 4.707832e+02 
2.773646e-06 4.220214e+02 
2.777660e-06 3.556407e+02 
2.781675e-06 2.973006e+02 
2.785480e-06 2.491521e+02 
2.788751e-06 2.130082e+02 
2.792424e-06 1.777755e+02 
2.796807e-06 1.424509e+02 
2.801435e-06 1.121107e+02 
2.807430e-06 8.170148e+01 
2.820950e-06 3.962208e+01 
2.834471e-06 1.932639e+01 
2.847992e-06 9.475059e+00 
2.861513e-06 4.610517e+00 
2.864893e-06 3.862481e+00 
2.868273e-06 3.256046e+00 
2.869963e-06 3.001050e+00 
2.872498e-06 2.674213e+00 
2.875033e-06 2.409921e+00 
2.878414e-06 2.147666e+00 
2.880949e-06 2.013922e+00 
2.882267e-06 1.964515e+00 
2.883679e-06 1.926228e+00 
2.884616e-06 1.908988e+00 
2.886016e-06 1.895021e+00 
2.886945e-06 1.893370e+00 
2.888796e-06 1.907668e+00 
2.890632e-06 1.944270e+00 
2.892454e-06 2.001834e+00 
2.896070e-06 2.175719e+00 
2.899629e-06 2.419833e+00 
2.955684e-06 1.386573e+01 
2.966195e-06 1.794434e+01 
2.976048e-06 2.265778e+01 
2.985286e-06 2.802279e+01 
2.993946e-06 3.404784e+01 
3.023502e-06 6.516447e+01 
3.031001e-06 7.698310e+01 
3.035654e-06 8.552897e+01 
3.041166e-06 9.714292e+01 
3.046334e-06 1.098304e+02 
3.051179e-06 1.236916e+02 
3.055721e-06 1.388299e+02 
3.059979e-06 1.553442e+02 
3.063971e-06 1.733212e+02 
3.067713e-06 1.928274e+02 
3.072000e-06 2.189908e+02 
3.077595e-06 2.607553e+02 
3.083377e-06 3.154541e+02 
3.088436e-06 3.755546e+02 
3.092863e-06 4.397076e+02 
3.096736e-06 5.063602e+02 
3.105686e-06 7.064339e+02 
3.117005e-06 1.076812e+03 
3.123489e-06 1.361251e+03 
3.129174e-06 1.659158e+03 
3.131539e-06 1.796912e+03 
3.135384e-06 2.038112e+03 
3.139228e-06 2.300205e+03 
3.146917e-06 2.881605e+03 
3.147878e-06 2.958993e+03 
3.155152e-06 3.569940e+03 
3.157969e-06 3.814770e+03 
3.160658e-06 4.050184e+03 
3.164034e-06 4.345362e+03 
3.167789e-06 4.668503e+03 
3.169985e-06 4.852961e+03 
3.173589e-06 5.144550e+03 
3.177475e-06 5.438410e+03 
3.180926e-06 5.676484e+03 
3.184114e-06 5.873571e+03 
3.185843e-06 5.970068e+03 
3.190348e-06 6.183766e+03 
3.193866e-06 6.309326e+03 
3.198725e-06 6.418449e+03 
3.202311e-06 6.449183e+03 
3.206547e-06 6.430331e+03 
3.209948e-06 6.372585e+03 
3.213298e-06 6.279992e+03 
3.218301e-06 6.080040e+03 
3.221999e-06 5.889310e+03 
3.225583e-06 5.674120e+03 
3.228771e-06 5.461190e+03 
3.232351e-06 5.202157e+03 
3.235341e-06 4.972967e+03 
3.239185e-06 4.665869e+03 
3.243029e-06 4.350113e+03 
3.246874e-06 4.031178e+03 
3.251199e-06 3.674794e+03 
3.254563e-06 3.403253e+03 
3.262252e-06 2.815034e+03 
3.265015e-06 2.617976e+03 
3.271322e-06 2.202029e+03 
3.277630e-06 1.836809e+03 
3.285537e-06 1.452108e+03 
3.299372e-06 9.591833e+02 
3.302285e-06 8.807567e+02 
3.306654e-06 7.770620e+02 
3.311023e-06 6.883466e+02 
3.316432e-06 5.964181e+02 
3.321841e-06 5.211477e+02 
3.325840e-06 4.744161e+02 
3.329840e-06 4.340563e+02 
3.333840e-06 3.991140e+02 
3.337839e-06 3.687561e+02 
3.345838e-06 3.190248e+02 
3.353837e-06 2.803158e+02 
3.360223e-06 2.551439e+02 
3.366609e-06 2.337771e+02 
3.377158e-06 2.046517e+02 
3.386428e-06 1.837180e+02 
3.394622e-06 1.679115e+02 
3.406756e-06 1.480709e+02 
3.416585e-06 1.344692e+02 
3.425951e-06 1.231599e+02 
3.434869e-06 1.136479e+02 
3.450348e-06 9.953389e+01 
3.460174e-06 9.190155e+01 
3.472027e-06 8.387270e+01 
3.480531e-06 7.883870e+01 
3.489035e-06 7.437549e+01 
3.497540e-06 7.045634e+01 
3.504373e-06 6.768062e+01 
3.511206e-06 6.521476e+01 
3.517129e-06 6.330655e+01 
3.523052e-06 6.158744e+01 
3.531556e-06 5.939648e+01 
3.548564e-06 5.566994e+01 
3.563446e-06 5.268851e+01 
3.573013e-06 5.074301e+01 
3.582580e-06 4.872224e+01 
3.591085e-06 4.685822e+01 
3.599589e-06 4.494527e+01 
3.608093e-06 4.300947e+01 
3.643671e-06 3.538695e+01 
3.652574e-06 3.376569e+01 
3.661832e-06 3.224907e+01 
3.670736e-06 3.095948e+01 
3.679639e-06 2.982941e+01 
3.688543e-06 2.884108e+01 
3.706350e-06 2.717258e+01 
3.724310e-06 2.567264e+01 
3.733455e-06 2.490267e+01 
3.742599e-06 2.410600e+01 
3.751744e-06 2.328083e+01 
3.770032e-06 2.158618e+01 
3.794322e-06 1.944271e+01 
3.806610e-06 1.848887e+01 
3.825186e-06 1.728176e+01 
3.836628e-06 1.669629e+01 
3.846165e-06 1.630386e+01 
3.852332e-06 1.609492e+01 
3.862011e-06 1.583162e+01 
3.871690e-06 1.563378e+01 
3.903481e-06 1.516061e+01 
3.911394e-06 1.501590e+01 
3.919688e-06 1.483123e+01 
3.929413e-06 1.456592e+01 
3.945165e-06 1.402763e+01 
3.961343e-06 1.336765e+01 
3.981366e-06 1.247751e+01 
4.010246e-06 1.118649e+01 
4.026682e-06 1.047055e+01 
4.043884e-06 9.727396e+00 
4.059024e-06 9.071295e+00 
4.074776e-06 8.388063e+00 
4.096671e-06 7.465817e+00 
4.118412e-06 6.647475e+00 
4.131647e-06 6.229905e+00 
4.144249e-06 5.901218e+00 
4.154526e-06 5.683034e+00 
4.164823e-06 5.504010e+00 
4.174110e-06 5.368870e+00 
4.202491e-06 5.009868e+00 
4.212562e-06 4.865129e+00 
4.222634e-06 4.696377e+00 
4.232705e-06 4.499551e+00 
4.242776e-06 4.274659e+00 
4.252847e-06 4.025287e+00 
4.262919e-06 3.757630e+00 
4.272990e-06 3.479285e+00 
4.285415e-06 3.132659e+00 
4.295886e-06 2.846541e+00 
4.306357e-06 2.571931e+00 
4.322372e-06 2.181515e+00 
4.337769e-06 1.843828e+00 
4.365158e-06 1.348016e+00 
4.372440e-06 1.246010e+00 
4.377329e-06 1.186995e+00 
4.382217e-06 1.136698e+00 
4.386677e-06 1.099270e+00 
4.396050e-06 1.050292e+00 
4.400736e-06 1.042441e+00 
4.403079e-06 1.042963e+00 
4.405422e-06 1.046535e+00 
4.408108e-06 1.054443e+00 
4.412138e-06 1.074045e+00 
4.416167e-06 1.102991e+00 
4.417580e-06 1.115348e+00 
4.423869e-06 1.184046e+00 
4.428782e-06 1.252804e+00 
4.431081e-06 1.289319e+00 
4.438979e-06 1.434494e+00 
4.447537e-06 1.623431e+00 
4.464219e-06 2.081691e+00 
4.472370e-06 2.360875e+00 
4.478933e-06 2.628006e+00 
4.482504e-06 2.795464e+00 
4.492766e-06 3.403030e+00 
4.497117e-06 3.737580e+00 
4.503927e-06 4.388032e+00 
4.508287e-06 4.904797e+00 
4.512867e-06 5.549617e+00 
4.518410e-06 6.493177e+00 
4.520495e-06 6.899989e+00 
4.532413e-06 9.862853e+00 
4.542061e-06 1.317463e+01 
4.549153e-06 1.618593e+01 
4.555228e-06 1.915944e+01 
4.560186e-06 2.184574e+01 
4.564219e-06 2.419144e+01 
4.567817e-06 2.639294e+01 
4.573680e-06 3.016873e+01 
4.577644e-06 3.282543e+01 
4.582821e-06 3.637502e+01 
4.586549e-06 3.895707e+01 
4.591583e-06 4.242762e+01 
4.596462e-06 4.571854e+01 
4.600784e-06 4.852461e+01 
4.605254e-06 5.127177e+01 
4.609739e-06 5.382355e+01 
4.614037e-06 5.603588e+01 
4.618982e-06 5.825321e+01 
4.622279e-06 5.951408e+01 
4.627142e-06 6.102745e+01 
4.631026e-06 6.192195e+01 
4.641605e-06 6.286607e+01 
4.646172e-06 6.258980e+01 
4.653241e-06 6.137478e+01 
4.656584e-06 6.048461e+01 
4.659819e-06 5.944387e+01 
4.662903e-06 5.829791e+01 
4.665701e-06 5.713856e+01 
4.670455e-06 5.493354e+01 
4.674111e-06 5.306276e+01 
4.679283e-06 5.020813e+01 
4.684103e-06 4.738495e+01 
4.690563e-06 4.346094e+01 
4.695870e-06 4.020875e+01 
4.702601e-06 3.617795e+01 
4.718818e-06 2.773399e+01 
4.721138e-06 2.674815e+01 
4.725199e-06 2.519144e+01 
4.731290e-06 2.329443e+01 
4.734580e-06 2.250473e+01 
4.737382e-06 2.196867e+01 
4.740542e-06 2.151868e+01 
4.742997e-06 2.128432e+01 
4.751018e-06 2.123201e+01 
4.753483e-06 2.143558e+01 
4.754675e-06 2.157078e+01 
4.758801e-06 2.222116e+01 
4.763594e-06 2.332243e+01 
4.767413e-06 2.445455e+01 
4.771377e-06 2.585362e+01 
4.777285e-06 2.832612e+01 
4.794456e-06 3.751393e+01 
4.800749e-06 4.132146e+01 
4.806948e-06 4.512181e+01 
4.810063e-06 4.701293e+01 
4.815982e-06 5.050546e+01 
4.821588e-06 5.361859e+01 
4.824282e-06 5.502341e+01 
4.828891e-06 5.726045e+01 
4.834236e-06 5.955087e+01 
4.838034e-06 6.095450e+01 
4.844379e-06 6.284266e+01 
4.848650e-06 6.377184e+01 
4.855075e-06 6.462901e+01 
4.859065e-06 6.483079e+01 
4.862873e-06 6.478897e+01 
4.866682e-06 6.452300e+01 
4.871760e-06 6.383282e+01 
4.875025e-06 6.319660e+01 
4.878289e-06 6.241874e+01 
4.884093e-06 6.071367e+01 
4.889897e-06 5.864353e+01 
4.895700e-06 5.626824e+01 
4.901504e-06 5.365044e+01 
4.904493e-06 5.222824e+01 
4.910935e-06 4.904039e+01 
4.913111e-06 4.793652e+01 
4.924718e-06 4.196946e+01 
4.928125e-06 4.022910e+01 
4.938343e-06 3.515709e+01 
4.947933e-06 3.071061e+01 
4.958046e-06 2.645039e+01 
4.968656e-06 2.250527e+01 
4.987956e-06 1.670003e+01 
5.000203e-06 1.385295e+01 
5.012450e-06 1.156880e+01 
5.024698e-06 9.784513e+00 
5.030741e-06 9.074347e+00 
5.034709e-06 8.666828e+00 
5.040570e-06 8.148553e+00 
5.057530e-06 7.199710e+00 
5.069918e-06 7.011872e+00 
5.071466e-06 7.017349e+00 
5.082305e-06 7.225721e+00 
5.087003e-06 7.402735e+00 
5.091487e-06 7.615770e+00 
5.097828e-06 7.982475e+00 
5.107020e-06 8.624680e+00 
5.122234e-06 9.854117e+00 
5.130299e-06 1.051998e+01 
5.134921e-06 1.088753e+01 
5.142084e-06 1.142067e+01 
5.144472e-06 1.158593e+01 
5.157404e-06 1.234983e+01 
5.169948e-06 1.287406e+01 
5.182192e-06 1.324144e+01 
5.194922e-06 1.362401e+01 
5.201116e-06 1.387552e+01 
5.207089e-06 1.419544e+01 
5.210675e-06 1.443526e+01 
5.216257e-06 1.489547e+01 
5.221839e-06 1.547859e+01 
5.222979e-06 1.561432e+01 
5.230955e-06 1.673792e+01 
5.236890e-06 1.778398e+01 
5.248650e-06 2.041095e+01 
5.261448e-06 2.406601e+01 
5.274375e-06 2.841584e+01 
5.281839e-06 3.110486e+01 
5.289376e-06 3.385463e+01 
5.296137e-06 3.627994e+01 
5.300684e-06 3.785569e+01 
5.305917e-06 3.958689e+01 
5.311947e-06 4.143957e+01 
5.324706e-06 4.470665e+01 
5.328818e-06 4.553784e+01 
5.337863e-06 4.694428e+01 
5.344526e-06 4.759669e+01 
5.351655e-06 4.793498e+01 
5.357477e-06 4.794455e+01 
5.365119e-06 4.761659e+01 
5.372487e-06 4.696865e+01 
5.374943e-06 4.668761e+01 
5.384512e-06 4.532482e+01 
5.387702e-06 4.478802e+01 
5.400764e-06 4.226618e+01 
5.417984e-06 3.845825e+01 
5.433011e-06 3.501138e+01 
5.441862e-06 3.302304e+01 
5.476742e-06 2.608516e+01 
5.489742e-06 2.399582e+01 
5.502742e-06 2.220944e+01 
5.509242e-06 2.142952e+01 
5.515743e-06 2.072291e+01 
5.522243e-06 2.008676e+01 
5.528743e-06 1.951737e+01 
5.542428e-06 1.851618e+01 
5.549271e-06 1.810384e+01 
5.556113e-06 1.774147e+01 
5.569789e-06 1.714005e+01 
5.586413e-06 1.656865e+01 
5.603825e-06 1.608314e+01 
5.647087e-06 1.508235e+01 
5.685614e-06 1.430650e+01 
5.805110e-06 1.224186e+01 
5.818975e-06 1.205334e+01 
5.830310e-06 1.192629e+01 
5.842660e-06 1.182364e+01 
5.854649e-06 1.176649e+01 
5.872766e-06 1.177031e+01 
5.879740e-06 1.180205e+01 
5.895313e-06 1.193168e+01 
5.910900e-06 1.213250e+01 
5.956621e-06 1.289903e+01 
5.967203e-06 1.305497e+01 
5.981256e-06 1.321786e+01 
5.996345e-06 1.332175e+01 
6.012346e-06 1.334269e+01 
6.026537e-06 1.328628e+01 
6.038230e-06 1.319322e+01 
6.049475e-06 1.307147e+01 
6.063801e-06 1.288299e+01 
6.128850e-06 1.193568e+01 
6.173665e-06 1.144697e+01 
6.248357e-06 1.091351e+01 
6.367863e-06 1.033549e+01 
6.477742e-06 9.919317e+00 
6.576003e-06 9.593988e+00 
7.287493e-06 7.800859e+00 
7.408167e-06 7.466876e+00 
7.444636e-06 7.406936e+00 
7.466301e-06 7.402473e+00 
7.481104e-06 7.416729e+00 
7.499339e-06 7.455117e+00 
7.528445e-06 7.560901e+00 
7.590947e-06 7.867755e+00 
7.609315e-06 7.938294e+00 
7.627682e-06 7.984762e+00 
7.641667e-06 8.001191e+00 
7.655652e-06 8.000529e+00 
7.682785e-06 7.953617e+00 
7.718150e-06 7.824071e+00 
7.811359e-06 7.396944e+00 
7.959839e-06 6.942044e+00 
8.018615e-06 6.835496e+00 
8.038207e-06 6.815324e+00 
8.072666e-06 6.800575e+00 
8.175352e-06 6.820656e+00 
8.194944e-06 6.810324e+00 
8.222426e-06 6.779463e+00 
8.253721e-06 6.723225e+00 
8.351809e-06 6.501738e+00 
8.423363e-06 6.377244e+00 
8.487540e-06 6.285047e+00 
8.521914e-06 6.247646e+00 
8.554548e-06 6.230595e+00 
8.576225e-06 6.233241e+00 
8.601063e-06 6.251549e+00 
8.659312e-06 6.344592e+00 
8.704663e-06 6.422456e+00 
8.726773e-06 6.445560e+00 
8.752310e-06 6.452560e+00 
8.783046e-06 6.429594e+00 
8.818004e-06 6.364858e+00 
8.855683e-06 6.262130e+00 
8.961707e-06 5.934693e+00 
9.024243e-06 5.783583e+00 
9.081514e-06 5.687236e+00 
9.144377e-06 5.627595e+00 
9.235338e-06 5.603585e+00 
9.298474e-06 5.586277e+00 
9.329429e-06 5.565736e+00 
9.389420e-06 5.501451e+00 
9.503570e-06 5.354846e+00 
9.609692e-06 5.246492e+00 
9.917638e-06 4.916047e+00 
1.012646e-05 4.661304e+00 
1.039495e-05 4.389222e+00 
1.080000e-05 3.964248e+00 
1.109861e-05 3.648525e+00 
1.139950e-05 3.335304e+00 
1.165750e-05 3.076890e+00 
1.193040e-05 2.815898e+00 
1.230269e-05 2.485184e+00 
1.260654e-05 2.245559e+00 
1.276337e-05 2.136610e+00 
1.290563e-05 2.048171e+00 
1.299930e-05 1.995991e+00 
1.314468e-05 1.925712e+00 
1.322377e-05 1.893912e+00 
1.331976e-05 1.863638e+00 
1.341280e-05 1.847044e+00 
1.345690e-05 1.844838e+00 
1.354153e-05 1.851155e+00 
1.369731e-05 1.891060e+00 
1.376859e-05 1.918364e+00 
1.389806e-05 1.981201e+00 
1.401553e-05 2.053503e+00 
1.412538e-05 2.135548e+00 
1.420824e-05 2.207488e+00 
1.433606e-05 2.336328e+00 
1.443026e-05 2.445995e+00 
1.454232e-05 2.594343e+00 
1.468286e-05 2.810549e+00 
1.487431e-05 3.164302e+00 
1.505691e-05 3.574806e+00 
1.524491e-05 4.084441e+00 
1.542213e-05 4.656681e+00 
1.556821e-05 5.206906e+00 
1.575521e-05 6.032998e+00 
1.598144e-05 7.239933e+00 
1.617764e-05 8.507653e+00 
1.637384e-05 1.002809e+01 
1.654471e-05 1.159861e+01 
1.672700e-05 1.357654e+01 
1.687281e-05 1.542613e+01 
1.703663e-05 1.783908e+01 
1.721055e-05 2.087343e+01 
1.738622e-05 2.454088e+01 
1.755092e-05 2.864193e+01 
1.770531e-05 3.320595e+01 
1.785006e-05 3.826288e+01 
1.798577e-05 4.383525e+01 
1.813166e-05 5.091390e+01 
1.823226e-05 5.658963e+01 
1.834407e-05 6.382397e+01 
1.844890e-05 7.166030e+01 
1.854717e-05 8.010629e+01 
1.866710e-05 9.214436e+01 
1.873413e-05 9.986006e+01 
1.880666e-05 1.091525e+02 
1.890890e-05 1.242155e+02 
1.902047e-05 1.438638e+02 
1.911641e-05 1.641348e+02 
1.919664e-05 1.840969e+02 
1.924818e-05 1.986727e+02 
1.929650e-05 2.137978e+02 
1.938710e-05 2.467304e+02 
1.946637e-05 2.816922e+02 
1.953574e-05 3.184832e+02 
1.960459e-05 3.626174e+02 
1.964954e-05 3.967558e+02 
1.969601e-05 4.376947e+02 
1.973667e-05 4.792955e+02 
1.977225e-05 5.210228e+02 
1.980338e-05 5.622901e+02 
1.985786e-05 6.470176e+02 
1.989872e-05 7.225768e+02 
1.995235e-05 8.393991e+02 
2.003362e-05 1.056982e+03 
2.007058e-05 1.171435e+03 
2.011986e-05 1.336639e+03 
2.016914e-05 1.512546e+03 
2.021842e-05 1.694895e+03 
2.026770e-05 1.881199e+03 
2.036626e-05 2.283542e+03 
2.040322e-05 2.465450e+03 
2.041554e-05 2.533522e+03 
2.045250e-05 2.769628e+03 
2.046482e-05 2.861652e+03 
2.051410e-05 3.321267e+03 
2.053104e-05 3.521299e+03 
2.056338e-05 3.978618e+03 
2.058032e-05 4.263406e+03 
2.059649e-05 4.567866e+03 
2.061833e-05 5.034206e+03 
2.064966e-05 5.824109e+03 
2.075541e-05 9.688107e+03 
2.078866e-05 1.129551e+04 
2.081375e-05 1.261988e+04 
2.086460e-05 1.554274e+04 
2.088098e-05 1.653377e+04 
2.091226e-05 1.845807e+04 
2.093897e-05 2.010323e+04 
2.095489e-05 2.107010e+04 
2.097765e-05 2.241622e+04 
2.099959e-05 2.365563e+04 
2.102138e-05 2.480962e+04 
2.104648e-05 2.601950e+04 
2.106798e-05 2.693396e+04 
2.109778e-05 2.798607e+04 
2.112104e-05 2.861429e+04 
2.114815e-05 2.911450e+04 
2.117027e-05 2.932962e+04 
2.121894e-05 2.918082e+04 
2.124168e-05 2.882414e+04 
2.126488e-05 2.828260e+04 
2.128254e-05 2.775765e+04 
2.130536e-05 2.694779e+04 
2.132540e-05 2.612569e+04 
2.134486e-05 2.524074e+04 
2.136989e-05 2.399760e+04 
2.139213e-05 2.281321e+04 
2.141359e-05 2.161900e+04 
2.144616e-05 1.974563e+04 
2.147158e-05 1.826455e+04 
2.150018e-05 1.661102e+04 
2.152243e-05 1.535263e+04 
2.157774e-05 1.240690e+04 
2.160075e-05 1.128162e+04 
2.164468e-05 9.326627e+03 
2.168278e-05 7.848342e+03 
2.173083e-05 6.271666e+03 
2.183171e-05 3.899129e+03 
2.185674e-05 3.475979e+03 
2.188325e-05 3.086218e+03 
2.190976e-05 2.749616e+03 
2.193626e-05 2.459486e+03 
2.196277e-05 2.209620e+03 
2.200392e-05 1.888424e+03 
2.204229e-05 1.648052e+03 
2.206880e-05 1.508648e+03 
2.212334e-05 1.274894e+03 
2.217483e-05 1.103589e+03 
2.222852e-05 9.612165e+02 
2.228221e-05 8.455793e+02 
2.233639e-05 7.487706e+02 
2.239057e-05 6.669620e+02 
2.244474e-05 5.966850e+02 
2.255310e-05 4.815312e+02 
2.271471e-05 3.529114e+02 
2.282653e-05 2.863705e+02 
2.288243e-05 2.593503e+02 
2.293834e-05 2.364160e+02 
2.297168e-05 2.246342e+02 
2.301941e-05 2.100933e+02 
2.305715e-05 2.003893e+02 
2.309488e-05 1.920818e+02 
2.314521e-05 1.828094e+02 
2.321789e-05 1.720005e+02 
2.338577e-05 1.512870e+02 
2.346531e-05 1.420548e+02 
2.352278e-05 1.362706e+02 
2.355760e-05 1.334545e+02 
2.358026e-05 1.319923e+02 
2.361488e-05 1.304145e+02 
2.364384e-05 1.297663e+02 
2.368021e-05 1.298678e+02 
2.371658e-05 1.309843e+02 
2.374204e-05 1.323322e+02 
2.377546e-05 1.347216e+02 
2.381843e-05 1.386026e+02 
2.392391e-05 1.495092e+02 
2.394209e-05 1.512378e+02 
2.399301e-05 1.553236e+02 
2.400756e-05 1.562354e+02 
2.405121e-05 1.581611e+02 
2.406934e-05 1.585819e+02 
2.410106e-05 1.587703e+02 
2.412831e-05 1.583878e+02 
2.416156e-05 1.572859e+02 
2.419624e-05 1.554811e+02 
2.425858e-05 1.509575e+02 
2.434383e-05 1.434098e+02 
2.444097e-05 1.350150e+02 
2.449595e-05 1.309605e+02 
2.453472e-05 1.284776e+02 
2.459883e-05 1.250124e+02 
2.471456e-05 1.202177e+02 
2.494188e-05 1.124116e+02 
2.538244e-05 9.757873e+01 
2.591830e-05 8.324132e+01 
2.630419e-05 7.388577e+01 
2.661809e-05 6.656218e+01 
2.685495e-05 6.122921e+01 
2.704710e-05 5.704592e+01 
2.737151e-05 5.033732e+01 
2.788140e-05 4.120648e+01 
2.800530e-05 3.942788e+01 
2.813426e-05 3.785556e+01 
2.825528e-05 3.668608e+01 
2.836886e-05 3.588861e+01 
2.847505e-05 3.542684e+01 
2.855010e-05 3.528646e+01 
2.862159e-05 3.532746e+01 
2.868818e-05 3.556212e+01 
2.874270e-05 3.593744e+01 
2.880540e-05 3.663441e+01 
2.884558e-05 3.726754e+01 
2.888483e-05 3.805665e+01 
2.892284e-05 3.900935e+01 
2.895967e-05 4.013720e+01 
2.899535e-05 4.145116e+01 
2.902992e-05 4.296171e+01 
2.906340e-05 4.467897e+01 
2.909584e-05 4.661291e+01 
2.912726e-05 4.877354e+01 
2.915770e-05 5.117114e+01 
2.918719e-05 5.381644e+01 
2.921663e-05 5.681450e+01 
2.924344e-05 5.989632e+01 
2.927025e-05 6.335602e+01 
2.932220e-05 7.132346e+01 
2.937090e-05 8.065205e+01 
2.942303e-05 9.321287e+01 
2.945949e-05 1.040076e+02 
2.949949e-05 1.182465e+02 
2.953710e-05 1.344523e+02 
2.957237e-05 1.527024e+02 
2.960543e-05 1.730718e+02 
2.963819e-05 1.969919e+02 
2.966549e-05 2.202811e+02 
2.969273e-05 2.470671e+02 
2.971828e-05 2.758657e+02 
2.974222e-05 3.065459e+02 
2.977651e-05 3.575850e+02 
2.982517e-05 4.469871e+02 
2.997743e-05 9.068002e+02 
3.004143e-05 1.211162e+03 
3.008852e-05 1.488288e+03 
3.012838e-05 1.761794e+03 
3.015193e-05 1.941086e+03 
3.017548e-05 2.133887e+03 
3.021253e-05 2.464864e+03 
3.024957e-05 2.829649e+03 
3.032830e-05 3.711373e+03 
3.033698e-05 3.816739e+03 
3.040239e-05 4.652691e+03 
3.042626e-05 4.972695e+03 
3.047185e-05 5.596465e+03 
3.050947e-05 6.115448e+03 
3.054594e-05 6.612850e+03 
3.058356e-05 7.110733e+03 
3.061319e-05 7.485331e+03 
3.063855e-05 7.789620e+03 
3.067068e-05 8.148450e+03 
3.069875e-05 8.433371e+03 
3.074216e-05 8.812628e+03 
3.077606e-05 9.050450e+03 
3.081659e-05 9.260884e+03 
3.085272e-05 9.376554e+03 
3.087069e-05 9.408082e+03 
3.090497e-05 9.419913e+03 
3.093896e-05 9.369526e+03 
3.099442e-05 9.159662e+03 
3.102259e-05 8.996290e+03 
3.104458e-05 8.844421e+03 
3.107601e-05 8.593405e+03 
3.109621e-05 8.412857e+03 
3.111641e-05 8.218869e+03 
3.114050e-05 7.971958e+03 
3.117211e-05 7.625958e+03 
3.121275e-05 7.152821e+03 
3.124980e-05 6.702998e+03 
3.128684e-05 6.244206e+03 
3.132852e-05 5.727116e+03 
3.136094e-05 5.330404e+03 
3.143503e-05 4.464083e+03 
3.146049e-05 4.184400e+03 
3.150912e-05 3.682155e+03 
3.157858e-05 3.044437e+03 
3.174373e-05 1.916800e+03 
3.177440e-05 1.762929e+03 
3.182369e-05 1.546748e+03 
3.187835e-05 1.347042e+03 
3.191082e-05 1.245824e+03 
3.194865e-05 1.142145e+03 
3.198895e-05 1.046511e+03 
3.202896e-05 9.646108e+02 
3.209141e-05 8.583148e+02 
3.217562e-05 7.471207e+02 
3.225128e-05 6.700825e+02 
3.232838e-05 6.073013e+02 
3.240737e-05 5.547944e+02 
3.249999e-05 5.041146e+02 
3.263048e-05 4.465645e+02 
3.279480e-05 3.895894e+02 
3.295624e-05 3.453134e+02 
3.303928e-05 3.261303e+02 
3.311827e-05 3.098932e+02 
3.319840e-05 2.953005e+02 
3.328399e-05 2.816964e+02 
3.340537e-05 2.657362e+02 
3.344450e-05 2.613929e+02 
3.352128e-05 2.539767e+02 
3.360200e-05 2.477388e+02 
3.368272e-05 2.430806e+02 
3.373426e-05 2.409213e+02 
3.385082e-05 2.382859e+02 
3.391317e-05 2.380528e+02 
3.399123e-05 2.387270e+02 
3.409920e-05 2.409268e+02 
3.425024e-05 2.448491e+02 
3.438857e-05 2.474487e+02 
3.447776e-05 2.480441e+02 
3.457484e-05 2.476376e+02 
3.470546e-05 2.456794e+02 
3.504198e-05 2.383483e+02 
3.520252e-05 2.357608e+02 
3.548134e-05 2.330348e+02 
3.576959e-05 2.305711e+02 
3.616905e-05 2.255509e+02 
3.643187e-05 2.220209e+02 
3.707077e-05 2.153131e+02 
3.784501e-05 2.094949e+02 
3.908690e-05 2.027868e+02 
4.012380e-05 1.987084e+02 
4.147924e-05 1.949367e+02 
4.358881e-05 1.915712e+02 
4.656519e-05 1.895998e+02 
4.952734e-05 1.882596e+02 
5.032446e-05 1.873125e+02 
5.065925e-05 1.873968e+02 
5.101203e-05 1.888567e+02 
5.127662e-05 1.912252e+02 
5.174575e-05 1.967893e+02 
5.203132e-05 1.992092e+02 
5.222289e-05 1.998886e+02 
5.238389e-05 1.998982e+02 
5.323664e-05 1.977855e+02 
5.364061e-05 1.980493e+02 
5.474792e-05 1.997511e+02 
5.594265e-05 2.001251e+02 
5.900000e-05 1.999753e+02 
6.165950e-05 1.977328e+02 
6.389527e-05 1.939035e+02 
6.614973e-05 1.879694e+02 
6.804324e-05 1.811424e+02 
6.991747e-05 1.727681e+02 
7.148804e-05 1.644905e+02 
7.304703e-05 1.550952e+02 
7.450490e-05 1.452736e+02 
7.570537e-05 1.374433e+02 
7.631985e-05 1.361159e+02 
7.745973e-05 1.426850e+02 
7.864820e-05 1.553917e+02 
8.000645e-05 1.731746e+02 
8.115568e-05 1.912875e+02 
8.204717e-05 2.078318e+02 
8.317638e-05 2.326561e+02 
8.423128e-05 2.606640e+02 
8.517507e-05 2.908096e+02 
8.609480e-05 3.260022e+02 
8.685899e-05 3.607808e+02 
8.768478e-05 4.054869e+02 
8.838519e-05 4.506433e+02 
8.899693e-05 4.968922e+02 
8.931163e-05 5.236444e+02 
8.995878e-05 5.862564e+02 
9.023378e-05 6.164817e+02 
9.067760e-05 6.707246e+02 
9.104427e-05 7.214556e+02 
9.146396e-05 7.873188e+02 
9.185969e-05 8.584871e+02 
9.230695e-05 9.518423e+02 
9.266671e-05 1.039136e+03 
9.293297e-05 1.112213e+03 
9.332543e-05 1.235856e+03 
9.372454e-05 1.385725e+03 
9.404678e-05 1.529341e+03 
9.438475e-05 1.707929e+03 
9.470252e-05 1.909672e+03 
9.500000e-05 2.137867e+03 
9.522385e-05 2.342506e+03 
9.543673e-05 2.571202e+03 
9.562299e-05 2.806008e+03 
9.578598e-05 3.044910e+03 
9.592859e-05 3.285549e+03 
9.605337e-05 3.525334e+03 
9.627175e-05 4.026670e+03 
9.643553e-05 4.488359e+03 
9.655836e-05 4.894692e+03 
9.665049e-05 5.239138e+03 
9.678868e-05 5.829666e+03 
9.692687e-05 6.522815e+03 
9.716544e-05 8.011999e+03 
9.728473e-05 8.920652e+03 
9.752330e-05 1.112851e+04 
9.801235e-05 1.761055e+04 
9.821822e-05 2.121804e+04 
9.836594e-05 2.412685e+04 
9.851367e-05 2.728250e+04 
9.875496e-05 3.287643e+04 
9.878512e-05 3.360539e+04 
9.899625e-05 3.881210e+04 
9.907920e-05 4.087625e+04 
9.923754e-05 4.477002e+04 
9.933677e-05 4.713659e+04 
9.944294e-05 4.956626e+04 
9.956643e-05 5.221150e+04 
9.966172e-05 5.408540e+04 
9.978975e-05 5.632580e+04 
9.991314e-05 5.813688e+04 
9.997650e-05 5.891937e+04 
1.001179e-04 6.027310e+04 
1.002283e-04 6.093119e+04 
1.003732e-04 6.123921e+04 
1.004573e-04 6.112386e+04 
1.006991e-04 5.960806e+04 
1.007918e-04 5.858131e+04 
1.008395e-04 5.796350e+04 
1.009930e-04 5.559197e+04 
1.010907e-04 5.380822e+04 
1.011585e-04 5.246014e+04 
1.012738e-04 4.998780e+04 
1.013621e-04 4.796667e+04 
1.014882e-04 4.493040e+04 
1.016200e-04 4.163262e+04 
1.017711e-04 3.778017e+04 
1.018917e-04 3.470790e+04 
1.020381e-04 3.105250e+04 
1.021330e-04 2.875309e+04 
1.023743e-04 2.327014e+04 
1.024413e-04 2.185819e+04 
1.027470e-04 1.610788e+04 
1.029035e-04 1.362446e+04 
1.030562e-04 1.149613e+04 
1.032528e-04 9.165427e+03 
1.034365e-04 7.367110e+03 
1.036322e-04 5.807877e+03 
1.041007e-04 3.267527e+03 
1.043044e-04 2.572692e+03 
1.046486e-04 1.834621e+03 
1.048753e-04 1.617553e+03 
1.050082e-04 1.588342e+03 
1.051267e-04 1.625883e+03 
1.052218e-04 1.701612e+03 
1.052959e-04 1.790012e+03 
1.053632e-04 1.893638e+03 
1.054052e-04 1.970191e+03 
1.054638e-04 2.092139e+03 
1.055154e-04 2.215113e+03 
1.055691e-04 2.358700e+03 
1.056623e-04 2.647988e+03 
1.057940e-04 3.146912e+03 
1.060675e-04 4.550246e+03 
1.062586e-04 5.846813e+03 
1.063997e-04 6.978335e+03 
1.065741e-04 8.581229e+03 
1.066945e-04 9.814857e+03 
1.069379e-04 1.259594e+04 
1.070717e-04 1.426505e+04 
1.072244e-04 1.625819e+04 
1.073496e-04 1.793932e+04 
1.074206e-04 1.890136e+04 
1.075413e-04 2.053728e+04 
1.076715e-04 2.227629e+04 
1.077588e-04 2.341155e+04 
1.078798e-04 2.492641e+04 
1.079705e-04 2.600262e+04 
1.080857e-04 2.727611e+04 
1.082119e-04 2.853185e+04 
1.083072e-04 2.936713e+04 
1.084342e-04 3.031404e+04 
1.085312e-04 3.089832e+04 
1.087747e-04 3.179524e+04 
1.089003e-04 3.192799e+04 
1.090702e-04 3.175142e+04 
1.091978e-04 3.135980e+04 
1.092725e-04 3.103341e+04 
1.093949e-04 3.035328e+04 
1.095324e-04 2.939524e+04 
1.096473e-04 2.845792e+04 
1.097950e-04 2.710122e+04 
1.099182e-04 2.586671e+04 
1.100734e-04 2.421772e+04 
1.101856e-04 2.298605e+04 
1.102978e-04 2.173967e+04 
1.105528e-04 1.893039e+04 
1.106085e-04 1.833238e+04 
1.110341e-04 1.412639e+04 
1.114894e-04 1.055822e+04 
1.117260e-04 9.111778e+03 
1.119328e-04 8.056935e+03 
1.121351e-04 7.193912e+03 
1.122718e-04 6.693975e+03 
1.124084e-04 6.252988e+03 
1.125595e-04 5.825991e+03 
1.127573e-04 5.349230e+03 
1.129551e-04 4.950005e+03 
1.131136e-04 4.675973e+03 
1.133906e-04 4.275334e+03 
1.136677e-04 3.951939e+03 
1.139623e-04 3.671223e+03 
1.141904e-04 3.488442e+03 
1.144001e-04 3.341688e+03 
1.146051e-04 3.214708e+03 
1.148258e-04 3.093222e+03 
1.150742e-04 2.972331e+03 
1.153366e-04 2.859466e+03 
1.156848e-04 2.728219e+03 
1.160350e-04 2.612408e+03 
1.168201e-04 2.392582e+03 
1.171997e-04 2.300806e+03 
1.178224e-04 2.167269e+03 
1.183118e-04 2.076213e+03 
1.189458e-04 1.974704e+03 
1.198891e-04 1.852201e+03 
1.208295e-04 1.756087e+03 
1.219492e-04 1.667011e+03 
1.233402e-04 1.584358e+03 
1.245000e-04 1.532568e+03 
1.259500e-04 1.483380e+03 
1.273503e-04 1.446733e+03 
1.287000e-04 1.417866e+03 
1.334481e-04 1.338485e+03 
1.449814e-04 1.176469e+03 
1.902459e-04 7.926859e+02 
1.971788e-04 7.497091e+02 
2.012464e-04 7.237645e+02 
2.035800e-04 7.079847e+02 
2.082086e-04 6.719141e+02 
2.094375e-04 6.657738e+02 
2.107505e-04 6.633293e+02 
2.132814e-04 6.661151e+02 
2.158000e-04 6.678246e+02 
2.213095e-04 6.613863e+02 
2.268032e-04 6.508473e+02 
2.371374e-04 6.276899e+02 
2.434193e-04 6.127605e+02 
2.485808e-04 5.997400e+02 
2.570396e-04 5.767322e+02 
2.594428e-04 5.687126e+02 
2.641013e-04 5.513038e+02 
2.654414e-04 5.485111e+02 
2.667395e-04 5.481423e+02 
2.712438e-04 5.553901e+02 
2.733750e-04 5.549151e+02 
2.800141e-04 5.440119e+02 
2.990324e-04 5.116055e+02 
3.117247e-04 4.866372e+02 
3.260900e-04 4.548239e+02 
3.314197e-04 4.428722e+02 
3.374072e-04 4.346206e+02 
3.419872e-04 4.274875e+02 
3.539769e-04 4.033622e+02 
3.693524e-04 3.680341e+02 
3.816306e-04 3.363357e+02 
3.915121e-04 3.073573e+02 
3.974462e-04 2.870985e+02 
4.032614e-04 2.652131e+02 
4.052766e-04 2.594271e+02 
4.069042e-04 2.561357e+02 
4.101893e-04 2.521188e+02 
4.125980e-04 2.490918e+02 
4.147582e-04 2.451455e+02 
4.170875e-04 2.397865e+02 
4.208509e-04 2.298298e+02 
4.240849e-04 2.199812e+02 
4.288205e-04 2.042909e+02 
4.320000e-04 1.939819e+02 
4.363155e-04 1.799991e+02 
4.394757e-04 1.693069e+02 
4.422000e-04 1.597929e+02 
4.450000e-04 1.499351e+02 
4.535000e-04 1.224409e+02 
4.553750e-04 1.174668e+02 
4.574577e-04 1.126395e+02 
4.595306e-04 1.086731e+02 
4.621894e-04 1.049754e+02 
4.644928e-04 1.031717e+02 
4.670932e-04 1.028346e+02 
4.700000e-04 1.047279e+02 
4.725105e-04 1.083694e+02 
4.765000e-04 1.180488e+02 
4.802484e-04 1.315249e+02 
4.835029e-04 1.466674e+02 
4.882181e-04 1.741133e+02 
4.957902e-04 2.306637e+02 
5.000551e-04 2.682565e+02 
5.030000e-04 2.961636e+02 
5.050749e-04 3.166312e+02 
5.080000e-04 3.464388e+02 
5.108838e-04 3.767261e+02 
5.135220e-04 4.050602e+02 
5.159501e-04 4.315534e+02 
5.194422e-04 4.701647e+02 
5.242880e-04 5.243034e+02 
5.289942e-04 5.770469e+02 
5.347941e-04 6.417809e+02 
5.417569e-04 7.185744e+02 
5.475000e-04 7.804475e+02 
5.559043e-04 8.673315e+02 
5.617120e-04 9.245230e+02 
5.684933e-04 9.880171e+02 
5.790377e-04 1.080836e+03 
5.903311e-04 1.172739e+03 
6.025596e-04 1.264312e+03 
6.117925e-04 1.328598e+03 
6.273357e-04 1.426252e+03 
6.456542e-04 1.526241e+03 
6.654560e-04 1.617318e+03 
6.837540e-04 1.687675e+03 
6.996061e-04 1.737018e+03 
7.169997e-04 1.778369e+03 
7.315342e-04 1.805669e+03 
7.398610e-04 1.868492e+03 
7.436944e-04 1.945331e+03 
7.454266e-04 1.992940e+03 
7.492411e-04 2.117400e+03 
7.541476e-04 2.266155e+03 
7.563974e-04 2.305865e+03 
7.582503e-04 2.318436e+03 
7.601451e-04 2.311847e+03 
7.620246e-04 2.288054e+03 
7.656570e-04 2.210499e+03 
7.689883e-04 2.131627e+03 
7.707636e-04 2.096112e+03 
7.725845e-04 2.067690e+03 
7.763176e-04 2.037980e+03 
7.820936e-04 2.058721e+03 
7.839642e-04 2.079140e+03 
7.880663e-04 2.142992e+03 
7.939478e-04 2.266300e+03 
7.993353e-04 2.369553e+03 
8.013936e-04 2.394124e+03 
8.033794e-04 2.406937e+03 
8.053804e-04 2.408898e+03 
8.073558e-04 2.401335e+03 
8.168513e-04 2.318805e+03 
8.190502e-04 2.307516e+03 
8.225880e-04 2.302132e+03 
8.320029e-04 2.337402e+03 
8.462526e-04 2.409415e+03 
8.676796e-04 2.494087e+03 
9.041698e-04 2.606677e+03 
9.339261e-04 2.677135e+03 
9.681622e-04 2.740483e+03 
1.003651e-03 2.782184e+03 
1.043614e-03 2.796470e+03 
1.056046e-03 2.812054e+03 
1.070427e-03 2.855011e+03 
1.093327e-03 2.944092e+03 
1.106751e-03 2.986212e+03 
1.132691e-03 3.040823e+03 
1.164796e-03 3.088345e+03 
1.205426e-03 3.132549e+03 
1.255354e-03 3.170119e+03 
1.310690e-03 3.192767e+03 
1.356146e-03 3.224405e+03 
1.397502e-03 3.238085e+03 
1.461403e-03 3.237351e+03 
1.479769e-03 3.243197e+03 
1.519181e-03 3.271924e+03 
1.566751e-03 3.287868e+03 
1.629005e-03 3.293010e+03 
1.716511e-03 3.286733e+03 
1.790838e-03 3.269029e+03 
1.898676e-03 3.236189e+03 
1.998136e-03 3.199128e+03 
2.109284e-03 3.149501e+03 
2.235689e-03 3.080721e+03 
2.367931e-03 3.004012e+03 
2.513142e-03 2.909057e+03 
2.637850e-03 2.821409e+03 
2.783973e-03 2.709007e+03 
2.909336e-03 2.604392e+03 
3.032886e-03 2.491797e+03 
3.136437e-03 2.384113e+03 
3.224503e-03 2.281948e+03 
3.298598e-03 2.185577e+03 
3.359310e-03 2.096273e+03 
3.409082e-03 2.013161e+03 
3.454025e-03 1.927321e+03 
3.492962e-03 1.840827e+03 
3.527000e-03 1.751430e+03 
3.551942e-03 1.676256e+03 
3.588468e-03 1.565489e+03 
3.596911e-03 1.544832e+03 
3.605699e-03 1.527397e+03 
3.614665e-03 1.514758e+03 
3.621382e-03 1.509008e+03 
3.628189e-03 1.506467e+03 
3.640861e-03 1.509848e+03 
3.658480e-03 1.527756e+03 
3.696022e-03 1.586379e+03 
3.729608e-03 1.648414e+03 
3.769304e-03 1.734292e+03 
3.794000e-03 1.799546e+03 
3.814643e-03 1.866054e+03 
3.850020e-03 1.993725e+03 
3.868816e-03 2.056997e+03 
3.906765e-03 2.169570e+03 
3.941499e-03 2.269038e+03 
3.961163e-03 2.323006e+03 
3.978294e-03 2.366082e+03 
4.007935e-03 2.429471e+03 
4.039203e-03 2.482019e+03 
4.073870e-03 2.526928e+03 
4.112422e-03 2.564370e+03 
4.150913e-03 2.591121e+03 
4.194526e-03 2.610356e+03 
4.237157e-03 2.618372e+03 
4.271957e-03 2.615935e+03 
4.333184e-03 2.591963e+03 
4.370362e-03 2.579425e+03 
4.385968e-03 2.581390e+03 
4.403013e-03 2.591349e+03 
4.430029e-03 2.625076e+03 
4.499383e-03 2.760336e+03 
4.520998e-03 2.796992e+03 
4.543263e-03 2.827912e+03 
4.574643e-03 2.861264e+03 
4.615324e-03 2.892256e+03 
4.667265e-03 2.920147e+03 
4.720862e-03 2.940205e+03 
4.772375e-03 2.953204e+03 
4.853847e-03 2.965384e+03 
4.993052e-03 2.967811e+03 
5.132888e-03 2.948381e+03 
5.243418e-03 2.913230e+03 
5.312384e-03 2.886624e+03 
5.363642e-03 2.880416e+03 
5.491587e-03 2.907250e+03 
5.573830e-03 2.904557e+03 
5.693639e-03 2.886114e+03 
5.796014e-03 2.901882e+03 
5.884229e-03 2.913026e+03 
6.033576e-03 2.906209e+03 
6.259548e-03 2.876102e+03 
6.551885e-03 2.822812e+03 
6.874405e-03 2.754104e+03 
7.328245e-03 2.650211e+03 
7.776000e-03 2.545835e+03 
8.222426e-03 2.439589e+03 
8.857314e-03 2.293248e+03 
9.529333e-03 2.146834e+03 
1.028460e-02 1.993971e+03 
1.123230e-02 1.817537e+03 
1.228076e-02 1.642794e+03 
1.278428e-02 1.565233e+03 
1.336042e-02 1.480749e+03 
1.393039e-02 1.401038e+03 
1.445440e-02 1.330523e+03 
1.487648e-02 1.275176e+03 
1.527786e-02 1.223330e+03 
1.561736e-02 1.179203e+03 
1.592435e-02 1.138842e+03 
1.617731e-02 1.104774e+03 
1.640417e-02 1.072989e+03 
1.658820e-02 1.045842e+03 
1.675184e-02 1.020065e+03 
1.688496e-02 9.972277e+02 
1.700326e-02 9.745763e+02 
1.710027e-02 9.534264e+02 
1.722963e-02 9.204349e+02 
1.744692e-02 8.607449e+02 
1.751582e-02 8.474354e+02 
1.758256e-02 8.404532e+02 
1.764022e-02 8.398082e+02 
1.771339e-02 8.458224e+02 
1.780820e-02 8.618798e+02 
1.795396e-02 8.918810e+02 
1.806005e-02 9.097640e+02 
1.812269e-02 9.177083e+02 
1.820802e-02 9.256605e+02 
1.831521e-02 9.320103e+02 
1.843211e-02 9.357878e+02 
1.857461e-02 9.375230e+02 
1.873054e-02 9.369662e+02 
1.890046e-02 9.342305e+02 
1.912492e-02 9.281094e+02 
1.955450e-02 9.110432e+02 
2.002488e-02 8.868646e+02 
2.026370e-02 8.726350e+02 
2.048580e-02 8.580202e+02 
2.068332e-02 8.436690e+02 
2.086474e-02 8.289011e+02 
2.101878e-02 8.145574e+02 
2.122108e-02 7.920886e+02 
2.147429e-02 7.612964e+02 
2.158277e-02 7.513506e+02 
2.168055e-02 7.460999e+02 
2.177379e-02 7.446054e+02 
2.194709e-02 7.480489e+02 
2.225916e-02 7.559491e+02 
2.249219e-02 7.619837e+02 
2.285263e-02 7.770647e+02 
2.306791e-02 7.825106e+02 
2.338661e-02 7.838707e+02 
2.378397e-02 7.799856e+02 
2.430201e-02 7.708616e+02 
2.486709e-02 7.581491e+02 
2.602773e-02 7.278720e+02 
2.717033e-02 6.959539e+02 
2.913860e-02 6.417956e+02 
3.130275e-02 5.869648e+02 
3.408617e-02 5.248804e+02 
3.768889e-02 4.568097e+02 
4.078411e-02 4.072447e+02 
4.530529e-02 3.472058e+02 
5.079427e-02 2.900135e+02 
5.510894e-02 2.537026e+02 
6.022209e-02 2.181696e+02 
7.084807e-02 1.641434e+02 
8.000000e-02 1.321196e+02 
9.051557e-02 1.053072e+02 
9.788828e-02 9.066949e+01 
1.013036e-01 8.469619e+01 
1.065250e-01 7.624394e+01 
1.102792e-01 7.045512e+01 
1.128144e-01 6.648930e+01 
1.138114e-01 6.484774e+01 
1.146991e-01 6.329358e+01 
1.154031e-01 6.195190e+01 
1.164016e-01 5.978822e+01 
1.181093e-01 5.577641e+01 
1.186244e-01 5.493252e+01 
1.190494e-01 5.452687e+01 
1.194350e-01 5.440773e+01 
1.200237e-01 5.463140e+01 
1.217198e-01 5.631612e+01 
1.226310e-01 5.689132e+01 
1.237372e-01 5.711095e+01 
1.254314e-01 5.688792e+01 
1.275976e-01 5.616783e+01 
1.301366e-01 5.503791e+01 
1.338243e-01 5.320082e+01 
1.400850e-01 4.992627e+01 
1.493173e-01 4.526208e+01 
1.599387e-01 4.045740e+01 
1.791001e-01 3.335216e+01 
2.064568e-01 2.594558e+01 
2.438864e-01 1.919383e+01 
2.874353e-01 1.418124e+01 
3.567514e-01 9.458363e+00 
4.579009e-01 5.880804e+00 
6.225578e-01 3.252467e+00 
9.386420e-01 1.462345e+00 
1.347258e+00 7.197915e-01 
2.135261e+00 2.894454e-01 
4.461192e+00 6.671936e-02 
1.347258e+01 7.326593e-03 
4.068655e+01 8.033715e-04 
1.228714e+02 8.808820e-05 
3.710658e+02 9.658680e-06 
1.258925e+03 8.391113e-07 
3.981072e+03 8.391113e-08 
1.258925e+04 8.391113e-09 
3.981072e+04 8.391110e-10 
1.000000e+05 1.329900e-10 
-1           -1           
-2           -2           
