% -----------------------------------------------------------------------
%   Program Name: re-cs-71.dat 
%   Author: the Geant4 Collaboration
%   Organization: the Geant4 Collaboration
%   Version: unknown
%   Date: circa 2006
%   Class: Public
%   Copyright (c) Copyright Holders of the Geant4 Collaboration, 1994-2006.
%   See http://cern.ch/geant4/license for details on the copyright holders.
%   All rights not expressly granted under this license are reserved.
% -----------------------------------------------------------------------
1.000000e-06 4.024261e+00 
1.001378e-06 3.840954e+00 
1.002241e-06 3.709983e+00 
1.003438e-06 3.512018e+00 
1.004467e-06 3.329332e+00 
1.005269e-06 3.180940e+00 
1.006300e-06 2.984625e+00 
1.007348e-06 2.781409e+00 
1.008442e-06 2.567968e+00 
1.009892e-06 2.288170e+00 
1.011089e-06 2.063456e+00 
1.012436e-06 1.821213e+00 
1.013484e-06 1.642488e+00 
1.016028e-06 1.250586e+00 
1.016799e-06 1.144569e+00 
1.017536e-06 1.049160e+00 
1.018272e-06 9.594224e-01 
1.019320e-06 8.414862e-01 
1.020667e-06 7.061701e-01 
1.022109e-06 5.806714e-01 
1.023424e-06 4.824426e-01 
1.024726e-06 3.991812e-01 
1.025586e-06 3.511265e-01 
1.026439e-06 3.084478e-01 
1.027286e-06 2.706399e-01 
1.028126e-06 2.372246e-01 
1.029786e-06 1.818114e-01 
1.031420e-06 1.390081e-01 
1.033029e-06 1.061296e-01 
1.034613e-06 8.097659e-02 
1.036172e-06 6.178475e-02 
1.038466e-06 4.121588e-02 
1.040706e-06 2.754598e-02 
1.042894e-06 1.845841e-02 
1.047119e-06 8.446460e-03 
1.047804e-06 7.456746e-03 
1.048484e-06 6.603200e-03 
1.049158e-06 5.870304e-03 
1.049827e-06 5.244554e-03 
1.050491e-06 4.714188e-03 
1.051148e-06 4.269746e-03 
1.051475e-06 4.076495e-03 
1.052124e-06 3.743052e-03 
1.052769e-06 3.474135e-03 
1.053089e-06 3.361800e-03 
1.053408e-06 3.263284e-03 
1.054044e-06 3.104786e-03 
1.054675e-06 2.994167e-03 
1.055301e-06 2.927078e-03 
1.055922e-06 2.899688e-03 
1.057155e-06 2.951343e-03 
1.058368e-06 3.126950e-03 
1.059562e-06 3.408517e-03 
1.060738e-06 3.781763e-03 
1.061895e-06 4.235230e-03 
1.066380e-06 6.710500e-03 
1.068518e-06 8.253495e-03 
1.070589e-06 9.953973e-03 
1.074602e-06 1.379330e-02 
1.078365e-06 1.801214e-02 
1.092473e-06 3.933662e-02 
1.097764e-06 5.037473e-02 
1.102393e-06 6.226961e-02 
1.106444e-06 7.517214e-02 
1.109988e-06 8.927327e-02 
1.113089e-06 1.047705e-01 
1.115803e-06 1.217906e-01 
1.118177e-06 1.403197e-01 
1.120255e-06 1.601775e-01 
1.122073e-06 1.810416e-01 
1.123664e-06 2.025013e-01 
1.125055e-06 2.241183e-01 
1.127339e-06 2.662214e-01 
1.131127e-06 3.576383e-01 
1.134973e-06 4.825432e-01 
1.136732e-06 5.511038e-01 
1.138988e-06 6.490128e-01 
1.140385e-06 7.146683e-01 
1.143178e-06 8.547790e-01 
1.143527e-06 8.728704e-01 
1.145971e-06 1.000715e+00 
1.146931e-06 1.050613e+00 
1.148764e-06 1.143188e+00 
1.149724e-06 1.189397e+00 
1.150641e-06 1.231472e+00 
1.151557e-06 1.271143e+00 
1.152779e-06 1.319597e+00 
1.153958e-06 1.360729e+00 
1.155049e-06 1.393249e+00 
1.155965e-06 1.416023e+00 
1.157318e-06 1.441452e+00 
1.158628e-06 1.456182e+00 
1.160024e-06 1.460700e+00 
1.160510e-06 1.459512e+00 
1.161898e-06 1.448275e+00 
1.163273e-06 1.425840e+00 
1.164572e-06 1.394738e+00 
1.165916e-06 1.353098e+00 
1.166594e-06 1.328732e+00 
1.168573e-06 1.246094e+00 
1.169653e-06 1.194813e+00 
1.170563e-06 1.148833e+00 
1.171764e-06 1.085075e+00 
1.172700e-06 1.033523e+00 
1.173903e-06 9.656229e-01 
1.175125e-06 8.956789e-01 
1.176401e-06 8.225811e-01 
1.178092e-06 7.273290e-01 
1.179314e-06 6.606492e-01 
1.179664e-06 6.420358e-01 
1.181627e-06 5.417509e-01 
1.182282e-06 5.101945e-01 
1.185250e-06 3.805810e-01 
1.186150e-06 3.458728e-01 
1.187009e-06 3.147894e-01 
1.187868e-06 2.856983e-01 
1.189483e-06 2.363200e-01 
1.190864e-06 1.993787e-01 
1.192278e-06 1.663278e-01 
1.193481e-06 1.417156e-01 
1.194281e-06 1.270492e-01 
1.195077e-06 1.136883e-01 
1.195870e-06 1.015465e-01 
1.196660e-06 9.053878e-02 
1.197447e-06 8.058236e-02 
1.198231e-06 7.159723e-02 
1.199012e-06 6.350658e-02 
1.199790e-06 5.623717e-02 
1.200565e-06 4.971953e-02 
1.201337e-06 4.388817e-02 
1.202105e-06 3.868163e-02 
1.203634e-06 2.991744e-02 
1.205151e-06 2.301557e-02 
1.206655e-06 1.762581e-02 
1.208148e-06 1.345438e-02 
1.211100e-06 7.838567e-03 
1.212194e-06 6.436201e-03 
1.212920e-06 5.666127e-03 
1.213642e-06 5.010649e-03 
1.214182e-06 4.586847e-03 
1.214542e-06 4.333687e-03 
1.215258e-06 3.892513e-03 
1.215972e-06 3.530188e-03 
1.216327e-06 3.375994e-03 
1.217038e-06 3.116604e-03 
1.217745e-06 2.917348e-03 
1.218450e-06 2.772226e-03 
1.219152e-06 2.675999e-03 
1.219851e-06 2.624099e-03 
1.220547e-06 2.612549e-03 
1.221935e-06 2.697392e-03 
1.223311e-06 2.908004e-03 
1.224677e-06 3.226988e-03 
1.226032e-06 3.640883e-03 
1.227377e-06 4.139011e-03 
1.230034e-06 5.354155e-03 
1.398137e-06 1.750976e-01 
1.405019e-06 1.959805e-01 
1.408461e-06 2.060031e-01 
1.411902e-06 2.141791e-01 
1.412762e-06 2.157787e-01 
1.415343e-06 2.191906e-01 
1.417494e-06 2.201825e-01 
1.418785e-06 2.198677e-01 
1.419645e-06 2.192562e-01 
1.420935e-06 2.177184e-01 
1.422226e-06 2.154245e-01 
1.423947e-06 2.111907e-01 
1.425667e-06 2.056487e-01 
1.427388e-06 1.988770e-01 
1.429109e-06 1.909948e-01 
1.429539e-06 1.888683e-01 
1.432174e-06 1.747089e-01 
1.432980e-06 1.700550e-01 
1.436206e-06 1.505631e-01 
1.437315e-06 1.437239e-01 
1.439863e-06 1.282200e-01 
1.442874e-06 1.110238e-01 
1.446315e-06 9.400734e-02 
1.447821e-06 8.769522e-02 
1.449273e-06 8.233504e-02 
1.449757e-06 8.071182e-02 
1.451477e-06 7.561276e-02 
1.452768e-06 7.247728e-02 
1.453628e-06 7.071070e-02 
1.455887e-06 6.726385e-02 
1.456639e-06 6.648146e-02 
1.460081e-06 6.500756e-02 
1.460941e-06 6.512374e-02 
1.463522e-06 6.644220e-02 
1.465243e-06 6.800536e-02 
1.466963e-06 7.000285e-02 
1.469156e-06 7.303411e-02 
1.476385e-06 8.504615e-02 
1.479238e-06 9.001164e-02 
1.484900e-06 9.948420e-02 
1.490473e-06 1.080335e-01 
1.495960e-06 1.157098e-01 
1.506761e-06 1.292892e-01 
1.517225e-06 1.413567e-01 
1.537498e-06 1.641256e-01 
1.689550e-06 3.495729e-01 
1.784582e-06 5.118694e-01 
1.886930e-06 7.524209e-01 
1.959457e-06 9.816946e-01 
2.005977e-06 1.163663e+00 
2.050313e-06 1.366359e+00 
2.092122e-06 1.587807e+00 
2.135832e-06 1.858469e+00 
2.168614e-06 2.092160e+00 
2.193201e-06 2.289254e+00 
2.230081e-06 2.623618e+00 
2.283701e-06 3.202993e+00 
2.328340e-06 3.798530e+00 
2.367399e-06 4.424965e+00 
2.403662e-06 5.116999e+00 
2.437129e-06 5.875989e+00 
2.470334e-06 6.763690e+00 
2.509701e-06 8.028249e+00 
2.534349e-06 8.982073e+00 
2.552836e-06 9.810869e+00 
2.595449e-06 1.213439e+01 
2.608295e-06 1.288284e+01 
2.619355e-06 1.350984e+01 
2.646182e-06 1.504389e+01 
2.652523e-06 1.545415e+01 
2.663614e-06 1.626343e+01 
2.671548e-06 1.692789e+01 
2.684231e-06 1.814866e+01 
2.703255e-06 2.032541e+01 
2.726296e-06 2.346750e+01 
2.750830e-06 2.749388e+01 
2.767242e-06 3.069586e+01 
2.782175e-06 3.406395e+01 
2.800515e-06 3.894927e+01 
2.816563e-06 4.409129e+01 
2.830605e-06 4.945372e+01 
2.842892e-06 5.499411e+01 
2.853643e-06 6.066503e+01 
2.863050e-06 6.641573e+01 
2.871281e-06 7.219441e+01 
2.878483e-06 7.795069e+01 
2.884785e-06 8.363748e+01 
2.895814e-06 9.545745e+01 
2.904085e-06 1.064041e+02 
2.910288e-06 1.162165e+02 
2.914941e-06 1.247408e+02 
2.921920e-06 1.399443e+02 
2.928899e-06 1.589577e+02 
2.936108e-06 1.840206e+02 
2.939713e-06 1.991849e+02 
2.943317e-06 2.164610e+02 
2.946922e-06 2.361440e+02 
2.950526e-06 2.585452e+02 
2.955337e-06 2.932287e+02 
2.961340e-06 3.452419e+02 
2.978227e-06 5.529221e+02 
2.980314e-06 5.852610e+02 
2.986572e-06 6.905945e+02 
2.991052e-06 7.727998e+02 
2.998378e-06 9.160045e+02 
2.999294e-06 9.343832e+02 
3.005704e-06 1.063427e+03 
3.008222e-06 1.113349e+03 
3.013821e-06 1.219649e+03 
3.016604e-06 1.268785e+03 
3.018876e-06 1.306472e+03 
3.021858e-06 1.351978e+03 
3.023776e-06 1.378534e+03 
3.025693e-06 1.402747e+03 
3.028022e-06 1.428746e+03 
3.031078e-06 1.456726e+03 
3.034640e-06 1.479832e+03 
3.038900e-06 1.493127e+03 
3.042563e-06 1.491545e+03 
3.043838e-06 1.488135e+03 
3.047477e-06 1.470334e+03 
3.050000e-06 1.451108e+03 
3.057362e-06 1.364961e+03 
3.060294e-06 1.319465e+03 
3.060991e-06 1.307819e+03 
3.066238e-06 1.211327e+03 
3.069399e-06 1.146859e+03 
3.072878e-06 1.071915e+03 
3.075810e-06 1.006463e+03 
3.078659e-06 9.416780e+02 
3.081998e-06 8.652721e+02 
3.084681e-06 8.041854e+02 
3.086290e-06 7.679067e+02 
3.089953e-06 6.870268e+02 
3.093158e-06 6.188533e+02 
3.094076e-06 5.998697e+02 
3.098390e-06 5.144106e+02 
3.100978e-06 4.664000e+02 
3.108268e-06 3.458457e+02 
3.111277e-06 3.027258e+02 
3.114188e-06 2.647305e+02 
3.118008e-06 2.203380e+02 
3.121884e-06 1.814363e+02 
3.125752e-06 1.484427e+02 
3.132546e-06 1.033198e+02 
3.136850e-06 8.225780e+01 
3.140023e-06 7.002027e+01 
3.142324e-06 6.273254e+01 
3.143795e-06 5.872699e+01 
3.145775e-06 5.409579e+01 
3.146549e-06 5.251129e+01 
3.148448e-06 4.914567e+01 
3.149872e-06 4.708577e+01 
3.152009e-06 4.470578e+01 
3.153077e-06 4.382258e+01 
3.154145e-06 4.313682e+01 
3.157942e-06 4.222923e+01 
3.159841e-06 4.263349e+01 
3.161740e-06 4.358796e+01 
3.169335e-06 5.276186e+01 
3.173985e-06 6.266203e+01 
3.178635e-06 7.608843e+01 
3.181270e-06 8.542592e+01 
3.185882e-06 1.051797e+02 
3.207312e-06 2.812317e+02 
3.214907e-06 3.954167e+02 
3.218705e-06 4.673303e+02 
3.224401e-06 5.973286e+02 
3.230097e-06 7.578310e+02 
3.235686e-06 9.490661e+02 
3.240605e-06 1.147870e+03 
3.243552e-06 1.281508e+03 
3.246365e-06 1.419522e+03 
3.249178e-06 1.567859e+03 
3.252432e-06 1.752290e+03 
3.255686e-06 1.950270e+03 
3.264374e-06 2.540303e+03 
3.265342e-06 2.610967e+03 
3.272619e-06 3.166596e+03 
3.275217e-06 3.372536e+03 
3.280176e-06 3.770403e+03 
3.282915e-06 3.989871e+03 
3.287042e-06 4.315409e+03 
3.290706e-06 4.594647e+03 
3.294534e-06 4.871248e+03 
3.297446e-06 5.068130e+03 
3.300964e-06 5.286880e+03 
3.304030e-06 5.457676e+03 
3.308702e-06 5.677204e+03 
3.312351e-06 5.810578e+03 
3.316602e-06 5.920221e+03 
3.320056e-06 5.971298e+03 
3.327703e-06 5.960167e+03 
3.331270e-06 5.897334e+03 
3.335927e-06 5.763198e+03 
3.339723e-06 5.613469e+03 
3.343403e-06 5.437315e+03 
3.347452e-06 5.212681e+03 
3.351377e-06 4.969235e+03 
3.354866e-06 4.735907e+03 
3.358230e-06 4.499507e+03 
3.363338e-06 4.126688e+03 
3.367325e-06 3.830409e+03 
3.371811e-06 3.498153e+03 
3.375299e-06 3.244279e+03 
3.383274e-06 2.692549e+03 
3.386729e-06 2.470111e+03 
3.393324e-06 2.079285e+03 
3.400510e-06 1.708309e+03 
3.409988e-06 1.307770e+03 
3.418320e-06 1.033367e+03 
3.422485e-06 9.204132e+02 
3.426651e-06 8.217909e+02 
3.430817e-06 7.360624e+02 
3.434983e-06 6.618023e+02 
3.439054e-06 5.989914e+02 
3.445161e-06 5.202363e+02 
3.451268e-06 4.567991e+02 
3.455623e-06 4.191533e+02 
3.459978e-06 3.867035e+02 
3.468310e-06 3.361357e+02 
3.476642e-06 2.968968e+02 
3.484973e-06 2.656365e+02 
3.493305e-06 2.400346e+02 
3.510112e-06 1.997371e+02 
3.518524e-06 1.834818e+02 
3.528432e-06 1.667603e+02 
3.537074e-06 1.539628e+02 
3.547288e-06 1.406941e+02 
3.556019e-06 1.307794e+02 
3.564750e-06 1.220589e+02 
3.571009e-06 1.164836e+02 
3.580396e-06 1.090797e+02 
3.589783e-06 1.026976e+02 
3.599675e-06 9.690709e+01 
3.608406e-06 9.244487e+01 
3.617788e-06 8.817566e+01 
3.666708e-06 7.011244e+01 
3.705752e-06 5.798652e+01 
3.723345e-06 5.343419e+01 
3.745042e-06 4.865482e+01 
3.781554e-06 4.208233e+01 
3.811225e-06 3.760599e+01 
3.822840e-06 3.604575e+01 
3.838489e-06 3.413798e+01 
3.852400e-06 3.265025e+01 
3.863084e-06 3.164832e+01 
3.874978e-06 3.067317e+01 
3.888903e-06 2.969583e+01 
3.927514e-06 2.745031e+01 
3.947338e-06 2.625301e+01 
3.961440e-06 2.531708e+01 
3.978773e-06 2.409276e+01 
4.021423e-06 2.117825e+01 
4.043599e-06 1.996628e+01 
4.061040e-06 1.918701e+01 
4.130624e-06 1.669025e+01 
4.183450e-06 1.498718e+01 
4.281807e-06 1.242500e+01 
4.366830e-06 1.054911e+01 
4.419433e-06 9.489947e+00 
4.475362e-06 8.422248e+00 
4.517855e-06 7.639939e+00 
4.558660e-06 6.891612e+00 
4.607335e-06 5.971613e+00 
4.638405e-06 5.348107e+00 
4.661193e-06 4.861098e+00 
4.677351e-06 4.495262e+00 
4.686812e-06 4.271726e+00 
4.707734e-06 3.750813e+00 
4.725000e-06 3.296622e+00 
4.735194e-06 3.023917e+00 
4.744021e-06 2.790844e+00 
4.763053e-06 2.332677e+00 
4.770500e-06 2.187680e+00 
4.773436e-06 2.138845e+00 
4.782242e-06 2.029048e+00 
4.788113e-06 1.993916e+00 
4.791049e-06 1.990260e+00 
4.793984e-06 1.997096e+00 
4.802791e-06 2.090547e+00 
4.805726e-06 2.149577e+00 
4.809150e-06 2.238521e+00 
4.813065e-06 2.369092e+00 
4.816367e-06 2.505293e+00 
4.817468e-06 2.556338e+00 
4.829210e-06 3.298097e+00 
4.836741e-06 3.990984e+00 
4.844733e-06 4.943515e+00 
4.860355e-06 7.552646e+00 
4.868369e-06 9.319491e+00 
4.873353e-06 1.057400e+01 
4.880145e-06 1.247821e+01 
4.885417e-06 1.410982e+01 
4.891692e-06 1.621962e+01 
4.896962e-06 1.812320e+01 
4.902163e-06 2.010806e+01 
4.907474e-06 2.222862e+01 
4.913262e-06 2.462518e+01 
4.918688e-06 2.692725e+01 
4.923938e-06 2.917972e+01 
4.928469e-06 3.112198e+01 
4.934211e-06 3.354957e+01 
4.939122e-06 3.556797e+01 
4.942857e-06 3.705090e+01 
4.948723e-06 3.925864e+01 
4.952821e-06 4.069386e+01 
4.957710e-06 4.227013e+01 
4.963345e-06 4.387678e+01 
4.975266e-06 4.642156e+01 
4.979108e-06 4.697128e+01 
4.986443e-06 4.763592e+01 
4.991443e-06 4.779766e+01 
4.996794e-06 4.771337e+01 
5.001164e-06 4.745372e+01 
5.004441e-06 4.715129e+01 
5.009357e-06 4.653423e+01 
5.014273e-06 4.573534e+01 
5.020223e-06 4.455114e+01 
5.022207e-06 4.410918e+01 
5.031148e-06 4.187262e+01 
5.037109e-06 4.020496e+01 
5.046050e-06 3.753405e+01 
5.057971e-06 3.384245e+01 
5.061925e-06 3.262377e+01 
5.077800e-06 2.795228e+01 
5.099516e-06 2.253917e+01 
5.107429e-06 2.090596e+01 
5.115095e-06 1.949645e+01 
5.122521e-06 1.828467e+01 
5.136910e-06 1.632307e+01 
5.150399e-06 1.487276e+01 
5.163046e-06 1.377967e+01 
5.174901e-06 1.293414e+01 
5.200000e-06 1.153954e+01 
5.216582e-06 1.081310e+01 
5.250621e-06 9.598595e+00 
5.352749e-06 6.691680e+00 
5.365924e-06 6.318368e+00 
5.397173e-06 5.487342e+00 
5.403799e-06 5.339519e+00 
5.410425e-06 5.209851e+00 
5.419142e-06 5.074685e+00 
5.423677e-06 5.023642e+00 
5.436929e-06 4.968340e+00 
5.442056e-06 4.990599e+00 
5.454588e-06 5.164906e+00 
5.458120e-06 5.247170e+00 
5.468714e-06 5.586562e+00 
5.474141e-06 5.814837e+00 
5.479320e-06 6.066623e+00 
5.487794e-06 6.546531e+00 
5.502339e-06 7.540835e+00 
5.510850e-06 8.197081e+00 
5.520732e-06 8.995521e+00 
5.524025e-06 9.264502e+00 
5.533944e-06 1.006289e+01 
5.535361e-06 1.017395e+01 
5.548690e-06 1.115019e+01 
5.550548e-06 1.127355e+01 
5.563551e-06 1.202080e+01 
5.566844e-06 1.217356e+01 
5.576726e-06 1.253216e+01 
5.584390e-06 1.270224e+01 
5.590650e-06 1.276976e+01 
5.595344e-06 1.277881e+01 
5.602386e-06 1.272784e+01 
5.609428e-06 1.260388e+01 
5.616251e-06 1.242037e+01 
5.622458e-06 1.220533e+01 
5.628666e-06 1.195071e+01 
5.641172e-06 1.134374e+01 
5.649469e-06 1.089301e+01 
5.661615e-06 1.020018e+01 
5.696637e-06 8.320858e+00 
5.712526e-06 7.664792e+00 
5.726518e-06 7.234004e+00 
5.740509e-06 6.952476e+00 
5.747505e-06 6.867974e+00 
5.754501e-06 6.819712e+00 
5.761497e-06 6.805834e+00 
5.766744e-06 6.816473e+00 
5.774614e-06 6.863040e+00 
5.782485e-06 6.941517e+00 
5.792978e-06 7.084951e+00 
5.824460e-06 7.621470e+00 
5.838638e-06 7.829739e+00 
5.852974e-06 7.975457e+00 
5.865518e-06 8.038197e+00 
5.873581e-06 8.046302e+00 
5.881645e-06 8.031271e+00 
5.894419e-06 7.967977e+00 
5.908411e-06 7.860278e+00 
5.938988e-06 7.592509e+00 
5.957090e-06 7.469524e+00 
5.968555e-06 7.414719e+00 
5.980019e-06 7.377089e+00 
6.004069e-06 7.339412e+00 
6.057586e-06 7.306584e+00 
6.114088e-06 7.221673e+00 
6.190957e-06 7.076105e+00 
6.309105e-06 6.790822e+00 
6.375891e-06 6.680756e+00 
6.578444e-06 6.406676e+00 
7.422443e-06 5.388733e+00 
8.081649e-06 4.752497e+00 
8.616087e-06 4.272231e+00 
9.225647e-06 3.754061e+00 
9.600000e-06 3.441414e+00 
9.871316e-06 3.212730e+00 
1.016840e-05 2.956255e+00 
1.045642e-05 2.697676e+00 
1.070057e-05 2.469937e+00 
1.087705e-05 2.299186e+00 
1.101249e-05 2.164529e+00 
1.115359e-05 2.020385e+00 
1.126951e-05 1.899301e+00 
1.134470e-05 1.819443e+00 
1.141520e-05 1.743670e+00 
1.152000e-05 1.629792e+00 
1.161449e-05 1.526476e+00 
1.168995e-05 1.444069e+00 
1.179956e-05 1.326043e+00 
1.202264e-05 1.108356e+00 
1.207099e-05 1.070572e+00 
1.211962e-05 1.039692e+00 
1.214168e-05 1.028923e+00 
1.216236e-05 1.021137e+00 
1.218145e-05 1.016246e+00 
1.219936e-05 1.013924e+00 
1.221617e-05 1.013972e+00 
1.224483e-05 1.019635e+00 
1.227195e-05 1.032307e+00 
1.229037e-05 1.045465e+00 
1.230176e-05 1.055606e+00 
1.232245e-05 1.078252e+00 
1.234943e-05 1.116766e+00 
1.236482e-05 1.143789e+00 
1.239008e-05 1.197062e+00 
1.241355e-05 1.257800e+00 
1.243779e-05 1.333771e+00 
1.245520e-05 1.397920e+00 
1.247586e-05 1.486177e+00 
1.248795e-05 1.544747e+00 
1.251108e-05 1.673408e+00 
1.253400e-05 1.826416e+00 
1.254935e-05 1.946096e+00 
1.256470e-05 2.082246e+00 
1.258005e-05 2.237755e+00 
1.259540e-05 2.416189e+00 
1.261075e-05 2.621955e+00 
1.262686e-05 2.873239e+00 
1.264317e-05 3.172539e+00 
1.265680e-05 3.464285e+00 
1.267215e-05 3.847790e+00 
1.268750e-05 4.301171e+00 
1.270285e-05 4.838940e+00 
1.271820e-05 5.478280e+00 
1.273355e-05 6.239282e+00 
1.274890e-05 7.145135e+00 
1.276425e-05 8.222214e+00 
1.277960e-05 9.500063e+00 
1.279495e-05 1.101121e+01 
1.283332e-05 1.604549e+01 
1.287170e-05 2.335117e+01 
1.289664e-05 2.958978e+01 
1.291080e-05 3.371426e+01 
1.292195e-05 3.727088e+01 
1.294037e-05 4.375890e+01 
1.295797e-05 5.066458e+01 
1.296153e-05 5.214101e+01 
1.299450e-05 6.706168e+01 
1.299834e-05 6.892871e+01 
1.302520e-05 8.259667e+01 
1.303605e-05 8.834528e+01 
1.305677e-05 9.949572e+01 
1.307289e-05 1.081701e+02 
1.308851e-05 1.164114e+02 
1.310463e-05 1.245787e+02 
1.312026e-05 1.320086e+02 
1.313415e-05 1.380848e+02 
1.314698e-05 1.431640e+02 
1.315399e-05 1.456912e+02 
1.317259e-05 1.514597e+02 
1.318712e-05 1.549239e+02 
1.320404e-05 1.577110e+02 
1.321779e-05 1.589395e+02 
1.324824e-05 1.582826e+02 
1.326244e-05 1.564137e+02 
1.328098e-05 1.525668e+02 
1.329609e-05 1.483445e+02 
1.331074e-05 1.434212e+02 
1.332686e-05 1.371840e+02 
1.334249e-05 1.304595e+02 
1.335420e-05 1.250672e+02 
1.336977e-05 1.175584e+02 
1.339011e-05 1.073738e+02 
1.340598e-05 9.931073e+01 
1.343078e-05 8.684660e+01 
1.343773e-05 8.343608e+01 
1.346947e-05 6.858886e+01 
1.348039e-05 6.383559e+01 
1.350122e-05 5.534873e+01 
1.352503e-05 4.666285e+01 
1.355197e-05 3.817800e+01 
1.359381e-05 2.769582e+01 
1.364096e-05 1.928021e+01 
1.365771e-05 1.699798e+01 
1.367446e-05 1.502030e+01 
1.369120e-05 1.330850e+01 
1.370795e-05 1.182675e+01 
1.372470e-05 1.054254e+01 
1.374144e-05 9.427056e+00 
1.377493e-05 7.605765e+00 
1.382097e-05 5.769078e+00 
1.387079e-05 4.417451e+00 
1.390891e-05 3.780534e+00 
1.392399e-05 3.633359e+00 
1.394236e-05 3.547694e+00 
1.395614e-05 3.560062e+00 
1.397321e-05 3.680409e+00 
1.398632e-05 3.862730e+00 
1.399921e-05 4.128808e+00 
1.400939e-05 4.406220e+00 
1.401724e-05 4.664701e+00 
1.402365e-05 4.906531e+00 
1.403206e-05 5.268533e+00 
1.404136e-05 5.731243e+00 
1.405283e-05 6.399751e+00 
1.406745e-05 7.422649e+00 
1.409058e-05 9.473178e+00 
1.412218e-05 1.325180e+01 
1.414989e-05 1.760728e+01 
1.416779e-05 2.097575e+01 
1.417402e-05 2.225325e+01 
1.419537e-05 2.703364e+01 
1.420873e-05 3.033549e+01 
1.421584e-05 3.218934e+01 
1.423452e-05 3.734646e+01 
1.425054e-05 4.207106e+01 
1.427456e-05 4.957054e+01 
1.428395e-05 5.260140e+01 
1.429737e-05 5.699117e+01 
1.430815e-05 6.054182e+01 
1.432230e-05 6.518609e+01 
1.433488e-05 6.926500e+01 
1.434845e-05 7.355510e+01 
1.436244e-05 7.780424e+01 
1.437708e-05 8.200205e+01 
1.439213e-05 8.598286e+01 
1.440845e-05 8.984462e+01 
1.441796e-05 9.184712e+01 
1.443511e-05 9.494525e+01 
1.445186e-05 9.728669e+01 
1.446611e-05 9.871305e+01 
1.448053e-05 9.960989e+01 
1.449234e-05 9.993124e+01 
1.449912e-05 9.994782e+01 
1.452197e-05 9.912161e+01 
1.454101e-05 9.744218e+01 
1.455024e-05 9.632740e+01 
1.456690e-05 9.386099e+01 
1.458477e-05 9.063433e+01 
1.459971e-05 8.754936e+01 
1.461891e-05 8.316635e+01 
1.463626e-05 7.890538e+01 
1.465795e-05 7.333235e+01 
1.468451e-05 6.637774e+01 
1.469265e-05 6.426305e+01 
1.472301e-05 5.659909e+01 
1.480970e-05 3.854546e+01 
1.483205e-05 3.503546e+01 
1.484545e-05 3.315272e+01 
1.487226e-05 2.985550e+01 
1.489907e-05 2.711845e+01 
1.491695e-05 2.556208e+01 
1.495270e-05 2.297371e+01 
1.498844e-05 2.091950e+01 
1.502419e-05 1.923275e+01 
1.505994e-05 1.779047e+01 
1.513144e-05 1.535159e+01 
1.523868e-05 1.241323e+01 
1.527065e-05 1.168216e+01 
1.531087e-05 1.085092e+01 
1.534564e-05 1.020654e+01 
1.548349e-05 8.226382e+00 
1.551454e-05 7.896001e+00 
1.555971e-05 7.494431e+00 
1.559783e-05 7.233682e+00 
1.563594e-05 7.048273e+00 
1.567405e-05 6.938354e+00 
1.569121e-05 6.912303e+00 
1.571695e-05 6.897916e+00 
1.574269e-05 6.909173e+00 
1.579557e-05 6.987286e+00 
1.586460e-05 7.111261e+00 
1.590806e-05 7.143904e+00 
1.594555e-05 7.118839e+00 
1.596118e-05 7.091404e+00 
1.598461e-05 7.030877e+00 
1.600805e-05 6.947696e+00 
1.604338e-05 6.783650e+00 
1.609326e-05 6.491472e+00 
1.613259e-05 6.233611e+00 
1.621162e-05 5.724214e+00 
1.625694e-05 5.474518e+00 
1.629064e-05 5.318291e+00 
1.631228e-05 5.231782e+00 
1.636097e-05 5.073698e+00 
1.641654e-05 4.942437e+00 
1.659587e-05 4.632008e+00 
1.665375e-05 4.519131e+00 
1.673840e-05 4.338371e+00 
1.685551e-05 4.075563e+00 
1.695701e-05 3.842298e+00 
1.708136e-05 3.564169e+00 
1.710625e-05 3.515117e+00 
1.717127e-05 3.410705e+00 
1.718901e-05 3.390080e+00 
1.722647e-05 3.360161e+00 
1.726518e-05 3.350490e+00 
1.730811e-05 3.365566e+00 
1.735138e-05 3.405344e+00 
1.741908e-05 3.499577e+00 
1.747972e-05 3.587140e+00 
1.751343e-05 3.624468e+00 
1.756188e-05 3.652237e+00 
1.760528e-05 3.645064e+00 
1.764579e-05 3.609753e+00 
1.767207e-05 3.573241e+00 
1.769786e-05 3.528561e+00 
1.773155e-05 3.459971e+00 
1.780770e-05 3.284315e+00 
1.787335e-05 3.139789e+00 
1.793391e-05 3.031448e+00 
1.798784e-05 2.959515e+00 
1.802436e-05 2.922583e+00 
1.807127e-05 2.885509e+00 
1.822638e-05 2.790019e+00 
1.829012e-05 2.744822e+00 
1.835606e-05 2.691585e+00 
1.853450e-05 2.529802e+00 
1.865440e-05 2.415830e+00 
1.891957e-05 2.171539e+00 
1.901195e-05 2.101239e+00 
1.910950e-05 2.038373e+00 
1.922782e-05 1.973445e+00 
1.956872e-05 1.808537e+00 
1.975520e-05 1.728335e+00 
1.988435e-05 1.680289e+00 
2.000920e-05 1.641772e+00 
2.015069e-05 1.610946e+00 
2.025487e-05 1.599447e+00 
2.028928e-05 1.597967e+00 
2.049335e-05 1.612184e+00 
2.062727e-05 1.640676e+00 
2.071334e-05 1.666207e+00 
2.090000e-05 1.740732e+00 
2.101662e-05 1.801151e+00 
2.126614e-05 1.968245e+00 
2.150972e-05 2.184495e+00 
2.175204e-05 2.457132e+00 
2.190000e-05 2.655281e+00 
2.208364e-05 2.939301e+00 
2.230179e-05 3.336990e+00 
2.251312e-05 3.791583e+00 
2.275000e-05 4.390718e+00 
2.291618e-05 4.874706e+00 
2.310831e-05 5.510615e+00 
2.329444e-05 6.215595e+00 
2.350000e-05 7.108994e+00 
2.391029e-05 9.316189e+00 
2.429523e-05 1.203077e+01 
2.458865e-05 1.466496e+01 
2.490709e-05 1.823673e+01 
2.524562e-05 2.307119e+01 
2.548057e-05 2.726526e+01 
2.570456e-05 3.207068e+01 
2.591455e-05 3.744584e+01 
2.611142e-05 4.343776e+01 
2.629598e-05 5.009526e+01 
2.646901e-05 5.745464e+01 
2.666047e-05 6.714390e+01 
2.678329e-05 7.440126e+01 
2.692586e-05 8.407345e+01 
2.705952e-05 9.460183e+01 
2.718483e-05 1.060195e+02 
2.730230e-05 1.183529e+02 
2.741244e-05 1.316240e+02 
2.754229e-05 1.498415e+02 
2.761248e-05 1.610669e+02 
2.770323e-05 1.772824e+02 
2.778830e-05 1.945174e+02 
2.786806e-05 2.127808e+02 
2.794283e-05 2.320746e+02 
2.801293e-05 2.523946e+02 
2.810283e-05 2.822126e+02 
2.819802e-05 3.194105e+02 
2.825217e-05 3.437221e+02 
2.835370e-05 3.970491e+02 
2.844254e-05 4.542991e+02 
2.852027e-05 5.152057e+02 
2.858829e-05 5.793635e+02 
2.864781e-05 6.461934e+02 
2.869988e-05 7.149487e+02 
2.875743e-05 8.048301e+02 
2.882021e-05 9.238448e+02 
2.888126e-05 1.066293e+03 
2.892705e-05 1.194777e+03 
2.896139e-05 1.305799e+03 
2.898715e-05 1.398528e+03 
2.904510e-05 1.641726e+03 
2.906442e-05 1.734893e+03 
2.913595e-05 2.143101e+03 
2.918961e-05 2.526473e+03 
2.927903e-05 3.350099e+03 
2.942211e-05 5.287397e+03 
2.949455e-05 6.621912e+03 
2.954201e-05 7.637529e+03 
2.960095e-05 9.054902e+03 
2.963672e-05 9.995139e+03 
2.970826e-05 1.203325e+04 
2.971725e-05 1.230187e+04 
2.978019e-05 1.423513e+04 
2.980514e-05 1.501694e+04 
2.986185e-05 1.678825e+04 
2.989374e-05 1.776049e+04 
2.991817e-05 1.848233e+04 
2.995307e-05 1.946633e+04 
2.998953e-05 2.041619e+04 
3.002970e-05 2.134574e+04 
3.006766e-05 2.208864e+04 
3.011760e-05 2.283242e+04 
3.015486e-05 2.319524e+04 
3.019376e-05 2.338622e+04 
3.022175e-05 2.340143e+04 
3.029055e-05 2.300358e+04 
3.031040e-05 2.277707e+04 
3.036405e-05 2.193245e+04 
3.039186e-05 2.137201e+04 
3.042281e-05 2.066171e+04 
3.044271e-05 2.016203e+04 
3.047614e-05 1.925677e+04 
3.050873e-05 1.830908e+04 
3.053595e-05 1.747933e+04 
3.057094e-05 1.637669e+04 
3.061108e-05 1.508463e+04 
3.065121e-05 1.378835e+04 
3.069204e-05 1.248968e+04 
3.072380e-05 1.150727e+04 
3.079638e-05 9.398913e+03 
3.081725e-05 8.836082e+03 
3.091248e-05 6.551362e+03 
3.097056e-05 5.397717e+03 
3.103551e-05 4.317202e+03 
3.120276e-05 2.410219e+03 
3.127149e-05 1.911300e+03 
3.132475e-05 1.607425e+03 
3.136616e-05 1.411785e+03 
3.141454e-05 1.220268e+03 
3.146292e-05 1.061620e+03 
3.152057e-05 9.068948e+02 
3.159777e-05 7.444115e+02 
3.167498e-05 6.195801e+02 
3.173176e-05 5.455544e+02 
3.180173e-05 4.701389e+02 
3.183658e-05 4.378732e+02 
3.188722e-05 3.962009e+02 
3.194027e-05 3.582069e+02 
3.199332e-05 3.251041e+02 
3.207531e-05 2.819024e+02 
3.215082e-05 2.491410e+02 
3.222957e-05 2.209336e+02 
3.227086e-05 2.082937e+02 
3.231215e-05 1.970260e+02 
3.239110e-05 1.790943e+02 
3.247005e-05 1.656310e+02 
3.248979e-05 1.629241e+02 
3.254900e-05 1.562788e+02 
3.256813e-05 1.545782e+02 
3.260161e-05 1.520852e+02 
3.262672e-05 1.505906e+02 
3.268322e-05 1.482552e+02 
3.275049e-05 1.469385e+02 
3.279892e-05 1.466464e+02 
3.295959e-05 1.464792e+02 
3.304821e-05 1.451304e+02 
3.307985e-05 1.442475e+02 
3.312998e-05 1.423750e+02 
3.316767e-05 1.405886e+02 
3.323919e-05 1.363811e+02 
3.326214e-05 1.348316e+02 
3.336470e-05 1.270508e+02 
3.341031e-05 1.232987e+02 
3.350420e-05 1.154079e+02 
3.393082e-05 8.437520e+01 
3.418020e-05 7.034393e+01 
3.435183e-05 6.175779e+01 
3.463060e-05 4.977443e+01 
3.469864e-05 4.732133e+01 
3.480758e-05 4.387648e+01 
3.489293e-05 4.163849e+01 
3.494197e-05 4.055102e+01 
3.498132e-05 3.978876e+01 
3.502812e-05 3.901705e+01 
3.508593e-05 3.828050e+01 
3.512838e-05 3.790842e+01 
3.516023e-05 3.773559e+01 
3.519324e-05 3.766576e+01 
3.522589e-05 3.772259e+01 
3.525751e-05 3.791734e+01 
3.528815e-05 3.826110e+01 
3.531782e-05 3.876729e+01 
3.535030e-05 3.955580e+01 
3.538792e-05 4.084465e+01 
3.542709e-05 4.272321e+01 
3.543734e-05 4.332235e+01 
3.547423e-05 4.592087e+01 
3.549976e-05 4.818738e+01 
3.552428e-05 5.079419e+01 
3.554692e-05 5.362990e+01 
3.556513e-05 5.625152e+01 
3.558615e-05 5.970108e+01 
3.560776e-05 6.377604e+01 
3.562625e-05 6.774066e+01 
3.564536e-05 7.235323e+01 
3.566388e-05 7.737247e+01 
3.568181e-05 8.280417e+01 
3.571657e-05 9.512913e+01 
3.574915e-05 1.091706e+02 
3.577969e-05 1.248912e+02 
3.580832e-05 1.422186e+02 
3.583517e-05 1.610510e+02 
3.590605e-05 2.252206e+02 
3.599863e-05 3.497839e+02 
3.605470e-05 4.543419e+02 
3.609763e-05 5.525324e+02 
3.614391e-05 6.785744e+02 
3.618501e-05 8.100116e+02 
3.623414e-05 9.936531e+02 
3.627389e-05 1.165070e+03 
3.630781e-05 1.328473e+03 
3.634286e-05 1.514469e+03 
3.637164e-05 1.680545e+03 
3.641624e-05 1.961834e+03 
3.650544e-05 2.609766e+03 
3.652146e-05 2.737557e+03 
3.660021e-05 3.408618e+03 
3.662895e-05 3.668607e+03 
3.668383e-05 4.180204e+03 
3.672076e-05 4.531139e+03 
3.674959e-05 4.805742e+03 
3.679079e-05 5.194958e+03 
3.683383e-05 5.591389e+03 
3.687068e-05 5.917048e+03 
3.690600e-05 6.212866e+03 
3.694822e-05 6.539790e+03 
3.699745e-05 6.876295e+03 
3.704130e-05 7.128393e+03 
3.707086e-05 7.270121e+03 
3.711279e-05 7.429265e+03 
3.715409e-05 7.535406e+03 
3.719466e-05 7.589224e+03 
3.723731e-05 7.591458e+03 
3.724617e-05 7.584986e+03 
3.731308e-05 7.461369e+03 
3.735587e-05 7.316630e+03 
3.739328e-05 7.151840e+03 
3.743792e-05 6.913391e+03 
3.746471e-05 6.750975e+03 
3.751330e-05 6.424974e+03 
3.756406e-05 6.049931e+03 
3.762037e-05 5.605535e+03 
3.766497e-05 5.241526e+03 
3.771514e-05 4.828202e+03 
3.775416e-05 4.509156e+03 
3.784336e-05 3.807144e+03 
3.787402e-05 3.579030e+03 
3.793255e-05 3.167594e+03 
3.802175e-05 2.609388e+03 
3.820205e-05 1.748897e+03 
3.824732e-05 1.585684e+03 
3.829671e-05 1.428897e+03 
3.833859e-05 1.311769e+03 
3.838459e-05 1.198295e+03 
3.845918e-05 1.043664e+03 
3.853960e-05 9.107710e+02 
3.860007e-05 8.293727e+02 
3.866762e-05 7.534440e+02 
3.874210e-05 6.843050e+02 
3.882418e-05 6.217936e+02 
3.891904e-05 5.630063e+02 
3.902558e-05 5.096743e+02 
3.912882e-05 4.675297e+02 
3.923205e-05 4.326126e+02 
3.930665e-05 4.110853e+02 
3.939613e-05 3.887966e+02 
3.948876e-05 3.693457e+02 
3.953856e-05 3.602903e+02 
3.963517e-05 3.453149e+02 
3.975345e-05 3.312798e+02 
3.986082e-05 3.221860e+02 
3.995835e-05 3.164711e+02 
4.002993e-05 3.135232e+02 
4.013662e-05 3.105582e+02 
4.043234e-05 3.056445e+02 
4.055284e-05 3.030754e+02 
4.067995e-05 2.994783e+02 
4.093463e-05 2.903088e+02 
4.128826e-05 2.776692e+02 
4.212921e-05 2.547779e+02 
4.267675e-05 2.408167e+02 
4.303269e-05 2.330905e+02 
4.374719e-05 2.200677e+02 
4.473304e-05 2.054742e+02 
4.587992e-05 1.918891e+02 
4.704032e-05 1.805613e+02 
4.837360e-05 1.698706e+02 
4.966958e-05 1.609499e+02 
5.110039e-05 1.524612e+02 
5.263885e-05 1.447053e+02 
5.451084e-05 1.366362e+02 
5.650000e-05 1.291985e+02 
5.841985e-05 1.231133e+02 
6.175400e-05 1.140513e+02 
6.225300e-05 1.131070e+02 
6.259636e-05 1.127591e+02 
6.333643e-05 1.124769e+02 
6.383505e-05 1.119590e+02 
6.486559e-05 1.099879e+02 
6.592530e-05 1.084364e+02 
6.802468e-05 1.060153e+02 
7.024729e-05 1.042150e+02 
7.318078e-05 1.030228e+02 
7.561800e-05 1.028929e+02 
7.919329e-05 1.040559e+02 
8.328730e-05 1.072766e+02 
8.709636e-05 1.117662e+02 
9.120108e-05 1.179217e+02 
9.600000e-05 1.266235e+02 
1.023293e-04 1.400006e+02 
1.087673e-04 1.553473e+02 
1.172698e-04 1.779684e+02 
1.354815e-04 2.337275e+02 
1.445440e-04 2.636647e+02 
1.536000e-04 2.937917e+02 
1.644822e-04 3.291711e+02 
1.730422e-04 3.555654e+02 
1.802315e-04 3.757558e+02 
1.852270e-04 3.883816e+02 
1.886544e-04 3.954967e+02 
1.919899e-04 4.013068e+02 
1.932561e-04 4.060469e+02 
1.942843e-04 4.123396e+02 
1.968232e-04 4.331218e+02 
1.977153e-04 4.393029e+02 
1.986164e-04 4.441297e+02 
2.011829e-04 4.536640e+02 
2.030100e-04 4.629436e+02 
2.040901e-04 4.713401e+02 
2.071746e-04 5.018810e+02 
2.084787e-04 5.126940e+02 
2.107141e-04 5.268791e+02 
2.155835e-04 5.548736e+02 
2.213361e-04 5.873841e+02 
2.270000e-04 6.146942e+02 
2.333536e-04 6.385424e+02 
2.400982e-04 6.576997e+02 
2.481746e-04 6.757462e+02 
2.580000e-04 6.936421e+02 
3.080000e-04 7.707447e+02 
3.244394e-04 7.917681e+02 
3.358392e-04 7.992990e+02 
3.431740e-04 7.959530e+02 
3.450511e-04 7.981118e+02 
3.464494e-04 8.032730e+02 
3.477816e-04 8.116624e+02 
3.493941e-04 8.258313e+02 
3.523648e-04 8.556509e+02 
3.533815e-04 8.643738e+02 
3.552418e-04 8.763442e+02 
3.573947e-04 8.843525e+02 
3.820000e-04 9.344211e+02 
4.020835e-04 9.673404e+02 
4.252808e-04 1.020211e+03 
4.457819e-04 1.055734e+03 
4.738327e-04 1.093437e+03 
4.906601e-04 1.111678e+03 
5.011872e-04 1.130495e+03 
5.126370e-04 1.154700e+03 
5.341230e-04 1.187440e+03 
5.688529e-04 1.227516e+03 
6.112938e-04 1.265120e+03 
6.597433e-04 1.297283e+03 
7.120328e-04 1.321129e+03 
7.658812e-04 1.335109e+03 
8.252062e-04 1.337456e+03 
8.853386e-04 1.332783e+03 
9.500774e-04 1.320399e+03 
1.011580e-03 1.300990e+03 
1.080068e-03 1.269648e+03 
1.139102e-03 1.232800e+03 
1.203996e-03 1.184000e+03 
1.261192e-03 1.132453e+03 
1.314468e-03 1.075303e+03 
1.358181e-03 1.019713e+03 
1.396210e-03 9.622482e+02 
1.430460e-03 9.010883e+02 
1.459861e-03 8.399096e+02 
1.482594e-03 7.846956e+02 
1.504873e-03 7.212323e+02 
1.520472e-03 6.692154e+02 
1.532189e-03 6.240064e+02 
1.543087e-03 5.750843e+02 
1.551464e-03 5.316438e+02 
1.558421e-03 4.917670e+02 
1.563518e-03 4.613907e+02 
1.572447e-03 4.113988e+02 
1.574725e-03 4.006731e+02 
1.576799e-03 3.920921e+02 
1.578771e-03 3.851883e+02 
1.580415e-03 3.805036e+02 
1.581983e-03 3.770381e+02 
1.583604e-03 3.745641e+02 
1.585601e-03 3.731737e+02 
1.587670e-03 3.737656e+02 
1.589853e-03 3.767101e+02 
1.592190e-03 3.825304e+02 
1.594657e-03 3.916116e+02 
1.596386e-03 3.996906e+02 
1.598473e-03 4.111887e+02 
1.600871e-03 4.265325e+02 
1.605609e-03 4.621803e+02 
1.613129e-03 5.268068e+02 
1.617171e-03 5.622758e+02 
1.619947e-03 5.860725e+02 
1.624009e-03 6.196406e+02 
1.626795e-03 6.417825e+02 
1.630765e-03 6.723943e+02 
1.653627e-03 8.610067e+02 
1.661913e-03 9.406579e+02 
1.667184e-03 9.913530e+02 
1.672127e-03 1.037019e+03 
1.678804e-03 1.093966e+03 
1.685491e-03 1.144459e+03 
1.695004e-03 1.205585e+03 
1.705989e-03 1.264458e+03 
1.723344e-03 1.343554e+03 
1.746260e-03 1.436524e+03 
1.778279e-03 1.555661e+03 
1.798871e-03 1.624940e+03 
1.820000e-03 1.686470e+03 
1.841459e-03 1.736407e+03 
1.860715e-03 1.769893e+03 
1.883649e-03 1.797351e+03 
1.906714e-03 1.813859e+03 
1.926867e-03 1.819823e+03 
1.948664e-03 1.817782e+03 
1.975786e-03 1.812309e+03 
1.989158e-03 1.820632e+03 
1.997653e-03 1.833398e+03 
2.006365e-03 1.852661e+03 
2.022812e-03 1.900960e+03 
2.043926e-03 1.967949e+03 
2.064573e-03 2.022660e+03 
2.077659e-03 2.049348e+03 
2.097152e-03 2.079335e+03 
2.119292e-03 2.103465e+03 
2.148204e-03 2.124898e+03 
2.175688e-03 2.136719e+03 
2.226889e-03 2.148437e+03 
2.253185e-03 2.168992e+03 
2.312939e-03 2.242250e+03 
2.329008e-03 2.256170e+03 
2.357585e-03 2.273399e+03 
2.387541e-03 2.283700e+03 
2.450591e-03 2.289710e+03 
2.476868e-03 2.305950e+03 
2.514718e-03 2.344745e+03 
2.536064e-03 2.362517e+03 
2.567890e-03 2.380626e+03 
2.647183e-03 2.405675e+03 
2.746313e-03 2.420670e+03 
2.852044e-03 2.422873e+03 
2.985383e-03 2.415601e+03 
3.215400e-03 2.386112e+03 
3.388442e-03 2.354028e+03 
3.672823e-03 2.286947e+03 
3.845918e-03 2.243585e+03 
4.091523e-03 2.175122e+03 
4.518559e-03 2.055274e+03 
4.693765e-03 2.007599e+03 
5.040806e-03 1.910918e+03 
5.257274e-03 1.853056e+03 
5.717254e-03 1.732289e+03 
6.230351e-03 1.603458e+03 
6.518688e-03 1.534258e+03 
6.790082e-03 1.471003e+03 
7.053399e-03 1.411515e+03 
7.330695e-03 1.348630e+03 
7.577854e-03 1.293560e+03 
7.796955e-03 1.244340e+03 
7.997464e-03 1.198856e+03 
8.180310e-03 1.156480e+03 
8.342362e-03 1.117342e+03 
8.476831e-03 1.083302e+03 
8.591372e-03 1.052611e+03 
8.694286e-03 1.023027e+03 
8.778848e-03 9.964977e+02 
8.848449e-03 9.722967e+02 
8.908877e-03 9.485325e+02 
8.960616e-03 9.250881e+02 
9.021042e-03 8.929060e+02 
9.144468e-03 8.200610e+02 
9.179924e-03 8.052771e+02 
9.203971e-03 7.991033e+02 
9.222603e-03 7.968236e+02 
9.249277e-03 7.975199e+02 
9.282596e-03 8.045431e+02 
9.315914e-03 8.170250e+02 
9.401427e-03 8.592172e+02 
9.434260e-03 8.743303e+02 
9.465132e-03 8.865755e+02 
9.502230e-03 8.985095e+02 
9.541216e-03 9.080027e+02 
9.592351e-03 9.166004e+02 
9.653560e-03 9.226880e+02 
9.716280e-03 9.255851e+02 
9.779200e-03 9.259559e+02 
9.860202e-03 9.233717e+02 
9.937188e-03 9.179131e+02 
1.000363e-02 9.106516e+02 
1.006863e-02 9.008759e+02 
1.016313e-02 8.816006e+02 
1.025652e-02 8.608507e+02 
1.030816e-02 8.531409e+02 
1.035088e-02 8.508681e+02 
1.039902e-02 8.532933e+02 
1.045580e-02 8.615423e+02 
1.055642e-02 8.797798e+02 
1.062558e-02 8.879226e+02 
1.082234e-02 8.978167e+02 
1.091157e-02 9.094704e+02 
1.105387e-02 9.331533e+02 
1.114812e-02 9.442350e+02 
1.121451e-02 9.492847e+02 
1.138548e-02 9.557903e+02 
1.160991e-02 9.569025e+02 
1.187674e-02 9.527288e+02 
1.227792e-02 9.397572e+02 
1.273903e-02 9.191926e+02 
1.320928e-02 8.952257e+02 
1.391944e-02 8.562965e+02 
1.483505e-02 8.052134e+02 
1.606306e-02 7.395206e+02 
1.772325e-02 6.601932e+02 
1.984675e-02 5.747333e+02 
2.222670e-02 4.970615e+02 
2.427477e-02 4.416929e+02 
2.662625e-02 3.879505e+02 
3.003926e-02 3.246771e+02 
3.368140e-02 2.723614e+02 
3.650433e-02 2.399198e+02 
3.944903e-02 2.112712e+02 
4.262727e-02 1.850454e+02 
4.799434e-02 1.501398e+02 
5.173404e-02 1.309883e+02 
5.459767e-02 1.181036e+02 
5.680697e-02 1.088214e+02 
5.840495e-02 1.022294e+02 
5.963253e-02 9.703818e+01 
6.060308e-02 9.262691e+01 
6.102295e-02 9.052369e+01 
6.135287e-02 8.871539e+01 
6.162363e-02 8.708300e+01 
6.199849e-02 8.455195e+01 
6.278357e-02 7.885338e+01 
6.304542e-02 7.742546e+01 
6.325186e-02 7.670676e+01 
6.348894e-02 7.640547e+01 
6.371223e-02 7.662456e+01 
6.400108e-02 7.748084e+01 
6.476978e-02 8.072191e+01 
6.516330e-02 8.193740e+01 
6.559616e-02 8.274374e+01 
6.623283e-02 8.323278e+01 
6.705362e-02 8.320689e+01 
6.819781e-02 8.256156e+01 
7.007398e-02 8.081981e+01 
7.223857e-02 7.832633e+01 
7.485701e-02 7.502158e+01 
7.834102e-02 7.055743e+01 
8.386751e-02 6.383435e+01 
9.145082e-02 5.574682e+01 
1.002112e-01 4.797347e+01 
1.111339e-01 4.019750e+01 
1.255213e-01 3.239264e+01 
1.671962e-01 1.924729e+01 
2.087078e-01 1.280487e+01 
2.532922e-01 8.904740e+00 
3.295244e-01 5.384626e+00 
4.601461e-01 2.819340e+00 
7.165760e-01 1.184447e+00 
1.173413e+00 4.473059e-01 
2.235892e+00 1.241143e-01 
6.752287e+00 1.364542e-02 
2.039158e+01 1.496588e-03 
6.158159e+01 1.641024e-04 
1.859734e+02 1.799352e-05 
5.616308e+02 1.972951e-06 
1.995262e+03 1.563213e-07 
6.309573e+03 1.563213e-08 
1.995262e+04 1.563213e-09 
6.309573e+04 1.563210e-10 
1.000000e+05 6.223260e-11 
-1           -1           
-2           -2           
