% -----------------------------------------------------------------------
%   Program Name: re-cs-60.dat 
%   Author: the Geant4 Collaboration
%   Organization: the Geant4 Collaboration
%   Version: unknown
%   Date: circa 2006
%   Class: Public
%   Copyright (c) Copyright Holders of the Geant4 Collaboration, 1994-2006.
%   See http://cern.ch/geant4/license for details on the copyright holders.
%   All rights not expressly granted under this license are reserved.
% -----------------------------------------------------------------------
1.000000e-06 2.728548e-01 
1.053996e-06 3.566053e-01 
1.084900e-06 4.149947e-01 
1.114839e-06 4.796522e-01 
1.143843e-06 5.513029e-01 
1.171939e-06 6.304142e-01 
1.199158e-06 7.174706e-01 
1.225527e-06 8.129736e-01 
1.251071e-06 9.174428e-01 
1.275817e-06 1.031416e+00 
1.299790e-06 1.155448e+00 
1.323014e-06 1.290114e+00 
1.345511e-06 1.436008e+00 
1.367306e-06 1.593741e+00 
1.388420e-06 1.763947e+00 
1.408874e-06 1.947275e+00 
1.428689e-06 2.144396e+00 
1.466480e-06 2.582799e+00 
1.501946e-06 3.084906e+00 
1.535230e-06 3.656780e+00 
1.566467e-06 4.304861e+00 
1.581356e-06 4.660477e+00 
1.595781e-06 5.040219e+00 
1.623729e-06 5.879977e+00 
1.649930e-06 6.815982e+00 
1.674493e-06 7.859932e+00 
1.697522e-06 9.019985e+00 
1.719111e-06 1.030437e+01 
1.739350e-06 1.172149e+01 
1.758325e-06 1.327987e+01 
1.776114e-06 1.498811e+01 
1.792791e-06 1.685486e+01 
1.808425e-06 1.888880e+01 
1.823083e-06 2.109856e+01 
1.836824e-06 2.349269e+01 
1.849707e-06 2.607963e+01 
1.861784e-06 2.886767e+01 
1.873107e-06 3.186492e+01 
1.883722e-06 3.507927e+01 
1.893673e-06 3.851836e+01 
1.903003e-06 4.218958e+01 
1.911749e-06 4.610007e+01 
1.919949e-06 5.025666e+01 
1.927636e-06 5.466598e+01 
1.934843e-06 5.933451e+01 
1.941600e-06 6.426875e+01 
1.947934e-06 6.947534e+01 
1.953872e-06 7.496110e+01 
1.959439e-06 8.073289e+01 
1.964658e-06 8.679753e+01 
1.969551e-06 9.316191e+01 
1.974138e-06 9.983361e+01 
1.978439e-06 1.068218e+02 
1.982470e-06 1.141383e+02 
1.990030e-06 1.303884e+02 
1.996644e-06 1.482919e+02 
2.002432e-06 1.680447e+02 
2.007496e-06 1.897715e+02 
2.011927e-06 2.134373e+02 
2.015805e-06 2.388074e+02 
2.019197e-06 2.654694e+02 
2.022166e-06 2.928972e+02 
2.024763e-06 3.205272e+02 
2.027036e-06 3.478241e+02 
2.029025e-06 3.743255e+02 
2.032505e-06 4.271274e+02 
2.044438e-06 6.787177e+02 
2.048000e-06 7.755546e+02 
2.050488e-06 8.484387e+02 
2.053002e-06 9.257668e+02 
2.058031e-06 1.087964e+03 
2.058659e-06 1.108607e+03 
2.063059e-06 1.252261e+03 
2.064788e-06 1.307135e+03 
2.068088e-06 1.406743e+03 
2.069816e-06 1.455158e+03 
2.071466e-06 1.498284e+03 
2.073116e-06 1.537907e+03 
2.075316e-06 1.584499e+03 
2.077438e-06 1.621809e+03 
2.079402e-06 1.648976e+03 
2.081052e-06 1.665901e+03 
2.083173e-06 1.679313e+03 
2.086002e-06 1.681970e+03 
2.088359e-06 1.670602e+03 
2.089234e-06 1.663237e+03 
2.091232e-06 1.640141e+03 
2.093463e-06 1.604320e+03 
2.095838e-06 1.555208e+03 
2.098232e-06 1.495240e+03 
2.100328e-06 1.435011e+03 
2.101345e-06 1.403510e+03 
2.103748e-06 1.323972e+03 
2.105857e-06 1.249319e+03 
2.107393e-06 1.192736e+03 
2.109219e-06 1.123819e+03 
2.111314e-06 1.043392e+03 
2.113344e-06 9.650649e+02 
2.115544e-06 8.808980e+02 
2.117577e-06 8.047341e+02 
2.118372e-06 7.755403e+02 
2.120886e-06 6.861921e+02 
2.123401e-06 6.022501e+02 
2.124894e-06 5.554167e+02 
2.127545e-06 4.784397e+02 
2.134490e-06 3.193751e+02 
2.135489e-06 3.019302e+02 
2.136988e-06 2.784228e+02 
2.138486e-06 2.581372e+02 
2.139115e-06 2.505942e+02 
2.140567e-06 2.353624e+02 
2.141787e-06 2.249512e+02 
2.142933e-06 2.171616e+02 
2.144045e-06 2.114639e+02 
2.144890e-06 2.083627e+02 
2.145653e-06 2.064845e+02 
2.146646e-06 2.053548e+02 
2.147609e-06 2.056925e+02 
2.148549e-06 2.073970e+02 
2.149459e-06 2.103581e+02 
2.150342e-06 2.144714e+02 
2.152051e-06 2.259896e+02 
2.158460e-06 3.134438e+02 
2.160864e-06 3.658564e+02 
2.162967e-06 4.214301e+02 
2.170138e-06 6.877995e+02 
2.173442e-06 8.558432e+02 
2.175897e-06 1.001504e+03 
2.178790e-06 1.197211e+03 
2.181452e-06 1.401397e+03 
2.183049e-06 1.535245e+03 
2.185729e-06 1.779065e+03 
2.188409e-06 2.046741e+03 
2.194104e-06 2.689688e+03 
2.194732e-06 2.766172e+03 
2.199464e-06 3.370627e+03 
2.201192e-06 3.600965e+03 
2.204489e-06 4.048363e+03 
2.207211e-06 4.419013e+03 
2.209850e-06 4.772858e+03 
2.212572e-06 5.125577e+03 
2.215210e-06 5.448766e+03 
2.217555e-06 5.715304e+03 
2.220146e-06 5.981622e+03 
2.220905e-06 6.053258e+03 
2.224045e-06 6.315126e+03 
2.226498e-06 6.477250e+03 
2.229315e-06 6.613354e+03 
2.231677e-06 6.683967e+03 
2.236818e-06 6.696321e+03 
2.238283e-06 6.664602e+03 
2.242345e-06 6.498883e+03 
2.244897e-06 6.340300e+03 
2.247370e-06 6.150776e+03 
2.250092e-06 5.906483e+03 
2.252730e-06 5.639636e+03 
2.255075e-06 5.382447e+03 
2.257337e-06 5.120790e+03 
2.260771e-06 4.706404e+03 
2.263451e-06 4.375860e+03 
2.266466e-06 4.004089e+03 
2.268811e-06 3.719331e+03 
2.274171e-06 3.098607e+03 
2.276013e-06 2.898477e+03 
2.279531e-06 2.539331e+03 
2.284221e-06 2.111812e+03 
2.290805e-06 1.614892e+03 
2.296677e-06 1.268839e+03 
2.299597e-06 1.127403e+03 
2.302505e-06 1.004536e+03 
2.305403e-06 8.982472e+02 
2.308289e-06 8.065852e+02 
2.311163e-06 7.276901e+02 
2.314027e-06 6.598344e+02 
2.316879e-06 6.014474e+02 
2.319720e-06 5.511262e+02 
2.322550e-06 5.076381e+02 
2.328188e-06 4.369214e+02 
2.333782e-06 3.826886e+02 
2.339332e-06 3.401210e+02 
2.344839e-06 3.059042e+02 
2.350303e-06 2.777879e+02 
2.355724e-06 2.542418e+02 
2.361103e-06 2.342107e+02 
2.366440e-06 2.169498e+02 
2.371735e-06 2.019180e+02 
2.376989e-06 1.887110e+02 
2.382201e-06 1.770187e+02 
2.392545e-06 1.571869e+02 
2.402728e-06 1.411006e+02 
2.412751e-06 1.278139e+02 
2.422617e-06 1.166771e+02 
2.432330e-06 1.072282e+02 
2.441890e-06 9.912749e+01 
2.451302e-06 9.211954e+01 
2.460566e-06 8.600825e+01 
2.469685e-06 8.063984e+01 
2.478662e-06 7.589132e+01 
2.496336e-06 6.781825e+01 
2.513457e-06 6.128455e+01 
2.530043e-06 5.590521e+01 
2.546110e-06 5.141548e+01 
2.561676e-06 4.762263e+01 
2.576755e-06 4.438479e+01 
2.591363e-06 4.159616e+01 
2.605515e-06 3.917342e+01 
2.632933e-06 3.510906e+01 
2.658638e-06 3.189906e+01 
2.682736e-06 2.931656e+01 
2.705329e-06 2.720742e+01 
2.726509e-06 2.546212e+01 
2.766221e-06 2.265263e+01 
2.800970e-06 2.058131e+01 
2.831375e-06 1.901546e+01 
2.857980e-06 1.780517e+01 
2.904537e-06 1.595867e+01 
2.939456e-06 1.475864e+01 
3.066689e-06 1.130980e+01 
3.164098e-06 9.295930e+00 
3.194069e-06 8.743663e+00 
3.277738e-06 7.279763e+00 
3.340490e-06 6.202931e+00 
3.384612e-06 5.421947e+00 
3.418393e-06 4.786818e+00 
3.432187e-06 4.512555e+00 
3.456326e-06 4.003270e+00 
3.474431e-06 3.589223e+00 
3.488009e-06 3.255194e+00 
3.498193e-06 2.989088e+00 
3.505831e-06 2.780234e+00 
3.517288e-06 2.453339e+00 
3.523016e-06 2.285519e+00 
3.528744e-06 2.116935e+00 
3.536098e-06 1.903811e+00 
3.549767e-06 1.547923e+00 
3.551280e-06 1.514618e+00 
3.563487e-06 1.326416e+00 
3.566124e-06 1.310989e+00 
3.567443e-06 1.307591e+00 
3.568762e-06 1.307298e+00 
3.573132e-06 1.330809e+00 
3.575318e-06 1.358200e+00 
3.577503e-06 1.397189e+00 
3.578595e-06 1.421315e+00 
3.582420e-06 1.532039e+00 
3.584332e-06 1.603848e+00 
3.586244e-06 1.687456e+00 
3.589370e-06 1.851163e+00 
3.592248e-06 2.033583e+00 
3.595456e-06 2.275183e+00 
3.599461e-06 2.637322e+00 
3.612236e-06 4.285671e+00 
3.614002e-06 4.576035e+00 
3.620574e-06 5.790747e+00 
3.624228e-06 6.555836e+00 
3.628899e-06 7.620577e+00 
3.632677e-06 8.547079e+00 
3.635920e-06 9.382987e+00 
3.639215e-06 1.026470e+01 
3.642725e-06 1.123218e+01 
3.646550e-06 1.230957e+01 
3.650534e-06 1.344285e+01 
3.654556e-06 1.458239e+01 
3.659976e-06 1.607910e+01 
3.663872e-06 1.710456e+01 
3.666708e-06 1.781361e+01 
3.670181e-06 1.862858e+01 
3.673654e-06 1.937450e+01 
3.682395e-06 2.088056e+01 
3.683966e-06 2.108738e+01 
3.691136e-06 2.175725e+01 
3.694141e-06 2.189860e+01 
3.697009e-06 2.195497e+01 
3.701456e-06 2.189104e+01 
3.705710e-06 2.166132e+01 
3.708138e-06 2.145917e+01 
3.712121e-06 2.102190e+01 
3.715374e-06 2.057403e+01 
3.719643e-06 1.987508e+01 
3.723760e-06 1.909761e+01 
3.725132e-06 1.881907e+01 
3.731764e-06 1.736686e+01 
3.733975e-06 1.685358e+01 
3.741712e-06 1.500750e+01 
3.751111e-06 1.282129e+01 
3.757601e-06 1.146828e+01 
3.760502e-06 1.092799e+01 
3.764923e-06 1.019958e+01 
3.768792e-06 9.669070e+00 
3.771045e-06 9.410634e+00 
3.772987e-06 9.219689e+00 
3.778810e-06 8.833029e+00 
3.780469e-06 8.776127e+00 
3.782362e-06 8.740913e+00 
3.787333e-06 8.801513e+00 
3.789702e-06 8.908875e+00 
3.792305e-06 9.084989e+00 
3.797276e-06 9.586770e+00 
3.799881e-06 9.933623e+00 
3.802781e-06 1.038376e+01 
3.806508e-06 1.105557e+01 
3.812262e-06 1.227493e+01 
3.822053e-06 1.473397e+01 
3.825551e-06 1.568598e+01 
3.830961e-06 1.718479e+01 
3.835866e-06 1.853190e+01 
3.839653e-06 1.953816e+01 
3.844017e-06 2.063632e+01 
3.853250e-06 2.263854e+01 
3.856225e-06 2.316647e+01 
3.861906e-06 2.398840e+01 
3.865080e-06 2.433455e+01 
3.868109e-06 2.458643e+01 
3.871139e-06 2.476069e+01 
3.873447e-06 2.484141e+01 
3.878640e-06 2.486122e+01 
3.880372e-06 2.481937e+01 
3.884988e-06 2.459536e+01 
3.889604e-06 2.421863e+01 
3.896529e-06 2.340318e+01 
3.898837e-06 2.307386e+01 
3.905762e-06 2.194797e+01 
3.908070e-06 2.153503e+01 
3.917303e-06 1.975922e+01 
3.919611e-06 1.929541e+01 
3.926536e-06 1.788793e+01 
3.934615e-06 1.626058e+01 
3.942720e-06 1.469292e+01 
4.001352e-06 6.672883e+00 
4.005280e-06 6.370188e+00 
4.012781e-06 5.900170e+00 
4.018982e-06 5.631434e+00 
4.021049e-06 5.568422e+00 
4.030898e-06 5.469140e+00 
4.032129e-06 5.481480e+00 
4.040747e-06 5.731744e+00 
4.044133e-06 5.910228e+00 
4.050596e-06 6.376646e+00 
4.053861e-06 6.673414e+00 
4.057494e-06 7.049488e+00 
4.063400e-06 7.755983e+00 
4.076363e-06 9.631718e+00 
4.081919e-06 1.051995e+01 
4.087973e-06 1.150306e+01 
4.092915e-06 1.229378e+01 
4.096378e-06 1.283059e+01 
4.100456e-06 1.343527e+01 
4.109689e-06 1.464972e+01 
4.114547e-06 1.518070e+01 
4.118431e-06 1.554396e+01 
4.123710e-06 1.594578e+01 
4.128614e-06 1.622292e+01 
4.132618e-06 1.638198e+01 
4.135622e-06 1.646332e+01 
4.142380e-06 1.653735e+01 
4.147845e-06 1.650139e+01 
4.151058e-06 1.644745e+01 
4.158933e-06 1.623919e+01 
4.182178e-06 1.543482e+01 
4.192820e-06 1.517008e+01 
4.200622e-06 1.505128e+01 
4.207503e-06 1.499424e+01 
4.230190e-06 1.494976e+01 
4.242795e-06 1.486326e+01 
4.252248e-06 1.470832e+01 
4.257919e-06 1.457167e+01 
4.267616e-06 1.426353e+01 
4.276280e-06 1.391898e+01 
4.286407e-06 1.345644e+01 
4.301711e-06 1.269967e+01 
4.338076e-06 1.101703e+01 
4.365626e-06 9.964843e+00 
4.379661e-06 9.492246e+00 
4.388296e-06 9.228656e+00 
4.400453e-06 8.906204e+00 
4.409740e-06 8.709031e+00 
4.415493e-06 8.612073e+00 
4.421245e-06 8.535983e+00 
4.426443e-06 8.485747e+00 
4.436774e-06 8.437656e+00 
4.447267e-06 8.453266e+00 
4.457989e-06 8.521286e+00 
4.485118e-06 8.769742e+00 
4.496130e-06 8.832949e+00 
4.501637e-06 8.845961e+00 
4.509896e-06 8.838549e+00 
4.518155e-06 8.797929e+00 
4.528271e-06 8.706129e+00 
4.538404e-06 8.576731e+00 
4.573218e-06 8.040478e+00 
4.587888e-06 7.858849e+00 
4.595242e-06 7.787685e+00 
4.606255e-06 7.705389e+00 
4.617267e-06 7.647390e+00 
4.668025e-06 7.479591e+00 
4.718213e-06 7.252314e+00 
4.878790e-06 6.644847e+00 
4.965997e-06 6.311647e+00 
5.063007e-06 6.039652e+00 
5.582835e-06 4.903589e+00 
5.838919e-06 4.455991e+00 
6.000754e-06 4.175072e+00 
6.100000e-06 4.002751e+00 
6.187246e-06 3.850223e+00 
6.287892e-06 3.654461e+00 
6.334322e-06 3.569049e+00 
6.349799e-06 3.550001e+00 
6.378065e-06 3.535494e+00 
6.390855e-06 3.538398e+00 
6.411706e-06 3.554524e+00 
6.473614e-06 3.630621e+00 
6.499364e-06 3.642016e+00 
6.520044e-06 3.633928e+00 
6.535521e-06 3.617966e+00 
6.566475e-06 3.565914e+00 
6.597428e-06 3.498051e+00 
6.783275e-06 3.089431e+00 
6.816504e-06 3.033347e+00 
6.845202e-06 3.000265e+00 
6.864081e-06 2.988296e+00 
6.882961e-06 2.984228e+00 
6.916190e-06 2.992663e+00 
6.983079e-06 3.024275e+00 
7.012862e-06 3.023257e+00 
7.047598e-06 3.001378e+00 
7.082334e-06 2.958153e+00 
7.130225e-06 2.875520e+00 
7.191185e-06 2.764197e+00 
7.261125e-06 2.660465e+00 
7.383520e-06 2.515376e+00 
7.448752e-06 2.459032e+00 
7.541775e-06 2.400366e+00 
7.581209e-06 2.366701e+00 
7.650701e-06 2.290667e+00 
7.965070e-06 1.959625e+00 
8.082927e-06 1.855008e+00 
8.179436e-06 1.766716e+00 
8.294089e-06 1.656389e+00 
8.532544e-06 1.446060e+00 
8.709636e-06 1.298434e+00 
8.850000e-06 1.184806e+00 
9.015711e-06 1.054426e+00 
9.192161e-06 9.214443e-01 
9.387300e-06 7.833352e-01 
9.645250e-06 6.115054e-01 
9.876221e-06 4.697009e-01 
1.007289e-05 3.605525e-01 
1.020225e-05 2.956089e-01 
1.039621e-05 2.087166e-01 
1.057251e-05 1.413024e-01 
1.074901e-05 8.578914e-02 
1.085000e-05 5.990204e-02 
1.092833e-05 4.332146e-02 
1.108564e-05 1.921434e-02 
1.124611e-05 7.773417e-03 
1.140156e-05 1.038402e-02 
1.147686e-05 1.697154e-02 
1.155098e-05 2.723558e-02 
1.165000e-05 4.697091e-02 
1.176646e-05 7.876372e-02 
1.190430e-05 1.197208e-01 
1.197977e-05 1.313246e-01 
1.198806e-05 1.317154e-01 
1.213750e-05 1.116255e-01 
1.227629e-05 7.561063e-02 
1.238448e-05 5.117900e-02 
1.250435e-05 3.024740e-02 
1.262048e-05 1.669717e-02 
1.273299e-05 1.050885e-02 
1.284197e-05 1.166184e-02 
1.294755e-05 2.012123e-02 
1.304983e-05 3.586162e-02 
1.315880e-05 6.171434e-02 
1.324491e-05 8.944483e-02 
1.343089e-05 1.723883e-01 
1.361685e-05 2.894616e-01 
1.376870e-05 4.141341e-01 
1.392194e-05 5.707789e-01 
1.406560e-05 7.493543e-01 
1.420029e-05 9.482193e-01 
1.433203e-05 1.176280e+00 
1.444493e-05 1.401771e+00 
1.466688e-05 1.929950e+00 
1.486109e-05 2.496654e+00 
1.503102e-05 3.087732e+00 
1.517971e-05 3.689866e+00 
1.542366e-05 4.886212e+00 
1.562288e-05 6.084871e+00 
1.588436e-05 8.031667e+00 
1.605246e-05 9.561264e+00 
1.673979e-05 1.894331e+01 
1.706291e-05 2.599106e+01 
1.722726e-05 3.053947e+01 
1.739162e-05 3.591088e+01 
1.751488e-05 4.059052e+01 
1.763380e-05 4.573715e+01 
1.784980e-05 5.702240e+01 
1.803965e-05 6.956563e+01 
1.820650e-05 8.328341e+01 
1.828219e-05 9.053588e+01 
1.842412e-05 1.062232e+02 
1.854830e-05 1.226407e+02 
1.865695e-05 1.395840e+02 
1.875203e-05 1.568423e+02 
1.883522e-05 1.741963e+02 
1.890801e-05 1.914280e+02 
1.897171e-05 2.083333e+02 
1.904305e-05 2.296227e+02 
1.912497e-05 2.576895e+02 
1.919812e-05 2.866680e+02 
1.927438e-05 3.216628e+02 
1.933527e-05 3.538199e+02 
1.941756e-05 4.046065e+02 
1.948694e-05 4.555309e+02 
1.956094e-05 5.202818e+02 
1.960874e-05 5.692440e+02 
1.965653e-05 6.251273e+02 
1.970432e-05 6.894074e+02 
1.976181e-05 7.806297e+02 
1.979991e-05 8.515870e+02 
1.984771e-05 9.556595e+02 
1.989550e-05 1.081191e+03 
1.994329e-05 1.235100e+03 
1.999109e-05 1.427064e+03 
2.003888e-05 1.670513e+03 
2.006278e-05 1.817052e+03 
2.008668e-05 1.983788e+03 
2.011080e-05 2.175864e+03 
2.013491e-05 2.395621e+03 
2.015939e-05 2.651332e+03 
2.018387e-05 2.944905e+03 
2.022186e-05 3.488432e+03 
2.028179e-05 4.612686e+03 
2.040908e-05 8.477816e+03 
2.045574e-05 1.051600e+04 
2.049444e-05 1.247954e+04 
2.053231e-05 1.463165e+04 
2.055122e-05 1.578490e+04 
2.059525e-05 1.863901e+04 
2.061255e-05 1.981108e+04 
2.065186e-05 2.253454e+04 
2.067938e-05 2.445065e+04 
2.070367e-05 2.611518e+04 
2.073101e-05 2.792338e+04 
2.075194e-05 2.923658e+04 
2.077544e-05 3.061234e+04 
2.080138e-05 3.197952e+04 
2.082031e-05 3.285879e+04 
2.084354e-05 3.378200e+04 
2.087359e-05 3.469333e+04 
2.089951e-05 3.520010e+04 
2.091060e-05 3.533382e+04 
2.093820e-05 3.544509e+04 
2.095260e-05 3.537657e+04 
2.099939e-05 3.456430e+04 
2.102190e-05 3.386737e+04 
2.104486e-05 3.296852e+04 
2.106414e-05 3.207994e+04 
2.108790e-05 3.083582e+04 
2.111396e-05 2.930907e+04 
2.113392e-05 2.804680e+04 
2.115633e-05 2.655497e+04 
2.117504e-05 2.526465e+04 
2.119911e-05 2.356882e+04 
2.122427e-05 2.177804e+04 
2.124943e-05 1.999699e+04 
2.127773e-05 1.803609e+04 
2.129975e-05 1.656109e+04 
2.135007e-05 1.341882e+04 
2.136737e-05 1.242583e+04 
2.140039e-05 1.066774e+04 
2.143813e-05 8.887946e+03 
2.147281e-05 7.468161e+03 
2.151568e-05 5.985966e+03 
2.164126e-05 3.098023e+03 
2.166770e-05 2.705723e+03 
2.169414e-05 2.369381e+03 
2.172383e-05 2.048998e+03 
2.174702e-05 1.835018e+03 
2.177704e-05 1.597769e+03 
2.180364e-05 1.419339e+03 
2.183025e-05 1.265858e+03 
2.186795e-05 1.083375e+03 
2.190565e-05 9.336339e+02 
2.195852e-05 7.651964e+02 
2.201140e-05 6.324478e+02 
2.217003e-05 3.641699e+02 
2.222291e-05 3.021800e+02 
2.227578e-05 2.493660e+02 
2.232866e-05 2.041425e+02 
2.246875e-05 1.134337e+02 
2.248389e-05 1.057937e+02 
2.251203e-05 9.259553e+01 
2.254657e-05 7.811897e+01 
2.259457e-05 6.101696e+01 
2.264991e-05 4.542486e+01 
2.270525e-05 3.401796e+01 
2.271909e-05 3.179853e+01 
2.276059e-05 2.663894e+01 
2.277443e-05 2.542174e+01 
2.281594e-05 2.333047e+01 
2.282977e-05 2.317821e+01 
2.285052e-05 2.349931e+01 
2.286609e-05 2.420135e+01 
2.287819e-05 2.504086e+01 
2.289938e-05 2.718112e+01 
2.290619e-05 2.806431e+01 
2.292279e-05 3.065168e+01 
2.292863e-05 3.171830e+01 
2.293984e-05 3.400876e+01 
2.295263e-05 3.704249e+01 
2.296222e-05 3.963471e+01 
2.297661e-05 4.407814e+01 
2.299101e-05 4.925148e+01 
2.301431e-05 5.938546e+01 
2.304146e-05 7.440238e+01 
2.312916e-05 1.561758e+02 
2.316077e-05 2.031261e+02 
2.318907e-05 2.558845e+02 
2.321736e-05 3.207854e+02 
2.324566e-05 4.000000e+02 
2.327395e-05 4.959286e+02 
2.330225e-05 6.111792e+02 
2.333054e-05 7.485310e+02 
2.335263e-05 8.729464e+02 
2.338161e-05 1.061686e+03 
2.340839e-05 1.264255e+03 
2.343585e-05 1.502469e+03 
2.345407e-05 1.678742e+03 
2.348099e-05 1.967144e+03 
2.350155e-05 2.210596e+03 
2.352915e-05 2.569896e+03 
2.353628e-05 2.668880e+03 
2.359784e-05 3.624574e+03 
2.365215e-05 4.606701e+03 
2.367687e-05 5.088684e+03 
2.369663e-05 5.485885e+03 
2.372163e-05 5.999027e+03 
2.375019e-05 6.592819e+03 
2.377421e-05 7.091533e+03 
2.379991e-05 7.616710e+03 
2.382763e-05 8.163944e+03 
2.385158e-05 8.613038e+03 
2.387706e-05 9.058773e+03 
2.388927e-05 9.258317e+03 
2.392294e-05 9.753632e+03 
2.395006e-05 1.008587e+04 
2.398361e-05 1.040389e+04 
2.400648e-05 1.055732e+04 
2.406347e-05 1.070448e+04 
2.409086e-05 1.065511e+04 
2.412593e-05 1.048253e+04 
2.415423e-05 1.025961e+04 
2.417738e-05 1.002666e+04 
2.420602e-05 9.682524e+03 
2.422320e-05 9.449853e+03 
2.425347e-05 8.999778e+03 
2.428266e-05 8.526865e+03 
2.429239e-05 8.362644e+03 
2.432051e-05 7.874593e+03 
2.435241e-05 7.306006e+03 
2.438916e-05 6.646990e+03 
2.440146e-05 6.428099e+03 
2.445917e-05 5.435339e+03 
2.449273e-05 4.895466e+03 
2.453248e-05 4.302764e+03 
2.458855e-05 3.563636e+03 
2.469756e-05 2.460935e+03 
2.472345e-05 2.259525e+03 
2.476229e-05 1.995512e+03 
2.480113e-05 1.772510e+03 
2.484811e-05 1.549846e+03 
2.491195e-05 1.314325e+03 
2.495776e-05 1.182549e+03 
2.499370e-05 1.096161e+03 
2.502331e-05 1.034185e+03 
2.505004e-05 9.842939e+02 
2.507487e-05 9.423511e+02 
2.510486e-05 8.966082e+02 
2.517307e-05 8.086207e+02 
2.521325e-05 7.649927e+02 
2.526179e-05 7.184929e+02 
2.534347e-05 6.520970e+02 
2.545617e-05 5.778930e+02 
2.557707e-05 5.135781e+02 
2.568337e-05 4.662463e+02 
2.580732e-05 4.194488e+02 
2.587053e-05 3.986188e+02 
2.593374e-05 3.797121e+02 
2.600160e-05 3.614964e+02 
2.610813e-05 3.371539e+02 
2.619025e-05 3.218767e+02 
2.625247e-05 3.123161e+02 
2.637136e-05 2.989461e+02 
2.643939e-05 2.942292e+02 
2.651031e-05 2.915393e+02 
2.656585e-05 2.908961e+02 
2.662482e-05 2.913976e+02 
2.675925e-05 2.952186e+02 
2.682240e-05 2.971503e+02 
2.691211e-05 2.986876e+02 
2.694772e-05 2.986991e+02 
2.700287e-05 2.979351e+02 
2.706648e-05 2.958842e+02 
2.715709e-05 2.911532e+02 
2.738419e-05 2.756266e+02 
2.750954e-05 2.680399e+02 
2.763741e-05 2.617899e+02 
2.785447e-05 2.535150e+02 
2.852016e-05 2.331764e+02 
2.876407e-05 2.257200e+02 
2.925438e-05 2.126777e+02 
2.998714e-05 1.971588e+02 
3.056531e-05 1.869189e+02 
3.137368e-05 1.750666e+02 
3.209165e-05 1.660675e+02 
3.276800e-05 1.588540e+02 
3.379200e-05 1.492495e+02 
3.479872e-05 1.412137e+02 
3.588456e-05 1.338711e+02 
3.725001e-05 1.259856e+02 
4.107170e-05 1.086807e+02 
4.141039e-05 1.075557e+02 
4.220000e-05 1.058402e+02 
4.259196e-05 1.046676e+02 
4.359500e-05 1.013416e+02 
4.480000e-05 9.812841e+01 
4.640476e-05 9.452069e+01 
6.324738e-05 6.978693e+01 
6.918310e-05 6.336213e+01 
7.244359e-05 5.914155e+01 
7.498942e-05 5.544663e+01 
7.673615e-05 5.274110e+01 
7.890874e-05 4.917347e+01 
8.035261e-05 4.664270e+01 
8.205061e-05 4.354203e+01 
8.344254e-05 4.090794e+01 
8.418641e-05 3.946468e+01 
8.511380e-05 3.763787e+01 
8.623299e-05 3.541358e+01 
8.749087e-05 3.291276e+01 
9.002000e-05 2.818092e+01 
9.083379e-05 2.747777e+01 
9.105436e-05 2.751592e+01 
9.161860e-05 2.813742e+01 
9.246107e-05 3.018738e+01 
9.311314e-05 3.233552e+01 
9.374499e-05 3.475974e+01 
9.440609e-05 3.767055e+01 
9.524023e-05 4.196329e+01 
9.581058e-05 4.536034e+01 
9.648864e-05 4.996737e+01 
9.717379e-05 5.533653e+01 
9.791925e-05 6.212672e+01 
9.841973e-05 6.733497e+01 
9.900000e-05 7.413456e+01 
9.933400e-05 7.846314e+01 
1.000000e-04 8.811973e+01 
1.006202e-04 9.852127e+01 
1.011579e-04 1.088303e+02 
1.017896e-04 1.227431e+02 
1.025095e-04 1.414211e+02 
1.031852e-04 1.622821e+02 
1.038193e-04 1.854878e+02 
1.041539e-04 1.994239e+02 
1.047682e-04 2.286197e+02 
1.052562e-04 2.557426e+02 
1.058743e-04 2.962327e+02 
1.062534e-04 3.251627e+02 
1.067058e-04 3.646290e+02 
1.071991e-04 4.150526e+02 
1.075275e-04 4.537802e+02 
1.079003e-04 5.037248e+02 
1.082497e-04 5.574088e+02 
1.085773e-04 6.149406e+02 
1.089060e-04 6.810431e+02 
1.091724e-04 7.419409e+02 
1.094424e-04 8.115905e+02 
1.096954e-04 8.854527e+02 
1.099709e-04 9.771180e+02 
1.101551e-04 1.046146e+03 
1.103637e-04 1.133154e+03 
1.105591e-04 1.224741e+03 
1.107424e-04 1.321030e+03 
1.109175e-04 1.424190e+03 
1.110753e-04 1.528278e+03 
1.113774e-04 1.764242e+03 
1.116416e-04 2.022867e+03 
1.118729e-04 2.303690e+03 
1.120752e-04 2.604563e+03 
1.122522e-04 2.921631e+03 
1.124072e-04 3.249727e+03 
1.125427e-04 3.582995e+03 
1.126613e-04 3.915530e+03 
1.128689e-04 4.604971e+03 
1.130245e-04 5.226496e+03 
1.132289e-04 6.201664e+03 
1.138915e-04 1.092209e+04 
1.140539e-04 1.249547e+04 
1.141784e-04 1.381654e+04 
1.143469e-04 1.575831e+04 
1.145249e-04 1.798400e+04 
1.148054e-04 2.177828e+04 
1.148405e-04 2.227009e+04 
1.150860e-04 2.575592e+04 
1.151824e-04 2.712091e+04 
1.153665e-04 2.965910e+04 
1.154813e-04 3.116492e+04 
1.156078e-04 3.272127e+04 
1.157422e-04 3.422701e+04 
1.158575e-04 3.536977e+04 
1.159686e-04 3.632218e+04 
1.160942e-04 3.720103e+04 
1.162255e-04 3.787600e+04 
1.163899e-04 3.834369e+04 
1.165142e-04 3.840809e+04 
1.166854e-04 3.808570e+04 
1.168160e-04 3.752767e+04 
1.169009e-04 3.702734e+04 
1.170378e-04 3.600869e+04 
1.171678e-04 3.482280e+04 
1.173148e-04 3.326747e+04 
1.174502e-04 3.167666e+04 
1.175746e-04 3.012130e+04 
1.177093e-04 2.838002e+04 
1.178910e-04 2.602017e+04 
1.183206e-04 2.098658e+04 
1.184778e-04 1.951952e+04 
1.185654e-04 1.881814e+04 
1.186908e-04 1.797036e+04 
1.187780e-04 1.749383e+04 
1.188873e-04 1.703008e+04 
1.189793e-04 1.675492e+04 
1.190847e-04 1.656653e+04 
1.191714e-04 1.650935e+04 
1.192648e-04 1.654126e+04 
1.193676e-04 1.668051e+04 
1.193944e-04 1.673349e+04 
1.196054e-04 1.735941e+04 
1.197722e-04 1.806241e+04 
1.202164e-04 2.031288e+04 
1.204063e-04 2.122087e+04 
1.204590e-04 2.144891e+04 
1.207504e-04 2.243181e+04 
1.208875e-04 2.269755e+04 
1.210924e-04 2.282482e+04 
1.212417e-04 2.270676e+04 
1.213276e-04 2.255903e+04 
1.213962e-04 2.240041e+04 
1.214990e-04 2.209730e+04 
1.216101e-04 2.168687e+04 
1.217482e-04 2.106706e+04 
1.218725e-04 2.041745e+04 
1.219168e-04 2.016759e+04 
1.220763e-04 1.920000e+04 
1.221990e-04 1.839706e+04 
1.222771e-04 1.786587e+04 
1.224248e-04 1.683272e+04 
1.224769e-04 1.646235e+04 
1.227648e-04 1.440899e+04 
1.228283e-04 1.396247e+04 
1.233083e-04 1.081834e+04 
1.239695e-04 7.471689e+03 
1.241488e-04 6.778855e+03 
1.242865e-04 6.304417e+03 
1.244879e-04 5.693610e+03 
1.246879e-04 5.174910e+03 
1.249238e-04 4.660187e+03 
1.251089e-04 4.319104e+03 
1.253712e-04 3.913300e+03 
1.256347e-04 3.579471e+03 
1.259833e-04 3.224043e+03 
1.262608e-04 2.993469e+03 
1.265368e-04 2.798612e+03 
1.268701e-04 2.598318e+03 
1.270029e-04 2.527174e+03 
1.273524e-04 2.358784e+03 
1.278842e-04 2.144563e+03 
1.284011e-04 1.973193e+03 
1.288461e-04 1.848249e+03 
1.293156e-04 1.734798e+03 
1.296838e-04 1.656923e+03 
1.300162e-04 1.593779e+03 
1.304008e-04 1.528120e+03 
1.308164e-04 1.464916e+03 
1.312920e-04 1.401060e+03 
1.317958e-04 1.341788e+03 
1.325000e-04 1.270901e+03 
1.331090e-04 1.218844e+03 
1.337580e-04 1.171095e+03 
1.344636e-04 1.126619e+03 
1.350438e-04 1.094826e+03 
1.363084e-04 1.037020e+03 
1.375563e-04 9.913909e+02 
1.390684e-04 9.464142e+02 
1.404250e-04 9.124006e+02 
1.423560e-04 8.708609e+02 
1.441285e-04 8.380802e+02 
1.462588e-04 8.028699e+02 
1.480579e-04 7.761956e+02 
1.523025e-04 7.220633e+02 
1.562446e-04 6.797144e+02 
1.599747e-04 6.453257e+02 
1.635875e-04 6.161808e+02 
1.672466e-04 5.902081e+02 
1.754397e-04 5.416524e+02 
1.797336e-04 5.207154e+02 
1.844809e-04 5.003600e+02 
1.899984e-04 4.800541e+02 
1.957000e-04 4.614345e+02 
2.105000e-04 4.207879e+02 
2.175204e-04 4.000984e+02 
2.216354e-04 3.838848e+02 
2.226557e-04 3.817505e+02 
2.232126e-04 3.815266e+02 
2.241554e-04 3.828776e+02 
2.254559e-04 3.877754e+02 
2.271405e-04 3.957957e+02 
2.280718e-04 3.992560e+02 
2.290377e-04 4.015616e+02 
2.302521e-04 4.028425e+02 
2.312597e-04 4.030374e+02 
2.442723e-04 3.987820e+02 
2.498310e-04 4.002701e+02 
2.519387e-04 4.014288e+02 
2.545977e-04 4.041225e+02 
2.601158e-04 4.121883e+02 
2.755828e-04 4.275362e+02 
2.982236e-04 4.431100e+02 
3.114239e-04 4.490834e+02 
3.148015e-04 4.527970e+02 
3.213464e-04 4.645301e+02 
3.324853e-04 4.798809e+02 
3.585830e-04 5.061688e+02 
3.819717e-04 5.257938e+02 
4.081138e-04 5.445416e+02 
4.409354e-04 5.634417e+02 
4.748894e-04 5.788507e+02 
5.248800e-04 5.935934e+02 
5.706168e-04 5.993057e+02 
6.164011e-04 5.969450e+02 
6.616037e-04 5.867162e+02 
7.008005e-04 5.708862e+02 
7.410804e-04 5.458154e+02 
7.785565e-04 5.153491e+02 
8.098203e-04 4.835775e+02 
8.348537e-04 4.529812e+02 
8.564173e-04 4.219351e+02 
8.745746e-04 3.916266e+02 
8.870047e-04 3.682430e+02 
9.005850e-04 3.395081e+02 
9.120108e-04 3.122169e+02 
9.226578e-04 2.836591e+02 
9.290080e-04 2.648792e+02 
9.355439e-04 2.446824e+02 
9.402455e-04 2.329933e+02 
9.465671e-04 2.455533e+02 
9.510071e-04 3.202592e+02 
9.525341e-04 3.715907e+02 
9.529113e-04 3.870098e+02 
9.565995e-04 6.089026e+02 
9.600232e-04 9.554681e+02 
9.621850e-04 1.250729e+03 
9.624149e-04 1.285433e+03 
9.646373e-04 1.649012e+03 
9.649767e-04 1.708394e+03 
9.670080e-04 2.077466e+03 
9.688915e-04 2.427534e+03 
9.708663e-04 2.781776e+03 
9.714805e-04 2.885910e+03 
9.743882e-04 3.316416e+03 
9.763236e-04 3.530009e+03 
9.767745e-04 3.570318e+03 
9.779163e-04 3.656089e+03 
9.790982e-04 3.720722e+03 
9.802328e-04 3.760894e+03 
9.811216e-04 3.778622e+03 
9.822708e-04 3.785669e+03 
9.832315e-04 3.779685e+03 
9.847301e-04 3.753061e+03 
9.862355e-04 3.710708e+03 
9.886528e-04 3.623483e+03 
9.920814e-04 3.481221e+03 
9.934484e-04 3.419705e+03 
9.971369e-04 3.225920e+03 
9.982739e-04 3.153590e+03 
9.993885e-04 3.075258e+03 
1.000388e-03 2.998344e+03 
1.001939e-03 2.866043e+03 
1.004433e-03 2.622991e+03 
1.005812e-03 2.475588e+03 
1.007300e-03 2.309880e+03 
1.009635e-03 2.045407e+03 
1.011296e-03 1.861496e+03 
1.015854e-03 1.417648e+03 
1.018254e-03 1.236289e+03 
1.020492e-03 1.103628e+03 
1.023054e-03 9.926138e+02 
1.026447e-03 9.020760e+02 
1.028646e-03 8.698002e+02 
1.031488e-03 8.494135e+02 
1.034766e-03 8.450409e+02 
1.038660e-03 8.537471e+02 
1.056209e-03 9.248766e+02 
1.065350e-03 9.588264e+02 
1.074279e-03 9.893191e+02 
1.088616e-03 1.034200e+03 
1.107786e-03 1.088707e+03 
1.124703e-03 1.131048e+03 
1.146978e-03 1.179121e+03 
1.175302e-03 1.229078e+03 
1.193457e-03 1.251643e+03 
1.211072e-03 1.264639e+03 
1.227965e-03 1.268501e+03 
1.253118e-03 1.264520e+03 
1.259807e-03 1.268615e+03 
1.266026e-03 1.278247e+03 
1.274946e-03 1.301992e+03 
1.290132e-03 1.351589e+03 
1.302385e-03 1.385305e+03 
1.315635e-03 1.416798e+03 
1.324034e-03 1.433835e+03 
1.335332e-03 1.451692e+03 
1.367745e-03 1.485883e+03 
1.386889e-03 1.517690e+03 
1.419159e-03 1.573179e+03 
1.431461e-03 1.590701e+03 
1.447741e-03 1.609264e+03 
1.468991e-03 1.626469e+03 
1.490691e-03 1.637838e+03 
1.535806e-03 1.648160e+03 
1.546758e-03 1.656391e+03 
1.562449e-03 1.677558e+03 
1.588631e-03 1.715476e+03 
1.604492e-03 1.730908e+03 
1.628589e-03 1.746896e+03 
1.686681e-03 1.770568e+03 
1.764260e-03 1.788066e+03 
1.900253e-03 1.798821e+03 
1.990960e-03 1.797600e+03 
2.115771e-03 1.784476e+03 
2.317701e-03 1.751532e+03 
2.393660e-03 1.736716e+03 
2.664557e-03 1.672317e+03 
2.936910e-03 1.601973e+03 
3.151133e-03 1.545843e+03 
3.323171e-03 1.499219e+03 
3.624641e-03 1.418771e+03 
3.765175e-03 1.382392e+03 
3.939751e-03 1.336723e+03 
4.131367e-03 1.287413e+03 
4.319493e-03 1.240229e+03 
4.518559e-03 1.190914e+03 
4.717914e-03 1.141462e+03 
4.904842e-03 1.095039e+03 
5.073411e-03 1.052562e+03 
5.229887e-03 1.012485e+03 
5.361509e-03 9.774174e+02 
5.483559e-03 9.434907e+02 
5.589018e-03 9.126434e+02 
5.670504e-03 8.873232e+02 
5.743072e-03 8.631013e+02 
5.811003e-03 8.384069e+02 
5.867025e-03 8.160135e+02 
5.917992e-03 7.933505e+02 
5.965649e-03 7.691138e+02 
6.002025e-03 7.475078e+02 
6.032114e-03 7.268022e+02 
6.069212e-03 6.974838e+02 
6.124305e-03 6.522223e+02 
6.147455e-03 6.374158e+02 
6.161939e-03 6.309012e+02 
6.174384e-03 6.273934e+02 
6.184428e-03 6.260949e+02 
6.198760e-03 6.266780e+02 
6.214330e-03 6.304542e+02 
6.236226e-03 6.405747e+02 
6.266228e-03 6.606520e+02 
6.315757e-03 6.972533e+02 
6.335633e-03 7.099999e+02 
6.349799e-03 7.179431e+02 
6.369667e-03 7.273998e+02 
6.400000e-03 7.382578e+02 
6.433266e-03 7.459260e+02 
6.472383e-03 7.504141e+02 
6.509306e-03 7.508816e+02 
6.544494e-03 7.482266e+02 
6.601022e-03 7.388346e+02 
6.651160e-03 7.296443e+02 
6.685678e-03 7.270848e+02 
6.702703e-03 7.278536e+02 
6.719908e-03 7.301950e+02 
6.748515e-03 7.374294e+02 
6.799860e-03 7.574535e+02 
6.849453e-03 7.775778e+02 
6.872594e-03 7.852144e+02 
6.897022e-03 7.915847e+02 
6.925463e-03 7.968245e+02 
6.984152e-03 8.021598e+02 
7.039654e-03 8.058476e+02 
7.085318e-03 8.126273e+02 
7.128341e-03 8.234712e+02 
7.240994e-03 8.582487e+02 
7.274375e-03 8.663384e+02 
7.318446e-03 8.747649e+02 
7.405205e-03 8.858922e+02 
7.523871e-03 8.945854e+02 
7.675736e-03 9.000947e+02 
7.863912e-03 9.014193e+02 
8.067764e-03 8.984783e+02 
8.385104e-03 8.876427e+02 
8.735526e-03 8.707875e+02 
9.192581e-03 8.442755e+02 
9.683654e-03 8.128461e+02 
1.037006e-02 7.676285e+02 
1.115779e-02 7.170903e+02 
1.230650e-02 6.495205e+02 
1.372229e-02 5.768467e+02 
1.552443e-02 5.003016e+02 
1.770738e-02 4.264524e+02 
1.992393e-02 3.666817e+02 
2.156230e-02 3.298099e+02 
2.335311e-02 2.948971e+02 
2.521329e-02 2.634098e+02 
2.733823e-02 2.324337e+02 
2.949883e-02 2.056244e+02 
3.293714e-02 1.709854e+02 
3.520634e-02 1.522822e+02 
3.709706e-02 1.383625e+02 
3.860814e-02 1.278868e+02 
3.973045e-02 1.202194e+02 
4.057379e-02 1.143371e+02 
4.130821e-02 1.089018e+02 
4.160279e-02 1.065490e+02 
4.187008e-02 1.042587e+02 
4.209826e-02 1.021215e+02 
4.228740e-02 1.001659e+02 
4.257348e-02 9.679548e+01 
4.314453e-02 8.934441e+01 
4.333538e-02 8.752077e+01 
4.346876e-02 8.675096e+01 
4.361658e-02 8.646989e+01 
4.372225e-02 8.663739e+01 
4.389595e-02 8.748799e+01 
4.417473e-02 8.978002e+01 
4.443883e-02 9.212563e+01 
4.469314e-02 9.396088e+01 
4.494929e-02 9.524689e+01 
4.513603e-02 9.587861e+01 
4.557535e-02 9.668306e+01 
4.606489e-02 9.692263e+01 
4.674716e-02 9.665966e+01 
4.789282e-02 9.542610e+01 
4.901606e-02 9.371649e+01 
5.073612e-02 9.058437e+01 
5.293229e-02 8.626292e+01 
5.571140e-02 8.079130e+01 
5.966102e-02 7.347200e+01 
6.397450e-02 6.622357e+01 
6.875477e-02 5.917685e+01 
7.555021e-02 5.073122e+01 
8.370715e-02 4.262632e+01 
1.003053e-01 3.108846e+01 
1.169231e-01 2.363984e+01 
1.566999e-01 1.382785e+01 
2.012664e-01 8.694417e+00 
2.471967e-01 5.894691e+00 
3.194295e-01 3.600386e+00 
4.651932e-01 1.732489e+00 
7.002198e-01 7.760687e-01 
1.173413e+00 2.793009e-01 
2.451607e+00 6.435208e-02 
7.403736e+00 7.066907e-03 
2.235892e+01 7.750054e-04 
6.752287e+01 8.497927e-05 
2.039158e+02 9.317811e-06 
6.158159e+02 1.021678e-06 
1.995262e+03 9.732307e-08 
6.309573e+03 9.732307e-09 
1.995262e+04 9.732310e-10 
6.309573e+04 9.732310e-11 
1.000000e+05 3.874500e-11 
-1           -1           
-2           -2           
