% -----------------------------------------------------------------------
%   Program Name: pe-ss-cs-75.dat 
%   Author: the Geant4 Collaboration
%   Organization: the Geant4 Collaboration
%   Version: unknown
%   Date: circa 2006
%   Class: Public
%   Copyright (c) Copyright Holders of the Geant4 Collaboration, 1994-2006.
%   See http://cern.ch/geant4/license for details on the copyright holders.
%   All rights not expressly granted under this license are reserved.
% -----------------------------------------------------------------------
0.071856   0.0 
0.071856  2522.53
0.0727  2445.62
0.0738  2355.74
0.0745  2306.32
0.077  2114.88
0.08  1926.21
0.088  1502.31
0.1  1081.25
0.130317  536.276
0.231739  114.409
0.28  69.289
0.323594  47.5029
0.371535  33.344
0.421696  24.2723
0.47863  17.8015
0.537032  13.5199
0.60256  10.3416
0.676083  7.96789
0.758578  6.18352
0.841395  4.95379
0.933254  3.99537
1.03514  3.2452
1.20226  2.42154
1.36458  1.90422
1.54882  1.50896
1.7378  1.22988
1.94985  1.00989
2.26464  0.789594
2.63027  0.622012
3.01995  0.502606
3.50752  0.402453
4.0738  0.324675
4.7863  0.259605
5.68853  0.205941
6.83912  0.162185
8.22243  0.128609
10  0.10132
12.8825  0.0751173
16.4059  0.0569378
21.6272  0.041824
29.8538  0.0294465
42.1696  0.0203888
66.0693  0.0127502
114.815  0.00722768
229.087  0.00358492
457.088  0.00178709
1819.7  0.000447123
100000  8.1262e-06
-1  -1
0.012508   0.0 
0.012508  9318.3
0.01305  8677.32
0.01335  8331.32
0.0138038  7896.35
0.0153109  6561.82
0.0164059  5816.9
0.017378  5231.72
0.0186209  4586.56
0.0198  4088.36
0.0251189  2551.39
0.0281838  2010.35
0.031989  1541.36
0.0375837  1086.63
0.0421697  841.674
0.0489779  599.604
0.0582103  401.448
0.0691831  266.207
0.0822243  174.994
0.098  113.338
0.11885  69.7712
0.151356  37.651
0.251189  10.2238
0.30903  6.03605
0.367282  3.91786
0.42658  2.71318
0.484172  2.00165
0.549541  1.48683
0.623735  1.11235
0.707946  0.838474
0.794328  0.65298
0.891251  0.512407
0.988553  0.414883
1.14815  0.308817
1.30317  0.242186
1.47911  0.191395
1.65959  0.155578
1.86209  0.127358
2.0893  0.105041
2.42661  0.0824045
2.81838  0.065152
3.19889  0.0537684
3.71535  0.0431817
4.36516  0.0343744
5.12861  0.027573
6.09537  0.0219404
7.4131  0.017075
8.91251  0.013585
10.8393  0.0107356
13.4896  0.00830608
17.1791  0.00630459
22.6464  0.00463719
31.2608  0.00326869
45.1856  0.00221119
69.1831  0.00141782
123.027  0.000785625
245.471  0.00038993
489.779  0.000194445
3890.45  2.43801e-05
100000  9.4778e-07
-1  -1
0.011993   0.0 
0.011993  18541.6
0.0121  18187
0.01224  17659
0.0124  17131
0.0133352  14255
0.0146218  11229
0.0160325  8819.6
0.0177828  6668.8
0.0226464  3432.6
0.0251189  2561.1
0.0291743  1673.1
0.0363078  886.34
0.0451856  464.36
0.0568853  232.81
0.0732824  108
0.141254  14.5559
0.175792  7.50954
0.213796  4.18402
0.251189  2.60276
0.291743  1.68731
0.334965  1.13935
0.380189  0.800621
0.431519  0.566892
0.484172  0.417224
0.54325  0.309374
0.60256  0.237988
0.668344  0.184389
0.74131  0.143857
0.860994  0.101501
0.933254  0.0847271
1  0.073091
1.09648  0.0605972
1.20226  0.0505911
1.31826  0.0425242
1.47911  0.0344924
1.71791  0.0264119
1.92752  0.0216621
2.2131  0.0172439
2.5704  0.0135702
2.95121  0.010954
3.38844  0.00890915
3.9355  0.00717529
4.62381  0.00572772
5.4325  0.0046063
6.45654  0.00367444
7.85236  0.00286594
9.54993  0.00225375
12.3027  0.00166805
15.6675  0.00126242
20.4174  0.000937983
27.5423  0.000676017
38.0189  0.000478724
60  0.00029653
98.8553  0.000177246
190.546  9.08969e-05
380.189  4.52672e-05
1513.56  1.13155e-05
100000  1.7101e-07
-1  -1
0.010538   0.0 
0.010538  42113.9
0.0108  39313.5
0.0116145  32337.9
0.0138038  20055.4
0.0154882  14453.7
0.0204174  6469.13
0.0260016  3131.57
0.0323594  1600.2
0.039355  868.217
0.0484172  449.995
0.0588844  239.977
0.074131  113.672
0.144544  12.7723
0.18  6.26554
0.211349  3.74515
0.245471  2.33487
0.281838  1.52074
0.319889  1.03429
0.35909  0.732797
0.402717  0.524759
0.446684  0.390822
0.49545  0.293172
0.549541  0.22168
0.609537  0.168941
0.668344  0.133587
0.732824  0.106318
0.803526  0.085168
0.901571  0.0650925
0.966051  0.0556703
1.02329  0.0491875
1.09648  0.0426784
1.1885  0.0364223
1.30317  0.030621
1.46218  0.0248633
1.7378  0.0182877
1.94985  0.0150063
2.23872  0.011952
2.60016  0.00940942
3  0.007542
3.46737  0.00608034
4.02717  0.00490257
4.73151  0.00391782
5.62341  0.00310623
6.76083  0.00244505
8.1283  0.00193802
10  0.0015052
12.8825  0.00111591
16.4059  0.000845884
21.6272  0.000621347
30  0.00043517
42.6579  0.000299244
66.0693  0.000189413
114.815  0.000107372
229.087  5.32583e-05
457.088  2.65495e-05
1819.7  6.64251e-06
100000  1.2072e-07
-1  -1
0.0029116   0.0 
0.0029116  27096.4
0.003015  25839.2
0.00305492  25493.9
0.00335  22531.4
0.00350752  21230.1
0.00372  19508.2
0.00465  13981.9
0.00501187  12463.3
0.0055  10705.5
0.00653131  8039.96
0.0074131  6443.38
0.00851138  5037.2
0.0102329  3584.05
0.011749  2755.63
0.0135  2103.96
0.0160325  1494.19
0.0190546  1050.26
0.0223872  749.959
0.0265  523.138
0.0312608  364.793
0.0367282  254.724
0.0431519  176.603
0.0506991  121.577
0.060256  80.8415
0.0716143  53.3598
0.0841395  35.9725
0.102329  22.1029
0.128825  12.3624
0.160325  7.07378
0.248313  2.30131
0.30903  1.3213
0.367282  0.858428
0.421696  0.61186
0.484172  0.439196
0.549541  0.326299
0.616595  0.250647
0.699842  0.188968
0.794328  0.143585
0.891251  0.112546
0.988553  0.0910472
1.14815  0.0677551
1.30317  0.0531377
1.47911  0.0419984
1.65959  0.0341384
1.86209  0.0279459
2.0893  0.0230515
2.42661  0.0180848
2.81838  0.0142973
3.19889  0.0117988
3.71535  0.00947589
4.36516  0.0075432
5.12861  0.00605064
6.09537  0.00481473
7.4131  0.00374701
8.81049  0.00302338
10.5925  0.00242116
13.1826  0.00187191
16.788  0.00141985
22.1309  0.00104367
30.5492  0.000735238
43.6516  0.000503183
67.6083  0.000318638
118.85  0.000178581
237.137  8.86039e-05
473.151  4.41775e-05
3758.37  5.53805e-06
100000  2.0798e-07
-1  -1
0.0026774   0.0 
0.0026774  43921
0.002718  43200.7
0.002729  42933.6
0.00307  37452.6
0.00322  35258.6
0.00346737  31859.6
0.00384592  27419.3
0.00415  24432.4
0.00446684  21720.6
0.0048  19235.9
0.00568853  14207.8
0.00615  12276.7
0.00707946  9316.23
0.00767361  7915.5
0.00870964  6066.77
0.00954993  4976.06
0.0108393  3753.61
0.0120226  2963.43
0.0138038  2142.72
0.0154882  1623.15
0.017378  1222.49
0.02  857.828
0.0231739  586.462
0.0269154  395.007
0.0315  258.432
0.0367282  169.385
0.043  108.934
0.0506991  68.1818
0.0609537  40.0516
0.0758578  21.1101
0.0988553  9.63551
0.16788  1.99202
0.201837  1.15768
0.254097  0.594037
0.295121  0.387433
0.338844  0.26291
0.384592  0.185503
0.436516  0.131844
0.489779  0.0973327
0.549541  0.0723678
0.609537  0.0557984
0.676083  0.0433316
0.749894  0.033884
0.860994  0.0246118
0.933254  0.0205619
1  0.0177454
1.09648  0.014715
1.20226  0.0122859
1.31826  0.0103256
1.47911  0.00837272
1.71791  0.00640999
1.92752  0.00525703
2.2131  0.00418471
2.5704  0.00329258
2.95121  0.00265716
3.38844  0.00216114
3.9355  0.0017406
4.62381  0.00138944
5.4325  0.00111741
6.45654  0.000891371
7.85236  0.000695223
9.54993  0.000546725
12.3027  0.000404636
15.6675  0.000306237
20.6538  0.000224654
28.1838  0.000159955
39.355  0.000111958
62.3735  6.90912e-05
105.925  4.00645e-05
208.93  2.00881e-05
416.869  1.00091e-05
1659.59  2.50314e-06
100000  4.1484e-08
-1  -1
0.0023605   0.0 
0.0023605  130231
0.002445  124810
0.0027227  106208
0.00288403  96988.3
0.00323594  79898.5
0.00365  64864.4
0.004  54875.2
0.00431519  47426.7
0.00501187  35348.2
0.0054325  29963.9
0.00630957  21818.6
0.00691831  17831.8
0.008  12845.8
0.00891251  9987.46
0.01  7590.6
0.0113501  5566.18
0.012735  4170.3
0.0145  2988.66
0.0165959  2095.64
0.0190546  1445.06
0.0218776  988.308
0.0251189  670.701
0.0291743  436.983
0.034  279.49
0.039355  180.962
0.0462381  111.192
0.054325  67.8048
0.065  38.7904
0.08  20.1559
0.104713  8.54231
0.165959  1.95427
0.201837  1.05062
0.242661  0.591101
0.278612  0.386591
0.316228  0.263773
0.354813  0.187593
0.398107  0.134377
0.44157  0.100211
0.489779  0.0752488
0.54325  0.0569262
0.60256  0.0433925
0.668344  0.0333342
0.74131  0.02581
0.860994  0.0180337
0.922571  0.0153824
0.977237  0.0135494
1.04713  0.0117248
1.13501  0.0099717
1.25  0.0082786
1.38038  0.00689094
1.69824  0.00475573
1.90546  0.00389692
2.13796  0.00321839
2.48313  0.00252789
2.88403  0.00200086
3.31131  0.00162522
3.84592  0.00130748
4.51856  0.00104257
5.30884  0.000837598
6.30957  0.000667504
7.76247  0.000512705
9.44061  0.000403002
12.0226  0.00030219
15.1356  0.000231539
19.7242  0.00017187
26.3027  0.000125314
35.8922  8.97352e-05
55.5904  5.66215e-05
87.0964  3.55891e-05
165.959  1.84368e-05
331.131  9.17298e-06
1318.26  2.29165e-06
100000  3.0156e-08
-1  -1
0.0019618   0.0 
0.0019618  216980
0.002065  260225
0.00211  275778
0.00218776  284040
0.00223872  287809
0.0023  280044
0.00234423  268292
0.00235  267210
0.00263027  199689
0.00295121  146837
0.00327341  110426
0.00358922  85136.2
0.0040738  59098.3
0.00451856  43402.1
0.00506991  30678.9
0.00562341  22269.3
0.00638264  14971.9
0.00732824  9607.67
0.00812831  6853.24
0.00944061  4167.76
0.0108393  2609.12
0.0121619  1755.16
0.0138038  1127.89
0.0160325  663.287
0.0186209  386.844
0.0218776  214.576
0.0254097  123.206
0.0298538  67.2927
0.0358922  33.4338
0.044157  15.0849
0.0562341  5.90965
0.103514  0.548804
0.12735  0.246449
0.151356  0.127349
0.175792  0.0723502
0.204174  0.0414142
0.231739  0.0259849
0.260016  0.0171316
0.295121  0.0109157
0.331131  0.00729882
0.367282  0.00511513
0.40738  0.00360931
0.451856  0.00256534
0.501187  0.00183737
0.549541  0.00137452
0.6  0.00104947
0.653131  0.000816294
0.716143  0.000626344
0.803526  0.000453987
0.860994  0.000373112
0.912011  0.000318861
0.954993  0.000282812
1  0.000252423
1.04713  0.000226956
1.09648  0.000205511
1.14815  0.000187217
1.21619  0.000167764
1.31826  0.000144993
1.53109  0.000111988
1.8197  8.25632e-05
2  7.02938e-05
2.31739  5.52445e-05
2.69154  4.35685e-05
3.09029  3.52497e-05
3.58922  2.82599e-05
4.16869  2.28232e-05
4.89779  1.82683e-05
5.82103  1.45069e-05
7  1.1432e-05
8.41395  9.07639e-06
10.2329  7.15705e-06
13.0317  5.38189e-06
16.5959  4.08089e-06
21.8776  2.99866e-06
30.1995  2.11179e-06
43.1519  1.4449e-06
66.8344  9.14789e-07
117.49  5.12617e-07
234.423  2.54315e-07
467.735  1.26795e-07
3715.35  1.58937e-08
100000  5.9005e-10
-1  -1
0.0018927   0.0 
0.0018927  646165
0.001952  597098
0.00201837  555742
0.00211  500995
0.00237137  370328
0.00260016  290210
0.00288403  219001
0.00316228  169429
0.00354813  121871
0.00402717  84108
0.0044157  63683.6
0.00506991  41705.3
0.00562341  30109.7
0.00638264  20100.4
0.00724436  13299
0.00812831  9078
0.00922571  5919.67
0.0104713  3830.87
0.011885  2461.27
0.0135  1566.03
0.0154882  954.504
0.0177828  575.807
0.0206538  330.331
0.0237137  196.369
0.0275423  110.987
0.031989  62.3016
0.0380189  31.7546
0.0462381  14.6737
0.0582103  5.86714
0.1  0.673865
0.121619  0.309649
0.142889  0.164315
0.165959  0.0919032
0.188365  0.0566017
0.213796  0.0351251
0.239883  0.022937
0.266072  0.0157402
0.295121  0.0108815
0.323594  0.00789017
0.354813  0.00575971
0.389045  0.00423449
0.42658  0.00313686
0.467735  0.00234204
0.506991  0.00182584
0.549541  0.00143277
0.60256  0.00109419
0.660694  0.000841551
0.716143  0.000673259
0.776247  0.000542141
0.860994  0.000412651
0.912011  0.000356891
0.966051  0.000310936
1.01158  0.000280229
1.07152  0.000247796
1.14815  0.000215456
1.23027  0.000188665
1.33352  0.000162706
1.79887  9.58852e-05
2  8.00587e-05
2.31739  6.29228e-05
2.69154  4.96277e-05
3.09029  4.01543e-05
3.58922  3.21917e-05
4.16869  2.59987e-05
4.89779  2.08104e-05
5.82103  1.65254e-05
7  1.3023e-05
8.41395  1.03395e-05
10.2329  8.15287e-06
13.0317  6.13077e-06
16.5959  4.6487e-06
21.8776  3.41581e-06
30.1995  2.40569e-06
43.1519  1.64598e-06
66.8344  1.0421e-06
117.49  5.83943e-07
234.423  2.89695e-07
467.735  1.44431e-07
1862.09  3.61399e-08
100000  6.7215e-10
-1  -1
0.00061583   0.0 
0.00061583  62437.6
0.000675  58899.2
0.000707946  56560.1
0.00074131  54580.4
0.000831764  49445.6
0.000891251  46306.7
0.00108393  37365.2
0.0011749  33976.7
0.00135  28484.4
0.0015  24789.8
0.00169824  20844.6
0.00192753  17360.5
0.00223872  13848.2
0.00254097  11363.3
0.00298538  8759.77
0.00354813  6564.67
0.00421696  4874.62
0.00501187  3589.72
0.0060256  2567.87
0.00724436  1821.96
0.00870964  1282.96
0.0104713  896.808
0.0126  621.157
0.0151356  428.374
0.018197  292.566
0.0216272  203.125
0.025704  140.008
0.0305492  95.7956
0.0363078  65.0598
0.0431519  43.8535
0.0512861  29.34
0.0609537  19.4783
0.0732824  12.4876
0.0860994  8.40767
0.105925  5.01405
0.136458  2.64265
0.16788  1.5555
0.248313  0.569948
0.30903  0.327348
0.367282  0.212721
0.421696  0.151643
0.484172  0.108862
0.549541  0.0808831
0.616595  0.0621291
0.699842  0.0468349
0.794328  0.0355846
0.891251  0.027897
0.988553  0.0225706
1.14815  0.0167971
1.30317  0.0131736
1.47911  0.0104119
1.65959  0.00846289
1.86209  0.00692757
2.0893  0.00571465
2.42661  0.00448358
2.81838  0.00354451
3.19889  0.00292503
3.71535  0.00234911
4.36516  0.00186994
5.12861  0.00149994
6.09537  0.00119362
7.4131  0.000928883
8.81049  0.000749508
10.5925  0.000600209
13.1826  0.000464047
16.788  0.000351991
22.1309  0.000258726
30.5492  0.00018227
43.6516  0.000124736
67.6083  7.89922e-05
118.85  4.42705e-05
237.137  2.19654e-05
473.151  1.09521e-05
3758.37  1.37288e-06
100000  5.1559e-08
-1  -1
0.00051683   0.0 
0.00051683  51017
0.0006  50616.2
0.000685  49660.6
0.000732825  48766.7
0.000794328  47394.1
0.000851138  45979.4
0.000922571  44048.2
0.000985  42233.4
0.00105925  39996.2
0.00116145  37052.4
0.00124452  34787.8
0.00135  32051.8
0.00149624  28663.1
0.00162181  26092.2
0.00177828  23264.1
0.00197242  20306.7
0.00216272  17864
0.0024  15352.6
0.00266073  13116.3
0.00298538  10919.4
0.00334965  9015.29
0.00375837  7387.98
0.00421696  6010.04
0.00473151  4854.39
0.00530884  3894.66
0.0060256  3033.39
0.00683912  2344.38
0.00785236  1754.84
0.009  1307.18
0.0102329  983.083
0.0116145  736.858
0.0131826  548.411
0.0151356  394.189
0.017378  280.899
0.02  197.537
0.0229087  139.485
0.0263027  97.1951
0.0305492  65.2102
0.0354813  43.4177
0.0416869  27.7977
0.0489779  17.6641
0.0582103  10.7857
0.0707946  6.11734
0.0891251  3.11371
0.138038  0.852295
0.184077  0.36408
0.221309  0.212698
0.260016  0.13389
0.301995  0.0875505
0.346737  0.0595427
0.39355  0.042098
0.446684  0.0299841
0.501187  0.0221801
0.562341  0.0165272
0.623735  0.0127682
0.691831  0.00993126
0.767362  0.00777719
0.870964  0.00580624
0.944061  0.00485609
1.01158  0.00419622
1.10918  0.00348292
1.21619  0.0029103
1.34896  0.00239651
1.58489  0.00179099
1.79887  0.00143298
2  0.00119697
2.31739  0.000940633
2.69154  0.000741906
3.09029  0.000600302
3.58922  0.00048126
4.16869  0.000388673
4.89779  0.000311108
5.82103  0.000247053
7  0.00019469
8.41395  0.000154566
10.2329  0.000121882
13.0317  9.16529e-05
16.5959  6.94969e-05
21.8776  5.10657e-05
30.1995  3.59636e-05
43.1519  2.46067e-05
66.8344  1.55791e-05
116.145  8.83289e-06
231.739  4.38167e-06
462.381  2.18439e-06
1840.77  5.46552e-07
100000  1.0048e-08
-1  -1
0.00044259   0.0 
0.00044259  236412
0.000501187  226103
0.0005188  222248
0.0006  201522
0.000676083  183210
0.00074131  168922
0.000803526  156428
0.000870964  143782
0.00097  127304
0.00105925  114602
0.00116145  101897
0.00130317  87296.3
0.00142889  76646.2
0.00160325  64651.6
0.00177828  55100.6
0.002  45619.6
0.00223872  37783.1
0.00251189  30954.5
0.00285102  24656.6
0.0031989  19906.8
0.00358922  15967.4
0.0040738  12433.5
0.00462381  9606.78
0.00530884  7188.53
0.00609537  5331.55
0.007  3918.35
0.00803526  2858
0.00912011  2123.37
0.0102329  1610.82
0.0116145  1180.68
0.0133352  834.541
0.0151356  602.517
0.0171791  432.044
0.0197242  298.277
0.0226464  204.272
0.0260016  138.827
0.03  92.3552
0.0346737  60.6703
0.0402717  38.9962
0.0467735  24.8816
0.0549541  15.222
0.0653131  8.92331
0.0794328  4.8331
0.101158  2.24617
0.171791  0.415144
0.20893  0.223893
0.245471  0.135581
0.281838  0.0888185
0.319889  0.0606906
0.358922  0.0432189
0.402717  0.0309995
0.446684  0.0231456
0.49545  0.0174007
0.549541  0.0131786
0.609537  0.0100571
0.676083  0.00773627
0.749894  0.0059985
0.860994  0.00431274
0.922571  0.00367972
0.977237  0.00324195
1.04713  0.00280599
1.13501  0.00238659
1.25  0.0019812
1.38038  0.00164904
1.69824  0.00113802
1.90546  0.000932514
2.16272  0.000755757
2.51189  0.00059395
2.88403  0.000478795
3.31131  0.000388912
3.84592  0.000312879
4.51856  0.000249485
5.30884  0.000200434
6.30957  0.00015973
7.76247  0.000122683
9.44061  9.64378e-05
12.0226  7.23127e-05
15.3109  5.46828e-05
20.1837  4.00892e-05
27.227  2.88841e-05
37.5837  2.04492e-05
58.2103  1.29139e-05
93.3254  7.93374e-06
177.828  4.11355e-06
354.813  2.04769e-06
1412.54  5.11709e-07
100000  7.2161e-09
-1  -1
0.00027826   0.0 
0.00027826  156924
0.000284  155724
0.000292  151226
0.0002965  146094
0.000308  132597
0.000313  128011
0.000318  124455
0.000322  122364
0.000326  120925
0.000331131  120011
0.000335  119958
0.000339  120423
0.000345  122008
0.000350752  124394
0.000358  128429
0.000365  133221
0.000375837  141896
0.0004  163323
0.000415  176294
0.000428  186870
0.000443  198138
0.000457088  207716
0.000473151  217278
0.000489779  225556
0.000508  232843
0.000524808  238113
0.000545  242787
0.000565  245748
0.00059  247447
0.000616595  247421
0.000645654  245730
0.000676083  242375
0.000707946  237420
0.00074131  231137
0.000785236  221951
0.000831764  211616
0.000881049  200272
0.000933254  188250
0.001  173500
0.00107  159014
0.00114815  144026
0.00124452  127582
0.00133352  114221
0.00145  99050.4
0.00157  85916.4
0.00169824  74104.6
0.00185  62636.8
0.00201837  52371
0.00221309  43014.6
0.00242661  35044.2
0.00266073  28348.9
0.00295121  22141
0.00323594  17645.2
0.00354813  13974.6
0.0039355  10668.4
0.0044  7909.72
0.00489779  5886.88
0.0054325  4393.42
0.0060256  3256.62
0.00668344  2398.46
0.0074131  1755.08
0.00822243  1276.37
0.00912011  922.603
0.0102329  638.894
0.0114815  439.226
0.0128825  299.866
0.0146218  195.547
0.0165959  126.536
0.0188365  81.2891
0.0216272  49.778
0.0248313  30.2558
0.0288403  17.5074
0.0338844  9.63458
0.0402717  5.03951
0.0489779  2.3973
0.0630957  0.907633
0.110918  0.103168
0.134896  0.0488249
0.162181  0.0243194
0.188365  0.0139003
0.216272  0.00835062
0.245471  0.00526933
0.278612  0.00334958
0.312608  0.00223468
0.350752  0.00150212
0.389045  0.00105802
0.431519  0.000750718
0.47863  0.000536679
0.530884  0.000386498
0.582103  0.00029067
0.630957  0.000228056
0.691831  0.000174191
0.758578  0.000134062
0.803526  0.000114187
0.860994  9.3954e-05
0.912011  8.03858e-05
0.954993  7.13645e-05
1  6.37504e-05
1.04713  5.73563e-05
1.09648  5.19567e-05
1.16145  4.62864e-05
1.23027  4.15269e-05
1.33352  3.59121e-05
1.47911  3.00419e-05
1.84077  2.04412e-05
2.01837  1.7488e-05
2.34423  1.36984e-05
2.7227  1.08097e-05
3.09029  8.90403e-06
3.58922  7.13832e-06
4.16869  5.76498e-06
4.89779  4.61447e-06
5.82103  3.66443e-06
7  2.8878e-06
8.41395  2.29262e-06
10.2329  1.80786e-06
13.0317  1.35946e-06
16.5959  1.03084e-06
21.8776  7.57447e-07
30.1995  5.33442e-07
43.1519  3.64986e-07
66.8344  2.31081e-07
117.49  1.29488e-07
234.423  6.424e-08
467.735  3.20274e-08
3715.35  4.01467e-09
100000  1.4905e-10
-1  -1
0.00026454   0.0 
0.00026454  250162
0.000274  227224
0.000276  222297
0.00029  193886
0.000294  187679
0.000298  182896
0.000301995  179506
0.000305492  177616
0.00030903  176662
0.000313  176644
0.0003167  177527
0.000322  180097
0.000328  184550
0.000335  191408
0.000343  201010
0.000353  215068
0.000378  255113
0.000389045  272416
0.0004  288658
0.000412098  305297
0.00042658  323380
0.00044157  339958
0.000457088  354710
0.000473151  367245
0.000489779  377442
0.000508  385847
0.000524808  391396
0.000545  395425
0.00056923  397004
0.000595662  395719
0.000623735  391796
0.000653131  385384
0.000685  376240
0.000724436  362772
0.000767361  346788
0.000812831  329284
0.000860994  310468
0.000922571  286877
0.000988553  263029
0.00105925  239354
0.00113501  216282
0.0012247  192026
0.00131826  169937
0.00142889  147570
0.00154882  127194
0.00169  107461
0.00184077  90399.1
0.00201837  74447.1
0.00221309  60809
0.00242661  49302.7
0.00269154  38597.1
0.00295121  30812.4
0.00323594  24442
0.00358922  18687.5
0.00402717  13739.6
0.0045  10123.7
0.005  7517.82
0.0055  5707.63
0.0060256  4361.08
0.00668344  3193.05
0.0074131  2322.63
0.00812831  1741
0.00912011  1205.98
0.0102329  829.234
0.0114815  565.934
0.0128825  383.47
0.0144544  258.044
0.0164059  165.614
0.0186209  105.484
0.0211349  66.7042
0.0242661  40.1509
0.0278612  23.9895
0.0323594  13.626
0.0380189  7.35085
0.0451856  3.76397
0.0549541  1.74842
0.0724436  0.586846
0.108393  0.118928
0.133352  0.0526096
0.154882  0.0293957
0.177828  0.0173107
0.201837  0.0107326
0.226464  0.00699671
0.251189  0.00479134
0.278612  0.00330346
0.305492  0.00238872
0.334965  0.00173866
0.367282  0.00127387
0.402717  0.000939788
0.44157  0.000698275
0.484172  0.000522832
0.524807  0.000408577
0.568853  0.000321384
0.609537  0.000263144
0.660694  0.000210059
0.716143  0.000168821
0.822243  0.000117313
0.881049  9.79588e-05
0.933254  8.4853e-05
0.977237  7.60641e-05
1.02329  6.85872e-05
1.08393  6.06817e-05
1.14815  5.40232e-05
1.23027  4.73128e-05
1.33352  4.08188e-05
1.49624  3.33523e-05
1.77828  2.45604e-05
1.97242  2.05694e-05
2.29087  1.60919e-05
2.66072  1.26836e-05
3.05492  1.02551e-05
3.54813  8.21662e-06
4.12097  6.63226e-06
4.84172  5.3058e-06
5.7544  4.21117e-06
6.91831  3.31802e-06
8.31764  2.63228e-06
10.1158  2.07473e-06
12.8825  1.55956e-06
16.4059  1.18209e-06
21.6272  8.68333e-07
29.8538  6.11357e-07
42.1696  4.23294e-07
66.0693  2.64703e-07
114.815  1.5006e-07
229.087  7.44278e-08
457.088  3.71031e-08
1819.7  9.28296e-09
100000  1.6871e-10
-1  -1
5.564e-05   0.0 
5.564e-05  246400
5.59e-05  254098
5.62341e-05  263026
5.665e-05  272708
5.725e-05  284408
5.77e-05  291663
5.83e-05  299925
5.9e-05  307688
5.97e-05  313727
6.07e-05  320173
6.18e-05  324989
6.30957e-05  328290
6.45654e-05  329774
6.68344e-05  329386
7.07946e-05  327148
7.3e-05  327882
7.4833e-05  330746
7.65e-05  335573
7.8e-05  342015
7.95e-05  350610
8.08e-05  359872
8.23e-05  372736
8.41395e-05  391612
8.60994e-05  415403
8.81049e-05  443494
9.01571e-05  475764
9.4e-05  544591
0.000102329  721799
0.000108393  868072
0.000113501  999893
0.000119  1.14857e+06
0.000124452  1.29996e+06
0.00012884  1.42213e+06
0.000133352  1.54583e+06
0.000138038  1.66954e+06
0.000143  1.79244e+06
0.000148  1.90624e+06
0.000153109  2.01189e+06
0.000158489  2.11228e+06
0.000165  2.21989e+06
0.000172  2.31947e+06
0.00018  2.41422e+06
0.000188365  2.49413e+06
0.000197242  2.55777e+06
0.000204174  2.59282e+06
0.000212  2.61775e+06
0.000222  2.62913e+06
0.000233  2.61973e+06
0.000245471  2.58874e+06
0.000260016  2.53406e+06
0.000273  2.47271e+06
0.000285102  2.40666e+06
0.0003  2.31626e+06
0.000316228  2.21046e+06
0.000335  2.08357e+06
0.000355  1.94882e+06
0.000378  1.79957e+06
0.0004  1.66284e+06
0.000421697  1.53474e+06
0.000446684  1.39764e+06
0.000473151  1.26465e+06
0.000506991  1.11368e+06
0.000537032  995342
0.00057544  863102
0.00061  760938
0.000660693  635312
0.0007  554446
0.000758578  455268
0.000812831  381882
0.000881049  309045
0.00097  237686
0.00105925  185376
0.00114815  146638
0.00124452  115352
0.00136458  87043.6
0.00151356  62870.8
0.0016788  45018.6
0.00184077  33229.5
0.00204174  23437.3
0.00226464  16409.1
0.00251189  11405.1
0.00278612  7871.31
0.00309029  5395.54
0.00342768  3674.19
0.00384592  2379.35
0.00431519  1528.87
0.00484172  975.148
0.0054325  617.693
0.00609537  388.629
0.00691831  231.648
0.00785236  137.002
0.00891251  80.3762
0.0101158  46.7819
0.0114815  27.0108
0.0130317  15.4809
0.015  8.27748
0.017378  4.26645
0.0204174  2.04844
0.0237137  1.02973
0.0285102  0.437925
0.0346737  0.17512
0.0457088  0.0475697
0.0749894  0.00457887
0.0912011  0.00182648
0.108393  0.000817493
0.125892  0.00041022
0.144544  0.00021867
0.164059  0.000123749
0.184077  7.42522e-05
0.206538  4.48603e-05
0.229087  2.86828e-05
0.254097  1.8467e-05
0.278612  1.25667e-05
0.305492  8.60703e-06
0.334965  5.93434e-06
0.371535  3.93596e-06
0.421696  2.40626e-06
0.457088  1.7699e-06
0.49545  1.31036e-06
0.537032  9.77938e-07
0.582103  7.35467e-07
0.623735  5.80004e-07
0.676083  4.43068e-07
0.732824  3.40879e-07
0.803526  2.54345e-07
0.851138  2.10383e-07
0.891251  1.81803e-07
0.922571  1.63702e-07
0.954993  1.48121e-07
0.988553  1.34782e-07
1.02329  1.23436e-07
1.05925  1.13718e-07
1.09648  1.05316e-07
1.14815  9.5748e-08
1.20226  8.7642e-08
1.28825  7.74314e-08
1.38038  6.88852e-08
1.5  6.0181e-08
1.86209  4.11295e-08
2.04174  3.51983e-08
2.37137  2.75841e-08
2.75423  2.17809e-08
3.12608  1.79527e-08
3.63078  1.44011e-08
4.26579  1.14506e-08
5.01187  9.17514e-09
5.95662  7.29361e-09
7.24436  5.67103e-09
8.60994  4.57173e-09
10.4713  3.60822e-09
13.1826  2.75176e-09
16.788  2.08727e-09
22.1309  1.53425e-09
30.5492  1.0808e-09
43.6516  7.3969e-10
67.6083  4.68417e-10
118.85  2.6252e-10
237.137  1.30252e-10
473.151  6.49433e-11
1883.65  1.62504e-11
100000  3.0574e-13
-1  -1
5.299e-05   0.0 
5.299e-05  371716
5.33e-05  383534
5.37032e-05  396563
5.41e-05  407462
5.47e-05  420965
5.53e-05  431645
5.6e-05  441302
5.68853e-05  450305
5.8e-05  457690
5.9e-05  461628
6.0256e-05  464049
6.23735e-05  464033
6.76083e-05  457866
6.95e-05  457935
7.07946e-05  459654
7.24436e-05  464316
7.4131e-05  472416
7.58e-05  484118
7.73e-05  497978
7.9e-05  517638
8.08e-05  543048
8.23e-05  567751
8.41395e-05  602231
8.65e-05  652706
9.01571e-05  742904
9.9e-05  1.00477e+06
0.000104713  1.19655e+06
0.00011  1.38558e+06
0.000115  1.57224e+06
0.0001205  1.78272e+06
0.00012504  1.95696e+06
0.00013  2.14359e+06
0.000135  2.32378e+06
0.00014  2.49252e+06
0.000145  2.64746e+06
0.00015  2.78749e+06
0.000156  2.9362e+06
0.000162181  3.06942e+06
0.000169  3.1962e+06
0.000176  3.30494e+06
0.000184077  3.40727e+06
0.000192753  3.49001e+06
0.0002  3.53725e+06
0.00020893  3.56959e+06
0.0002192  3.57668e+06
0.00023  3.5565e+06
0.00024  3.51799e+06
0.000254097  3.44042e+06
0.000269154  3.33784e+06
0.00028382  3.22287e+06
0.000298538  3.09473e+06
0.000316228  2.93123e+06
0.000335  2.75522e+06
0.000355  2.5701e+06
0.000378  2.36618e+06
0.0004  2.18169e+06
0.000421697  2.00918e+06
0.000451856  1.78969e+06
0.00047863  1.61474e+06
0.000515  1.40527e+06
0.00054325  1.26273e+06
0.000582103  1.09116e+06
0.000623735  936825
0.000676083  777264
0.000716143  676496
0.000785236  536947
0.000851138  434980
0.000912011  361099
0.001  279521
0.00109648  214493
0.00121619  157704
0.00133352  119009
0.00147911  85966.3
0.00162181  63889.8
0.00179887  45411.4
0.002  31775.1
0.00221309  22419.6
0.00245471  15575.4
0.0027227  10743.1
0.00301995  7358.78
0.00334965  5007.27
0.00375837  3239.52
0.00421696  2079.36
0.00473151  1324.61
0.00530884  837.822
0.006  511.002
0.00676083  313.216
0.00758578  194.001
0.00860994  113.649
0.00977237  66.0482
0.0109648  40.0393
0.0124452  22.9139
0.0141254  13.0191
0.0162181  6.97421
0.0188365  3.51944
0.0218776  1.76364
0.025704  0.830702
0.0309029  0.348582
0.0384592  0.123254
0.0732824  0.00562183
0.0912011  0.00198456
0.107152  0.000927676
0.123027  0.000486616
0.139637  0.000271067
0.156675  0.000160282
0.175792  9.54606e-05
0.194985  6.02981e-05
0.216272  3.83655e-05
0.237137  2.5839e-05
0.260016  1.75194e-05
0.285102  1.1964e-05
0.312608  8.23318e-06
0.338844  5.97568e-06
0.367282  4.36588e-06
0.398107  3.21264e-06
0.431519  2.38183e-06
0.462381  1.85499e-06
0.49545  1.45392e-06
0.530884  1.14799e-06
0.568853  9.12431e-07
0.609537  7.2985e-07
0.660694  5.67072e-07
0.716143  4.4389e-07
0.803526  3.16119e-07
0.851138  2.65691e-07
0.891251  2.32321e-07
0.933254  2.04327e-07
0.977237  1.81012e-07
1.01158  1.66229e-07
1.05925  1.49479e-07
1.10918  1.35405e-07
1.16145  1.23421e-07
1.23027  1.10705e-07
1.31826  9.78289e-08
1.51356  7.74001e-08
1.8197  5.59127e-08
2  4.7595e-08
2.34423  3.67218e-08
2.7227  2.89775e-08
3.09029  2.38682e-08
3.58922  1.91349e-08
4.16869  1.54535e-08
4.89779  1.23694e-08
5.82103  9.8228e-09
7  7.7409e-09
8.41395  6.14574e-09
10.2329  4.84612e-09
13.0317  3.6441e-09
16.5959  2.76325e-09
21.6272  2.05635e-09
29.5121  1.46587e-09
41.6869  1.01466e-09
65.3131  6.34378e-10
112.202  3.63811e-10
223.872  1.80407e-10
446.684  8.9924e-11
1778.28  2.24956e-11
100000  3.9953e-13
-1  -1
9.157e-05   0.0 
9.157e-05  69279.2
9.31e-05  65884.8
9.4e-05  64300
9.55e-05  62307
9.7e-05  60925.6
9.85e-05  59985.4
0.0001  59377.8
0.000102  58979.6
0.000104  58940.8
0.000107152  59365.7
0.000110918  60349
0.000126  65451.8
0.000131826  66973.4
0.000138038  68081.6
0.000145  68735.8
0.000151356  68883.7
0.000160324  68553.1
0.000169824  67757.2
0.00018197  66374.1
0.000195  64619
0.00020893  62493.8
0.000223872  59976.7
0.00024  57104
0.000260016  53533.7
0.000285102  49329.1
0.000312608  45172.5
0.000342768  41080.1
0.000380189  36604.9
0.000431519  31534.9
0.000484172  27358.6
0.000555904  22873.5
0.000645654  18706.4
0.000767361  14698.5
0.000901571  11655.3
0.00108393  8875.84
0.00131826  6590.59
0.00158489  4942.73
0.00190546  3679.95
0.00229087  2719.17
0.00275423  1993.66
0.00331131  1450.6
0.004  1038.68
0.00484172  735.37
0.00588844  512.084
0.00716143  353.856
0.00870964  242.704
0.0105925  165.226
0.0128825  111.62
0.0154882  76.5978
0.0186209  52.1692
0.0223872  35.2553
0.0266072  24.2392
0.0316228  16.5469
0.0375837  11.2141
0.0451856  7.34725
0.0524807  5.18324
0.0623735  3.43738
0.0749894  2.20071
0.0891251  1.43819
0.110918  0.832
0.144544  0.425186
0.251189  0.103112
0.312608  0.0592499
0.371535  0.0385237
0.42658  0.0274784
0.489779  0.0197387
0.555904  0.014675
0.623735  0.0112798
0.707946  0.00850903
0.803526  0.00646945
0.901571  0.00507528
1  0.0041097
1.16145  0.00306054
1.31826  0.0024019
1.49624  0.00189967
1.6788  0.00154513
1.88365  0.0012658
2.11349  0.00104486
2.45471  0.000820212
2.85102  0.00064882
3.23594  0.000535752
3.75837  0.000430517
4.4157  0.000342902
5.188  0.0002752
6.16595  0.000219099
7.58578  0.000168127
9.12011  0.000133888
11.0917  0.000105891
13.6458  8.30825e-05
17.378  6.30834e-05
22.9087  4.64144e-05
31.9889  3.23239e-05
46.7735  2.16144e-05
70.7946  1.40345e-05
127.35  7.68789e-06
254.097  3.81693e-06
506.991  1.90376e-06
4027.17  2.38728e-07
100000  9.6071e-09
-1  -1
6.097e-05   0.0 
6.097e-05  1.72121e+06
6.135e-05  1.75122e+06
6.17e-05  1.77244e+06
6.22e-05  1.79275e+06
6.28e-05  1.80534e+06
6.35e-05  1.80634e+06
6.42e-05  1.79728e+06
6.5e-05  1.77632e+06
6.61e-05  1.73577e+06
6.73e-05  1.68085e+06
6.85e-05  1.61853e+06
7e-05  1.53467e+06
7.16143e-05  1.44143e+06
7.35e-05  1.33309e+06
7.58578e-05  1.20303e+06
7.85236e-05  1.06716e+06
8.22243e-05  901762
8.81049e-05  693744
9.9e-05  444336
0.000107152  330770
0.000115  255894
0.000123027  201628
0.000130317  165598
0.000138038  137035
0.000145  117386
0.000152  101902
0.000158489  90437.2
0.000165959  79846.3
0.00017378  71016.7
0.000182  63603
0.000190546  57419.6
0.000199526  52194.9
0.00020893  47792
0.000219  43997.8
0.00023  40674.6
0.000242661  37630.2
0.00025704  34890.4
0.000273  32463.2
0.000295121  29810.9
0.000323594  27181.9
0.000367282  24162.9
0.000489779  18648.4
0.000568853  16188.9
0.000653131  14112.5
0.00075  12203.6
0.000860994  10475
0.000988553  8914.57
0.00112202  7633.96
0.0012735  6491.38
0.00142889  5566.54
0.00160325  4745.12
0.0018197  3953.09
0.00204174  3326.19
0.00231739  2730.9
0.00263027  2225.28
0.00298538  1799.67
0.00338844  1444.56
0.00384592  1150.93
0.00436516  910.205
0.0049545  714.613
0.00562341  557.098
0.00638264  431.181
0.00724436  331.373
0.00822243  252.931
0.00933254  191.729
0.0105925  144.343
0.01208  106.739
0.0138038  77.9839
0.0156675  57.4849
0.0179887  40.9013
0.0206538  28.8809
0.0237137  20.2431
0.027227  14.0889
0.0309029  10.0698
0.0354813  6.92389
0.0412098  4.58032
0.0484172  2.91292
0.0582103  1.72245
0.0716143  0.945696
0.0870964  0.533172
0.138038  0.136555
0.184077  0.0584482
0.226464  0.0319351
0.269153  0.0194367
0.312608  0.0127299
0.358922  0.00867434
0.40738  0.00614553
0.462381  0.00438693
0.5188  0.00325213
0.582103  0.00242871
0.645654  0.00188054
0.716143  0.00146602
0.812831  0.00109072
0.881049  0.00090671
0.944061  0.000778302
1.01158  0.000672531
1.10918  0.000558199
1.21619  0.000466418
1.34896  0.000384067
1.60325  0.00028116
1.8197  0.000225099
2.01837  0.000188913
2.34423  0.000147958
2.7227  0.00011676
3.09029  9.61808e-05
3.58922  7.71085e-05
4.16869  6.22745e-05
4.89779  4.98469e-05
5.82103  3.95837e-05
7  3.1194e-05
8.41395  2.47659e-05
10.2329  1.95291e-05
13.0317  1.46855e-05
16.4059  1.12813e-05
21.3796  8.39246e-06
29.5121  5.90701e-06
41.6869  4.08888e-06
65.3131  2.55643e-06
112.202  1.46604e-06
223.872  7.2701e-07
446.684  3.62375e-07
1778.28  9.06532e-08
100000  1.61e-09
-1  -1
4.94e-05   0.0 
4.94e-05  3.91998e+06
4.985e-05  3.9288e+06
5.04e-05  3.9125e+06
5.11e-05  3.86177e+06
5.19e-05  3.77545e+06
5.289e-05  3.64423e+06
5.4e-05  3.4786e+06
5.5e-05  3.32206e+06
5.65e-05  3.08502e+06
5.82103e-05  2.82181e+06
6.0256e-05  2.52662e+06
6.23735e-05  2.24889e+06
6.53131e-05  1.91261e+06
7.76247e-05  1.02141e+06
8.22243e-05  834583
8.65e-05  703260
9.01571e-05  614768
9.44061e-05  532658
9.9e-05  462840
0.000103514  408674
0.000108  365613
0.000112202  332808
0.000117  302272
0.000122  276556
0.00012735  254331
0.000133352  234314
0.00014  216606
0.000148  199698
0.000156675  185130
0.00016788  170220
0.00018197  155586
0.0002  141146
0.000285102  100403
0.000331131  86382
0.000380189  74617.9
0.000436516  63986.8
0.00049545  55190.9
0.000568853  46620.5
0.00065  39346
0.00075  32546.2
0.000851138  27357.3
0.000977237  22476.9
0.00112202  18341.5
0.00130317  14599
0.0015  11688.6
0.00169824  9547.46
0.00192753  7713.56
0.00221309  6066.22
0.00251189  4833.16
0.00285102  3824.47
0.00323594  3005.3
0.00367282  2345.19
0.00416869  1817.36
0.00473151  1398.57
0.00537032  1068.94
0.00609537  811.367
0.00691831  611.56
0.00785236  457.927
0.00891251  340.51
0.0101158  251.455
0.0114815  184.401
0.0130317  134.292
0.0147911  97.1252
0.016788  69.757
0.0192753  48.2437
0.0221309  33.105
0.0251189  23.2817
0.0288403  15.7415
0.0334965  10.2221
0.0389045  6.58699
0.0451856  4.21264
0.0530884  2.58339
0.0623735  1.57304
0.0758578  0.853942
0.0966051  0.397989
0.165959  0.0709856
0.204174  0.0369179
0.239883  0.0223397
0.275423  0.0146209
0.312608  0.00997977
0.354813  0.00686337
0.398107  0.00491973
0.44157  0.00367066
0.489779  0.00275742
0.54325  0.0020866
0.60256  0.00159104
0.668344  0.00122313
0.74131  0.000947815
0.860994  0.000662838
0.922571  0.000565527
0.977237  0.00049822
1.04713  0.00043119
1.13501  0.000366733
1.25  0.00030445
1.38038  0.00025341
1.6788  0.000178486
1.88365  0.000146149
2.11349  0.000120598
2.45471  9.46639e-05
2.85102  7.48903e-05
3.23594  6.18421e-05
3.75837  4.96947e-05
4.4157  3.95814e-05
5.188  3.17665e-05
6.16595  2.52906e-05
7.49894  1.96908e-05
9.01571  1.56736e-05
10.8393  1.25611e-05
13.3352  9.84839e-06
16.9824  7.47288e-06
22.3872  5.49469e-06
30.903  3.872e-06
44.157  2.65058e-06
67.6083  1.69895e-06
118.85  9.52133e-07
237.137  4.72433e-07
473.151  2.35555e-07
3758.37  2.95279e-08
100000  1.1089e-09
-1  -1
9.52e-06   0.0 
9.52e-06  2.92726e+06
9.9e-06  3.15114e+06
1.2e-05  4.63786e+06
1.30317e-05  5.4326e+06
1.39637e-05  6.15653e+06
1.47911e-05  6.79367e+06
1.57e-05  7.47914e+06
1.65959e-05  8.1294e+06
1.75792e-05  8.79972e+06
1.85e-05  9.37034e+06
1.92753e-05  9.79546e+06
2e-05  1.01391e+07
2.07e-05  1.04139e+07
2.15e-05  1.0658e+07
2.23e-05  1.08239e+07
2.3e-05  1.0902e+07
2.37137e-05  1.09165e+07
2.45471e-05  1.08535e+07
2.54097e-05  1.07066e+07
2.63027e-05  1.04801e+07
2.7227e-05  1.018e+07
2.81838e-05  9.81185e+06
2.91743e-05  9.38874e+06
3.01995e-05  8.92135e+06
3.12608e-05  8.42272e+06
3.26e-05  7.79448e+06
3.4024e-05  7.14879e+06
3.57e-05  6.4361e+06
3.75837e-05  5.70761e+06
3.98107e-05  4.95118e+06
4.22e-05  4.2591e+06
4.5e-05  3.58234e+06
4.8e-05  2.98942e+06
5.12861e-05  2.46485e+06
5.4325e-05  2.0699e+06
5.7544e-05  1.72639e+06
6.09537e-05  1.42958e+06
6.45654e-05  1.17457e+06
6.83912e-05  957706
7.24436e-05  775125
7.67362e-05  622796
8.12831e-05  497191
8.60994e-05  394452
9.22571e-05  296483
9.8e-05  229478
0.000104713  171945
0.000110918  132985
0.000119  96370.8
0.000141254  43130
0.000148  34825
0.000153109  29975.1
0.000158  26244.8
0.000162181  23635
0.000165959  21662.9
0.000169824  19968.4
0.000174  18449.9
0.000178  17252.4
0.000182  16268.4
0.000186209  15429.4
0.000190546  14742.8
0.000195  14195
0.000199526  13773.5
0.000204174  13458.1
0.00020893  13237.5
0.00021438  13087
0.00022  13020.6
0.000226464  13028.4
0.000235  13139
0.000245471  13367.9
0.000291743  14627
0.00030903  14988.7
0.000327341  15263.6
0.000346737  15446.8
0.000367282  15532.9
0.000389045  15518.5
0.00040738  15428.5
0.000431519  15217.8
0.000457088  14916
0.000484172  14531.9
0.000512861  14073.4
0.000549541  13441.2
0.000588844  12741.7
0.000630957  11996.1
0.000676083  11221.4
0.000732825  10302.6
0.000794328  9385.13
0.000860994  8482.09
0.000933254  7610.85
0.00101158  6782.81
0.00109648  6004.85
0.0011885  5281.69
0.00128825  4616.22
0.00141254  3927.84
0.00154882  3316.02
0.00169824  2778.27
0.00186209  2310.37
0.00204174  1907.31
0.00223872  1563.43
0.00245471  1272.71
0.002697  1024.2
0.00298538  803.969
0.00331131  623.087
0.00367282  479.151
0.0040738  365.691
0.00451856  277.064
0.00506991  202.156
0.00562341  150.951
0.00630957  108.207
0.00707946  76.9686
0.00794328  54.3178
0.00891251  38.0337
0.01  26.4333
0.0112202  18.2409
0.0125892  12.5015
0.0142889  8.18612
0.0160325  5.53167
0.018197  3.56805
0.0206538  2.28524
0.0237137  1.39502
0.027227  0.845471
0.0316228  0.487793
0.0371535  0.267663
0.0446684  0.133705
0.054325  0.0634632
0.0724436  0.0210081
0.112202  0.00390076
0.138038  0.00176832
0.164059  0.000921014
0.190546  0.000526893
0.218776  0.000316809
0.248313  0.000200081
0.281838  0.000127298
0.316228  8.49973e-05
0.354813  5.71803e-05
0.39355  4.03004e-05
0.436516  2.8605e-05
0.484172  2.0456e-05
0.537032  1.47415e-05
0.588844  1.10973e-05
0.638263  8.71793e-06
0.699842  6.66764e-06
0.767362  5.13742e-06
0.803526  4.5189e-06
0.860994  3.71603e-06
0.912011  3.17771e-06
0.954993  2.81995e-06
1  2.5182e-06
1.04713  2.26504e-06
1.09648  2.05148e-06
1.16145  1.82744e-06
1.23027  1.63956e-06
1.33352  1.41802e-06
1.47911  1.1865e-06
1.84077  8.07392e-07
2.01837  6.9072e-07
2.34423  5.41024e-07
2.7227  4.26938e-07
3.09029  3.51674e-07
3.58922  2.81935e-07
4.16869  2.27693e-07
4.89779  1.8225e-07
5.82103  1.44735e-07
7  1.1405e-07
8.41395  9.05514e-08
10.2329  7.14034e-08
13.0317  5.36932e-08
16.5959  4.0713e-08
21.8776  2.99162e-08
30.1995  2.10693e-08
43.1519  1.44155e-08
66.8344  9.12718e-09
116.145  5.17466e-09
231.739  2.56697e-09
462.381  1.27968e-09
3672.82  1.60399e-10
100000  5.8867e-12
-1  -1
8.5e-06   0.0 
8.5e-06  5.44617e+06
1.01158e-05  7.35567e+06
1.1e-05  8.44263e+06
1.1885e-05  9.51594e+06
1.28825e-05  1.06956e+07
1.38038e-05  1.17458e+07
1.47911e-05  1.28132e+07
1.57e-05  1.37284e+07
1.65959e-05  1.45508e+07
1.75792e-05  1.53414e+07
1.85e-05  1.59561e+07
1.92753e-05  1.63652e+07
2e-05  1.66489e+07
2.07e-05  1.68291e+07
2.15e-05  1.69219e+07
2.23e-05  1.68956e+07
2.3e-05  1.67776e+07
2.37137e-05  1.65715e+07
2.45471e-05  1.62329e+07
2.54097e-05  1.57902e+07
2.63027e-05  1.52491e+07
2.73e-05  1.45745e+07
2.83e-05  1.38508e+07
2.91743e-05  1.31969e+07
3.01995e-05  1.24224e+07
3.15e-05  1.14538e+07
3.3e-05  1.03884e+07
3.46737e-05  9.29115e+06
3.65e-05  8.21391e+06
3.85e-05  7.17771e+06
4.12098e-05  5.99663e+06
4.4e-05  5.00505e+06
4.67735e-05  4.20069e+06
5e-05  3.44568e+06
5.30884e-05  2.86294e+06
5.65e-05  2.34342e+06
5.95662e-05  1.96439e+06
6.30957e-05  1.60867e+06
6.68344e-05  1.30738e+06
7.07946e-05  1.05442e+06
7.5e-05  843477
7.94328e-05  671075
8.41395e-05  529950
9.01571e-05  396118
9.54993e-05  308734
0.000102329  227226
0.000108393  174904
0.00011749  120294
0.000131826  70020.4
0.000138038  56647
0.000143  48400.5
0.000148  41812.8
0.000152  37543.8
0.000156  34008
0.00016  31094.4
0.000164059  28673.5
0.00016788  26806.3
0.000171791  25241.8
0.000175792  23948.7
0.000179887  22900.6
0.000184077  22069.7
0.000188365  21426.4
0.000193  20923.7
0.000198  20568.2
0.000202  20398.7
0.000208  20291.2
0.000215  20330.5
0.000222  20500.8
0.000234423  20980.3
0.000269154  22557.4
0.000291743  23370.2
0.000305492  23729.4
0.000323594  24014.6
0.000342768  24150.3
0.000363078  24133.3
0.000384592  23963.3
0.00040738  23636.9
0.000431519  23156.8
0.000457088  22550.1
0.000484172  21831.9
0.000512861  21017
0.000549541  19936.7
0.000588844  18778.3
0.000630957  17573.9
0.000683912  16141.2
0.00074131  14712
0.000803526  13308.3
0.000870964  11947.5
0.000944061  10650.3
0.00102329  9430.6
0.00110918  8298.48
0.00120226  7256.99
0.00131826  6179.45
0.00144544  5220.95
0.00158489  4377.63
0.0017378  3643.15
0.00190546  3009.69
0.0020893  2468.43
0.00229087  2010.34
0.00251189  1626.38
0.00275423  1306.95
0.00301995  1043.13
0.00331131  825.753
0.00367282  629.635
0.00416869  447.942
0.00462381  336.989
0.00512861  251.772
0.00568853  186.76
0.00630957  137.598
0.00699842  100.708
0.00785236  70.6521
0.00881049  49.172
0.00988553  33.9605
0.0110917  23.2827
0.0124452  15.8492
0.0139637  10.7136
0.0156675  7.19199
0.0177828  4.60344
0.0201837  2.92452
0.0229087  1.84484
0.0263027  1.10771
0.0301995  0.660341
0.0350752  0.37414
0.0412098  0.201409
0.049545  0.098469
0.0616595  0.0416921
0.110918  0.00409578
0.133352  0.00198991
0.156675  0.00106565
0.179887  0.000628356
0.204174  0.000389959
0.229087  0.000254478
0.254097  0.000174432
0.281838  0.000120387
0.30903  8.71359e-05
0.338844  6.34819e-05
0.371535  4.65635e-05
0.40738  3.44001e-05
0.446684  2.56076e-05
0.484172  1.99072e-05
0.524807  1.55735e-05
0.568853  1.22627e-05
0.616595  9.72275e-06
0.668344  7.76521e-06
0.724436  6.24348e-06
0.785236  5.05245e-06
0.860994  3.97625e-06
0.912011  3.44326e-06
0.966051  3.00241e-06
1.01158  2.70686e-06
1.07152  2.39409e-06
1.14815  2.08191e-06
1.23027  1.82304e-06
1.33352  1.572e-06
1.8197  9.07713e-07
2.01837  7.6152e-07
2.34423  5.96486e-07
2.7227  4.70698e-07
3.09029  3.87716e-07
3.58922  3.10832e-07
4.16869  2.51034e-07
4.89779  2.00937e-07
5.82103  1.59563e-07
7  1.2574e-07
8.41395  9.98348e-08
10.2329  7.87212e-08
13.0317  5.91967e-08
16.5959  4.48868e-08
21.8776  3.29819e-08
30.1995  2.32288e-08
43.1519  1.58927e-08
66.8344  1.00624e-08
116.145  5.70505e-09
231.739  2.83e-09
462.381  1.41091e-09
1840.77  3.53006e-10
100000  6.49e-12
-1  -1
8.06e-06   0.0 
8.06e-06  6.31656e+06
8.70964e-06  4.57012e+06
9.77237e-06  2.79864e+06
1.08393e-05  1.78654e+06
1.2e-05  1.14136e+06
1.33352e-05  711595
1.5e-05  416688
1.77828e-05  190933
1.90546e-05  139842
2e-05  113034
2.0893e-05  93868.5
2.16272e-05  81500.5
2.23872e-05  71202.1
2.31739e-05  62664.1
2.37137e-05  57811.9
2.42661e-05  53561
2.5e-05  48843.4
2.5704e-05  45143.6
2.6388e-05  42183.2
2.71e-05  39649.2
2.78612e-05  37447.9
2.85102e-05  35913.7
2.92e-05  34569.2
3e-05  33316.4
3.0903e-05  32222.7
3.19e-05  31326.4
3.3e-05  30628
3.42768e-05  30099.5
3.57e-05  29761
3.75837e-05  29572
4.02717e-05  29567.7
4.67735e-05  29759.4
5.06991e-05  29688.8
5.4325e-05  29434.4
5.82103e-05  28971
6.23735e-05  28293.4
6.68344e-05  27420.3
7.16143e-05  26386.4
7.67362e-05  25215
8.3e-05  23764
9.01571e-05  22155.8
9.88553e-05  20347.2
0.000109648  18348
0.000125892  15845.5
0.00015  13029.1
0.000234423  7850.64
0.000260016  6936.19
0.000291743  6002.39
0.000323594  5233.47
0.000380189  4189.76
0.000530884  2617.84
0.000609537  2145.99
0.000732825  1629.32
0.00102329  982.168
0.00124452  724.208
0.00154882  510.96
0.00190546  364.63
0.00231739  263.221
0.00281838  188.601
0.00338844  136.783
0.00412097  96.501
0.00501187  67.5515
0.00609537  46.9439
0.0074131  32.374
0.00901571  22.1603
0.0110917  14.7165
0.0134896  9.92294
0.0162181  6.79621
0.0194985  4.61925
0.0234423  3.11526
0.0278612  2.13783
0.0331131  1.45655
0.039355  0.985188
0.0467735  0.661486
0.0549541  0.452963
0.0660693  0.29157
0.08  0.18305
0.0977237  0.111414
0.123027  0.0624076
0.156675  0.0337186
0.245471  0.0106578
0.305492  0.00612015
0.363078  0.00397577
0.421696  0.0027552
0.484172  0.00197841
0.549541  0.00147039
0.616595  0.00112989
0.699842  0.000852203
0.785236  0.000664101
0.881049  0.000520903
0.977237  0.000421492
1.13501  0.000313619
1.28825  0.000245781
1.46218  0.000194066
1.64059  0.000157609
1.84077  0.000128919
2.044  0.00010813
2.39883  8.33572e-05
2.78612  6.58517e-05
3.16228  5.43048e-05
3.67282  4.3587e-05
4.31519  3.46775e-05
5.06991  2.78019e-05
6.0256  2.21119e-05
7.32824  1.72005e-05
8.70964  1.38722e-05
10.4713  1.11041e-05
13.1826  8.4686e-06
16.788  6.42362e-06
22.1309  4.72158e-06
30.5492  3.32628e-06
43.6516  2.27641e-06
67.6083  1.44156e-06
118.85  8.0791e-07
237.137  4.0086e-07
473.151  1.99868e-07
3758.37  2.50544e-08
100000  9.4093e-10
-1  -1
-2   0.0 
-2  -2
