% -----------------------------------------------------------------------
%   Program Name: pe-ss-cs-14.dat 
%   Author: the Geant4 Collaboration
%   Organization: the Geant4 Collaboration
%   Version: unknown
%   Date: circa 2006
%   Class: Public
%   Copyright (c) Copyright Holders of the Geant4 Collaboration, 1994-2006.
%   See http://cern.ch/geant4/license for details on the copyright holders.
%   All rights not expressly granted under this license are reserved.
% -----------------------------------------------------------------------
0.0018285   0.0 
0.0018285  139779
0.001865  136774
0.00189  134031
0.00193  128808
0.00195  125743
0.00278612  50680.5
0.00305492  39902.3
0.00371535  23712.8
0.00436516  15285.3
0.00501187  10430.5
0.0060256  6212.68
0.00724436  3668.17
0.00870964  2148.72
0.0105925  1207.47
0.0128825  673.305
0.0158489  359.973
0.0197242  184.403
0.0251189  87.2989
0.031989  40.994
0.0412098  18.431
0.0555904  7.10864
0.138038  0.383007
0.171791  0.190931
0.211349  0.0995374
0.245471  0.0625838
0.281838  0.0410821
0.319889  0.028135
0.358922  0.0200863
0.4  0.0147351
0.44157  0.0111869
0.484172  0.00871091
0.530884  0.00682822
0.582103  0.00539063
0.638263  0.00428757
0.699842  0.00343692
0.758578  0.00285488
0.831764  0.00232616
0.933254  0.00181638
1  0.0015728
1.13501  0.0012197
1.25  0.0010131
1.38038  0.000843498
1.51356  0.000716444
1.6788  0.000601229
1.88365  0.00049887
2.13796  0.000409569
2.42661  0.000338897
2.75423  0.000282437
3.19889  0.000229546
3.71535  0.000187983
4.36516  0.000152746
5.30884  0.000119733
6.38263  9.59006e-05
8.03526  7.32979e-05
10.2329  5.57091e-05
13.6458  4.05345e-05
19.0546  2.82825e-05
28  1.8839e-05
45.7088  1.13403e-05
80.3526  6.37106e-06
160.325  3.16698e-06
638.264  7.90687e-07
20183.7  2.49578e-08
100000  5.0364e-09
-1  -1
0.00015155   0.0 
0.00015155  485293
0.00018  455758
0.000186209  447160
0.000193  434788
0.000201837  416664
0.00024  347116
0.00025704  320944
0.000273  297556
0.000295121  267627
0.000335  223114
0.000367282  194327
0.000402717  167886
0.000457088  136107
0.000506991  113966
0.000562341  94736.2
0.000638263  75047.4
0.000716143  60284.1
0.000812831  47013.9
0.000912011  37266.1
0.00104713  27971.7
0.0011885  21347.5
0.00135  16157.5
0.00154882  11873.1
0.00177828  8641.93
0.00204174  6242.44
0.00234423  4475.32
0.00269154  3185.66
0.00309029  2252.22
0.00358922  1535.67
0.00416869  1039.57
0.00489779  677.712
0.0057544  438.45
0.00676083  281.602
0.008  176.034
0.00954993  106.504
0.0113501  64.7556
0.0134896  39.0853
0.0162181  22.639
0.0197242  12.5734
0.0242661  6.69212
0.0301995  3.41174
0.0380189  1.66562
0.0489779  0.750891
0.0638264  0.324055
0.12735  0.0356138
0.16788  0.0147858
0.201837  0.00828591
0.239883  0.00485046
0.275423  0.00318216
0.312608  0.00217793
0.350752  0.00155361
0.389045  0.00115384
0.431519  0.000862956
0.473151  0.000671036
0.5188  0.000525241
0.568853  0.000413955
0.623735  0.000328649
0.683912  0.000262926
0.749894  0.000211973
0.812831  0.000176724
0.891251  0.000144646
0.966051  0.00012219
1.10918  9.25363e-05
1.23027  7.56619e-05
1.34896  6.37097e-05
1.47911  5.40023e-05
1.62181  4.61094e-05
1.79887  3.8882e-05
2.04174  3.18315e-05
2.31739  2.62657e-05
2.63027  2.18345e-05
3.01995  1.79836e-05
3.50752  1.46858e-05
4.12097  1.19014e-05
4.89779  9.5747e-06
5.95662  7.53985e-06
7.32824  5.90409e-06
9.33254  4.47408e-06
12.1619  3.32997e-06
16.5959  2.37428e-06
24.2661  1.58507e-06
37.5837  1.0047e-06
67.6083  5.49919e-07
134.896  2.72974e-07
269.154  1.36175e-07
2137.96  1.70647e-08
100000  3.6467e-10
-1  -1
0.00010867   0.0 
0.00010867  655840
0.00010905  742150
0.00010935  812350
0.00010965  881950
0.00010995  950610
0.00011025  1.0176e+06
0.00011055  1.0826e+06
0.00011085  1.1443e+06
0.0001112  1.2122e+06
0.0001115  1.2665e+06
0.0001118  1.317e+06
0.000112202  1.3786e+06
0.00011254  1.4247e+06
0.0001129  1.4682e+06
0.0001133  1.51e+06
0.00011385  1.5574e+06
0.0001144  1.5945e+06
0.00011495  1.6226e+06
0.0001155  1.6435e+06
0.0001163  1.6634e+06
0.0001173  1.6758e+06
0.0001185  1.6789e+06
0.000131826  1.64407e+06
0.000138038  1.61558e+06
0.000144  1.57526e+06
0.000149  1.5351e+06
0.000153109  1.4941e+06
0.000158  1.4373e+06
0.000164059  1.3607e+06
0.00017197  1.2592e+06
0.000184077  1.1155e+06
0.000198  971920
0.00020893  873540
0.000221309  774020
0.000235  677210
0.00025704  549800
0.00029  412300
0.00032  323630
0.000350752  256380
0.000402717  178950
0.00044721  135400
0.000501187  99134
0.000568853  69614
0.000638263  50109
0.000732825  33496
0.000822243  23796
0.00095  15375
0.00108393  10242
0.00124452  6643.9
0.00144544  4121.1
0.00165959  2631.3
0.00188365  1732.9
0.00216272  1091.4
0.00251189  656.49
0.00291743  391.86
0.00338844  232.3
0.00398107  131.3
0.00467735  73.648
0.00555904  39.325
0.00653131  21.734
0.00776247  11.425
0.00922571  5.9585
0.0109648  3.085
0.0131826  1.51712
0.0162181  0.677269
0.0204174  0.274319
0.0281838  0.0766839
0.0506991  0.00747752
0.0660693  0.00263395
0.0841395  0.0010237
0.101158  0.000501466
0.11885  0.000270457
0.139637  0.000147006
0.160325  8.78155e-05
0.18197  5.51438e-05
0.206538  3.48891e-05
0.231739  2.31785e-05
0.260016  1.55135e-05
0.288403  1.08838e-05
0.319889  7.68847e-06
0.354813  5.47032e-06
0.39355  3.91935e-06
0.431519  2.93411e-06
0.473151  2.2122e-06
0.512861  1.74004e-06
0.562341  1.33182e-06
0.630957  9.62075e-07
0.691831  7.4703e-07
0.749894  6.02571e-07
0.822243  4.73856e-07
0.881049  3.98356e-07
0.933254  3.46883e-07
0.988553  3.04113e-07
1.05925  2.62075e-07
1.13501  2.27493e-07
1.21619  1.991e-07
1.31826  1.7171e-07
1.44544  1.46111e-07
1.65959  1.15626e-07
1.86209  9.58113e-08
2.0893  7.9977e-08
2.37137  6.60839e-08
2.69154  5.50065e-08
3.09029  4.53607e-08
3.58922  3.7085e-08
4.21697  3.00858e-08
5.06991  2.38846e-08
6.09537  1.90956e-08
7.58578  1.47668e-08
9.66051  1.12027e-08
12.735  8.24054e-09
17.7828  5.73905e-09
26.3027  3.7914e-09
43.1519  2.26806e-09
77.6247  1.24382e-09
154.882  6.18156e-10
616.595  1.54292e-10
19498.5  4.86993e-12
100000  9.4939e-13
-1  -1
0.00010798   0.0 
0.00010798  1.32803e+06
0.00010809  1.37439e+06
0.000108393  1.5163e+06
0.0001086  1.61376e+06
0.00010885  1.73152e+06
0.0001091  1.84845e+06
0.00010935  1.96321e+06
0.00010965  2.09733e+06
0.00011  2.24786e+06
0.0001103  2.37014e+06
0.0001106  2.48528e+06
0.00011095  2.60992e+06
0.0001113  2.72366e+06
0.0001117  2.84022e+06
0.00011212  2.94719e+06
0.0001126  3.0509e+06
0.000113  3.12336e+06
0.00011355  3.20421e+06
0.0001141  3.26617e+06
0.000114815  3.32343e+06
0.0001156  3.36268e+06
0.0001164  3.3841e+06
0.0001183  3.39965e+06
0.000124452  3.37704e+06
0.000133352  3.3076e+06
0.000138038  3.24622e+06
0.0001465  3.1215e+06
0.00015  3.05685e+06
0.000154  2.96978e+06
0.000158489  2.86031e+06
0.000164059  2.71603e+06
0.000172  2.51006e+06
0.000184077  2.22169e+06
0.000198  1.93448e+06
0.00020893  1.73711e+06
0.000222  1.52727e+06
0.000237137  1.3171e+06
0.000260016  1.06164e+06
0.000295121  783284
0.00032  641216
0.000354813  492652
0.00040738  343441
0.000451856  260235
0.000506991  189687
0.00058  130060
0.00065  93745.6
0.00074131  63810.7
0.000841395  43728.9
0.000977237  27743.2
0.00113501  17439.6
0.00130317  11272.7
0.00151356  6966.51
0.00175792  4267.12
0.00201837  2693.57
0.00231739  1688.73
0.00269154  1010.79
0.00312608  600.54
0.00363078  354.364
0.0042658  199.235
0.00501187  111.2
0.00588844  61.5939
0.00691831  33.8748
0.00822243  17.7109
0.00966051  9.59993
0.0114815  4.94318
0.0138038  2.41647
0.016788  1.12104
0.0213796  0.430378
0.0288403  0.130385
0.0645654  0.0051537
0.0841395  0.00179655
0.101158  0.000868072
0.11885  0.000462573
0.139637  0.000248448
0.158489  0.00015349
0.179887  9.55224e-05
0.201837  6.25069e-05
0.223872  4.29548e-05
0.248313  2.97276e-05
0.275423  2.07318e-05
0.301995  1.51556e-05
0.331131  1.11622e-05
0.358922  8.60079e-06
0.389045  6.67061e-06
0.42295  5.16057e-06
0.457088  4.09089e-06
0.49545  3.23579e-06
0.537032  2.5775e-06
0.582103  2.06893e-06
0.630957  1.67281e-06
0.683912  1.36227e-06
0.74131  1.11786e-06
0.803526  9.2333e-07
0.88204  7.457e-07
0.944061  6.40213e-07
1  5.6566e-07
1.10918  4.57207e-07
1.1885  3.99305e-07
1.30317  3.36028e-07
1.42889  2.84814e-07
1.58489  2.38196e-07
1.75792  2.00543e-07
1.97242  1.66852e-07
2.23872  1.37378e-07
2.54097  1.13981e-07
2.91743  9.37056e-08
3.38844  7.63871e-08
3.98107  6.18e-08
4.73151  4.96457e-08
5.7544  3.90419e-08
7  3.0938e-08
8.91251  2.34145e-08
11.4815  1.76265e-08
15.1356  1.30264e-08
20.4174  9.45185e-09
29.1743  6.49141e-09
47.863  3.88999e-09
85.1138  2.16123e-09
169.824  1.07475e-09
676.083  2.68432e-10
21379.6  8.47396e-12
100000  1.8114e-12
-1  -1
1.363e-05   0.0 
1.363e-05  6942.88
1.3639e-05  6662.3
1.367e-05  5873
1.37e-05  5169.3
1.372e-05  4732.52
1.374e-05  4317.96
1.377e-05  3740.38
1.38038e-05  3151.49
1.382e-05  2893.94
1.385e-05  2453.14
1.3877e-05  2100.32
1.39e-05  1829.42
1.3935e-05  1471.63
1.4e-05  973.782
1.4022e-05  852.698
1.4035e-05  792.26
1.405e-05  732.598
1.406e-05  698.792
1.407e-05  669.69
1.408e-05  645.158
1.409e-05  625.342
1.41e-05  610.09
1.411e-05  599.374
1.412e-05  593.194
1.413e-05  591.474
1.414e-05  594.246
1.415e-05  601.424
1.4157e-05  609.02
1.4168e-05  625.384
1.418e-05  649.19
1.419e-05  673.752
1.42e-05  702.62
1.4215e-05  753.82
1.423e-05  814.474
1.425e-05  909.826
1.433e-05  1451.94
1.436e-05  1719.24
1.439e-05  2020.18
1.442e-05  2353.88
1.445e-05  2719.92
1.448e-05  3117.38
1.451e-05  3545.62
1.454e-05  4003.9
1.457e-05  4491.84
1.46e-05  5008.32
1.4635e-05  5646.18
1.467e-05  6321.02
1.471e-05  7136.22
1.475e-05  7996.9
1.47911e-05  8926.51
1.4835e-05  9969.74
1.487e-05  10836.5
1.492e-05  12127.7
1.497e-05  13478.6
1.503e-05  15174.6
1.509e-05  16949.9
1.515e-05  18799.9
1.522e-05  21047.4
1.528e-05  23046.4
1.535e-05  25459
1.542e-05  27950.8
1.55e-05  30891.2
1.557e-05  33538
1.56675e-05  37332.2
1.5779e-05  41809.5
1.585e-05  44730.8
1.595e-05  48927.8
1.605e-05  53215.2
1.615e-05  57581.6
1.625e-05  62016.2
1.64059e-05  69051
1.655e-05  75658.6
1.67e-05  82622.8
1.6871e-05  90639.3
1.7e-05  96722
1.72e-05  106188
1.74e-05  115661
1.76e-05  125109
1.785e-05  136841
1.808e-05  147521
1.83e-05  157605
1.86209e-05  172045
1.885e-05  182135
1.92e-05  197145
1.95e-05  209602
1.99e-05  225588
2.02e-05  237100
2.06538e-05  253705
2.11349e-05  270256
2.17e-05  288310
2.23e-05  305890
2.29087e-05  322134
2.35e-05  336460
2.42661e-05  353018
2.51189e-05  368989
2.61e-05  384452
2.69153e-05  395175
2.8e-05  406794
2.91743e-05  416400
3.05492e-05  424290
3.19889e-05  429266
3.35e-05  431490
3.50752e-05  431155
3.71535e-05  427470
3.9355e-05  420494
4.16869e-05  410570
4.4157e-05  398101
4.67735e-05  383500
5e-05  364488
5.30884e-05  345954
5.68853e-05  323486
6.15e-05  297536
6.68344e-05  269992
7.32824e-05  240572
8.12831e-05  209696
9.22571e-05  175878
0.000105925  143979
0.000120226  118976
0.000138038  95898.1
0.000213796  47510.9
0.000245471  37845.7
0.000281838  29925.1
0.000334965  22142.7
0.00039355  16597.7
0.00047863  11595.5
0.000549541  8941.72
0.000623735  6995.38
0.000707946  5431.96
0.000831764  3902.95
0.000954993  2920.97
0.00109648  2170.25
0.0012735  1560.99
0.00147911  1114.18
0.00171791  789.446
0.002  551.974
0.00231739  387.202
0.00269154  268.018
0.00312608  184.126
0.00363078  125.561
0.00421696  85.0157
0.0049545  55.4333
0.00582103  35.8622
0.00683912  23.0311
0.00812831  14.2206
0.00966051  8.7149
0.0114815  5.30049
0.0138038  3.09396
0.0165959  1.79201
0.0201837  0.995214
0.0248313  0.529626
0.0309029  0.269965
0.0389045  0.131778
0.0501187  0.0593574
0.0699842  0.0205584
0.0870964  0.0102177
0.130317  0.00281028
0.164059  0.00135259
0.2  0.00072618
0.234423  0.000443176
0.269153  0.000290447
0.305492  0.000198545
0.342768  0.000141415
0.380189  0.000104873
0.421696  7.83111e-05
0.467735  5.89235e-05
0.512861  4.60794e-05
0.562341  3.62905e-05
0.616595  2.87923e-05
0.676083  2.30213e-05
0.74131  1.85499e-05
0.812831  1.50643e-05
0.891251  1.23311e-05
0.966051  1.04178e-05
1.10918  7.89104e-06
1.23027  6.45209e-06
1.34896  5.43258e-06
1.47911  4.60454e-06
1.62181  3.93146e-06
1.79887  3.31521e-06
2.04174  2.71405e-06
2.31739  2.2395e-06
2.63027  1.86172e-06
3.01995  1.5334e-06
3.50752  1.25212e-06
4.12097  1.01469e-06
4.89779  8.16366e-07
5.95662  6.42872e-07
7.32824  5.0341e-07
9.33254  3.81473e-07
12.1619  2.83926e-07
16.5959  2.02438e-07
24.2661  1.35151e-07
36.3078  8.87844e-08
64.5654  4.91422e-08
128.825  2.43831e-08
257.04  1.216e-08
2041.74  1.52367e-09
100000  3.1093e-11
-1  -1
6.55e-06   0.0 
6.55e-06  1.35185e+07
6.83912e-06  1.26209e+07
7.1e-06  1.18091e+07
7.35e-06  1.10524e+07
7.6e-06  1.03169e+07
7.85236e-06  9.59378e+06
8.12831e-06  8.83842e+06
8.41395e-06  8.09632e+06
8.70964e-06  7.37067e+06
9.01571e-06  6.66771e+06
9.35e-06  5.95896e+06
9.7e-06  5.28213e+06
1e-05  4.75349e+06
1.03514e-05  4.19168e+06
1.07152e-05  3.67194e+06
1.11e-05  3.18568e+06
1.15e-05  2.74363e+06
1.19e-05  2.36012e+06
1.23027e-05  2.02642e+06
1.2735e-05  1.71988e+06
1.31826e-05  1.45099e+06
1.365e-05  1.21515e+06
1.42e-05  987214
1.48e-05  788707
1.54882e-05  612026
1.64059e-05  440148
1.8e-05  257139
1.87e-05  207275
1.9294e-05  174858
1.98e-05  152921
2.02e-05  138629
2.06538e-05  125153
2.104e-05  115640
2.13796e-05  108553
2.17e-05  102827
2.21e-05  96822.1
2.25e-05  91918.7
2.29087e-05  87884
2.33e-05  84813.4
2.37137e-05  82289
2.41e-05  80507.4
2.45471e-05  79033.6
2.5e-05  78084.7
2.56e-05  77518.7
2.61e-05  77532.7
2.6752e-05  78068.2
2.75423e-05  79304.9
2.85102e-05  81416.1
3e-05  85369.4
3.31131e-05  94094.5
3.50752e-05  98933.4
3.67282e-05  102363
3.85e-05  105327
4.02717e-05  107542
4.22e-05  109131
4.4157e-05  109955
4.62381e-05  110057
4.85e-05  109369
5.08e-05  107972
5.30884e-05  106043
5.55904e-05  103440
5.82103e-05  100305
6.16595e-05  95808.9
6.53131e-05  90790
6.91831e-05  85446.5
7.32824e-05  79929.9
7.85236e-05  73238.9
8.41395e-05  66658.1
9.12011e-05  59273.7
9.9e-05  52180.8
0.000107152  45828
0.000116145  39882.9
0.00012735  33759.4
0.000142889  27160.9
0.000165959  20272.6
0.00019  15455.7
0.00020893  12696.5
0.000229087  10422.6
0.000254097  8285.04
0.000281838  6536.9
0.000312608  5121.61
0.000350752  3876.05
0.000398107  2829.82
0.000446684  2114.88
0.00049545  1616.44
0.000549541  1225.62
0.000609537  922.295
0.000683912  667.494
0.000776247  464.609
0.000881049  321.035
0.001  220.22
0.00113501  150.031
0.00130317  97.9449
0.00149624  63.4397
0.00171791  40.7843
0.00197242  26.0179
0.00226464  16.4634
0.00260016  10.3395
0.00301995  6.19725
0.00350752  3.68706
0.0040738  2.17746
0.00473151  1.27685
0.00555904  0.713276
0.00653131  0.395466
0.00767361  0.217661
0.00912011  0.113898
0.0107152  0.0617929
0.0128825  0.0304822
0.0156675  0.0142773
0.0197242  0.00580161
0.0263027  0.00186574
0.0524807  0.00012109
0.0707946  3.72525e-05
0.0870964  1.65844e-05
0.105925  7.78268e-06
0.124452  4.20355e-06
0.144544  2.39033e-06
0.165959  1.43029e-06
0.188365  8.99634e-07
0.213796  5.70055e-07
0.239883  3.79176e-07
0.269153  2.5411e-07
0.3  1.7557e-07
0.331131  1.26288e-07
0.367282  9.0021e-08
0.40738  6.46662e-08
0.446684  4.85152e-08
0.489779  3.66523e-08
0.537032  2.79045e-08
0.588844  2.14024e-08
0.645654  1.65242e-08
0.707946  1.28487e-08
0.776247  1.00675e-08
0.860994  7.69331e-09
0.912011  6.6645e-09
0.966051  5.81217e-09
1.01158  5.23973e-09
1.08393  4.52023e-09
1.14815  4.02227e-09
1.23027  3.52514e-09
1.33352  3.04528e-09
1.46218  2.59614e-09
1.69824  2.01772e-09
1.90546  1.67416e-09
2.13796  1.39948e-09
2.42661  1.158e-09
2.75423  9.6509e-10
3.19889  7.8438e-10
3.71535  6.42364e-10
4.36516  5.21946e-10
5.24808  4.14941e-10
6.30957  3.32203e-10
7.94328  2.53802e-10
10  1.9534e-10
13.1826  1.43829e-10
18.4077  1.00264e-10
27.227  6.62856e-11
44.6684  3.96784e-11
79.4328  2.20256e-11
158.489  1.09477e-11
630.957  2.73316e-12
19952.6  8.62683e-14
100000  1.721e-14
-1  -1
6.52e-06   0.0 
6.52e-06  2.70967e+07
6.83912e-06  2.50558e+07
7.1e-06  2.34229e+07
7.35e-06  2.18977e+07
7.67361e-06  1.99846e+07
7.94328e-06  1.84568e+07
8.22243e-06  1.69491e+07
8.51138e-06  1.54766e+07
8.85e-06  1.38637e+07
9.2e-06  1.23285e+07
9.54993e-06  1.0928e+07
9.88553e-06  9.7092e+06
1.02329e-05  8.57032e+06
1.06e-05  7.49526e+06
1.1e-05  6.4628e+06
1.13501e-05  5.6682e+06
1.18e-05  4.78175e+06
1.21619e-05  4.16686e+06
1.25892e-05  3.53957e+06
1.31e-05  2.91175e+06
1.365e-05  2.36063e+06
1.42e-05  1.91613e+06
1.48e-05  1.52938e+06
1.54882e-05  1.18546e+06
1.65e-05  823889
1.7955e-05  505069
1.86209e-05  411395
1.92e-05  348462
1.97242e-05  303338
2.02e-05  270317
2.055e-05  250071
2.09e-05  232773
2.13e-05  216140
2.17e-05  202394
2.21e-05  191125
2.25e-05  181978
2.29087e-05  174509
2.33e-05  168881
2.37137e-05  164315
2.41e-05  161153
2.45471e-05  158618
2.5e-05  157086
2.56e-05  156366
2.61e-05  156684
2.6752e-05  158068
2.75423e-05  160840
2.85102e-05  165334
3.3e-05  190484
3.5e-05  200382
3.67282e-05  207489
3.85e-05  213250
4.02717e-05  217499
4.22e-05  220509
4.4157e-05  221958
4.62381e-05  221919
4.84172e-05  220429
5.08e-05  217381
5.30884e-05  213298
5.55904e-05  207890
5.82103e-05  201491
6.15e-05  192690
6.53131e-05  182065
6.91831e-05  171228
7.4131e-05  157789
7.94328e-05  144311
8.60994e-05  128961
9.33254e-05  114309
0.0001  102508
0.000109648  87912.6
0.000120226  74733.8
0.000131826  63038.8
0.000147911  50554.9
0.00017378  36768.9
0.000195553  28939.1
0.000213796  24016.2
0.000234423  19675
0.000260016  15601
0.000288403  12278
0.000323594  9334.63
0.000363078  7043.5
0.000421697  4840
0.000473151  3601.9
0.0005188  2825.04
0.00057544  2133.26
0.000638263  1599.15
0.00074131  1044.68
0.000841395  723.309
0.000954993  497.108
0.00108393  339.235
0.00123027  229.909
0.00141254  149.248
0.00162181  96.1493
0.00186209  61.4656
0.0020893  42.0663
0.00239883  26.4789
0.00275423  16.5447
0.00323594  9.48066
0.00375837  5.61155
0.00436516  3.29763
0.00506991  1.92434
0.00595662  1.06921
0.00699842  0.589504
0.00822243  0.322626
0.00977237  0.167799
0.0116145  0.0865595
0.0139637  0.0423953
0.0169824  0.0197042
0.0213796  0.00793239
0.0281838  0.00263913
0.0562341  0.000165994
0.0758578  5.02401e-05
0.0933254  2.21173e-05
0.112202  1.07423e-05
0.130317  6.01492e-06
0.15  3.5126e-06
0.169824  2.19939e-06
0.190546  1.4344e-06
0.213796  9.42496e-07
0.237137  6.50484e-07
0.263027  4.5234e-07
0.288403  3.29749e-07
0.316228  2.4207e-07
0.346737  1.79058e-07
0.375837  1.38462e-07
0.40738  1.07822e-07
0.44157  8.45262e-08
0.47863  6.67195e-08
0.5188  5.30317e-08
0.562341  4.2455e-08
0.609537  3.4246e-08
0.660694  2.78503e-08
0.716143  2.28216e-08
0.776247  1.88399e-08
0.841395  1.56577e-08
0.912011  1.31065e-08
0.988553  1.10572e-08
1.12202  8.5617e-09
1.23027  7.16456e-09
1.34896  6.03712e-09
1.47911  5.12051e-09
1.62181  4.37307e-09
1.79887  3.68752e-09
2.01837  3.07292e-09
2.29087  2.53368e-09
2.60016  2.10494e-09
3  1.7211e-09
3.46737  1.41411e-09
4.0738  1.14534e-09
4.84172  9.2101e-10
5.88844  7.24947e-10
7.24436  5.67433e-10
9.22571  4.29829e-10
12.0226  3.19813e-10
16.0325  2.33698e-10
22.3872  1.63652e-10
32.3594  1.11266e-10
54.325  6.52127e-11
102.329  3.42311e-11
204.174  1.70443e-11
812.831  4.26124e-12
100000  3.4581e-14
-1  -1
-2   0.0 
-2  -2
