% -----------------------------------------------------------------------
%   Program Name: pe-ss-cs-98.dat 
%   Author: the Geant4 Collaboration
%   Organization: the Geant4 Collaboration
%   Version: unknown
%   Date: circa 2006
%   Class: Public
%   Copyright (c) Copyright Holders of the Geant4 Collaboration, 1994-2006.
%   See http://cern.ch/geant4/license for details on the copyright holders.
%   All rights not expressly granted under this license are reserved.
% -----------------------------------------------------------------------
0.13563   0.0 
0.13563  1116.68
0.139  1053.22
0.14  1032.67
0.1425  992.682
0.147  916.728
0.154  820.564
0.169824  642.363
0.260016  223.958
0.305492  151.099
0.358922  102.695
0.416869  72.2678
0.473151  54.0373
0.54325  39.6508
0.623735  29.3117
0.716143  21.8316
0.822243  16.385
0.933254  12.6829
1.12202  8.8284
1.2735  6.91282
1.44544  5.45425
1.62181  4.42789
1.84077  3.54606
2.11349  2.80313
2.39883  2.27566
2.75423  1.82635
3.19889  1.4504
3.71535  1.16037
4.36516  0.919734
5.12861  0.734566
6.09537  0.581908
7.24436  0.46442
8.81049  0.362566
10.8393  0.28122
13.6458  0.213896
17.9887  0.155581
23.4423  0.115711
31.6228  0.08336
44.157  0.0583714
66.8344  0.0377999
107.152  0.0232286
188.365  0.0130718
375.837  0.00650397
749.894  0.00324779
5956.62  0.000407529
100000  2.4264e-05
-1  -1
0.026047   0.0 
0.026047  3738.08
0.0265  3616.4
0.02725  3452.72
0.0276  3385.36
0.0285102  3190.7
0.03  2934.08
0.0365  2058.74
0.0402717  1709.71
0.0506991  1084.88
0.057544  835.391
0.0653131  640.647
0.0785236  430.051
0.095  281.432
0.115  182.064
0.141254  112.896
0.305492  18.292
0.371535  11.633
0.44157  7.85603
0.512861  5.62765
0.595662  4.06308
0.691831  2.95452
0.803526  2.16443
0.922571  1.63464
1.07152  1.21659
1.25893  0.88992
1.42889  0.701694
1.58489  0.581106
1.79887  0.464824
2.06538  0.366968
2.34423  0.297533
2.69154  0.238507
3.12608  0.189209
3.63078  0.151208
4.26579  0.119716
5.01187  0.0955092
5.95662  0.0755828
7.07946  0.0602646
8.60994  0.0470035
10.5925  0.0364259
13.1826  0.0280608
16.788  0.0212052
21.6272  0.0159367
27.5423  0.0122116
35.0752  0.00939282
53.0884  0.00605579
84.1395  0.00375128
156.675  0.00198496
312.608  0.000986542
623.735  0.000492188
4954.5  6.17321e-05
100000  3.0565e-06
-1  -1
0.025242   0.0 
0.025242  7975.28
0.02555  7791.6
0.0266072  7103.2
0.0275423  6529.7
0.0285102  6023.7
0.0350752  3607.6
0.0384592  2855.3
0.0473151  1666
0.0595662  901.19
0.074131  497.16
0.0966051  239.59
0.18197  41.224
0.23  21.641
0.269153  14.1267
0.316228  9.18384
0.367282  6.20068
0.421696  4.34621
0.47863  3.15968
0.54325  2.31411
0.609537  1.75588
0.668344  1.416
0.749894  1.09028
0.841395  0.845348
0.954993  0.643249
1.03514  0.544335
1.13501  0.453088
1.25893  0.371384
1.41254  0.300106
1.65959  0.224713
1.90546  0.176621
2.16272  0.142587
2.45471  0.115924
2.81838  0.0931784
3.31131  0.072823
3.84592  0.0583603
4.51856  0.0463332
5.30884  0.0370625
6.30957  0.0294059
7.58578  0.023159
9.22571  0.0181127
11.3501  0.0140731
14.2889  0.0107222
18.6209  0.00791471
24  0.005964
32.3594  0.00430087
47.3151  0.00287015
74.131  0.00179544
133.352  0.000982236
266.072  0.000487496
530.884  0.00024301
4216.97  3.04568e-05
100000  1.2834e-06
-1  -1
0.019929   0.0 
0.019929  19848.5
0.0203  18968.2
0.0212  16877.9
0.0219  15416.8
0.023  13497.4
0.029  7029.24
0.0327341  4953.75
0.0380189  3200.63
0.0473151  1669.79
0.0588844  861.153
0.0732824  440.15
0.0966051  186.779
0.16788  33.312
0.211349  16.3685
0.251189  9.67349
0.291743  6.18537
0.334965  4.12075
0.380189  2.85995
0.42658  2.0656
0.47863  1.50241
0.537032  1.10108
0.6  0.822518
0.668344  0.624311
0.74131  0.482463
0.870964  0.326246
0.933254  0.277724
0.988553  0.244302
1.05925  0.211151
1.13501  0.183719
1.23027  0.157282
1.34896  0.132671
1.7378  0.0845198
1.99526  0.0665533
2.26464  0.0538576
2.60016  0.0430891
3  0.03447
3.46737  0.0276908
4.02717  0.0222396
4.73151  0.017695
5.55904  0.0141844
6.60693  0.0112765
7.94328  0.00889803
9.66051  0.00697174
11.885  0.00542632
14.7911  0.00419673
18.8365  0.00318269
24.5471  0.00236959
33.8844  0.00166733
51.2861  0.00107414
81.2831  0.000664949
151.356  0.000351676
301.995  0.000174747
602.56  8.71626e-05
4786.3  1.09314e-05
100000  5.2284e-07
-1  -1
0.0067325   0.0 
0.0067325  9231.06
0.00732824  8279.97
0.00758578  7940.22
0.00815  7183.74
0.00881049  6482.25
0.00933254  5965.34
0.0102329  5188.61
0.011  4662.12
0.0119  4112.26
0.0142889  3050.09
0.0158489  2551.75
0.0185  1943.58
0.0218776  1428.55
0.0242661  1175.27
0.0285102  860.95
0.0338844  610.613
0.0402717  429.025
0.048  296.924
0.0568853  206.216
0.0676083  141.216
0.0803526  95.977
0.0966051  63.0962
0.11885  39.048
0.153109  21.535
0.263027  5.97298
0.323594  3.67742
0.39355  2.34335
0.467735  1.58618
0.537032  1.16841
0.623735  0.845036
0.724436  0.615567
0.851138  0.441165
0.966051  0.341851
1.1885  0.227822
1.33352  0.182914
1.51356  0.144715
1.71791  0.115452
1.97242  0.090932
2.23872  0.0735407
2.5704  0.0587984
2.95121  0.0473631
3.42768  0.0377431
4  0.03009
4.67735  0.0240925
5.49541  0.0193022
6.53131  0.0153381
7.85236  0.012097
9.54993  0.00947393
11.749  0.0073707
14.6218  0.00569819
18.6209  0.00431985
24.2661  0.00321562
33.4965  0.00226163
50.6991  0.00145668
81.2831  0.000890916
151.356  0.000471177
301.995  0.000234138
602.56  0.00011678
4786.3  1.46453e-05
100000  7.0051e-07
-1  -1
0.0063509   0.0 
0.0063509  14668
0.00653131  14343
0.00692  13548.4
0.0073  12742.6
0.00803526  11350
0.00851138  10499.9
0.00933254  9183.83
0.0103514  7854.36
0.0110917  7036.78
0.0131826  5235.94
0.0141254  4618.58
0.0165959  3400.33
0.018  2895.18
0.020893  2132.82
0.023  1738.96
0.0265  1276.69
0.0305492  926.148
0.0342768  709.478
0.039  522.854
0.0451856  366.149
0.053  246.734
0.0623735  163.541
0.074131  104.895
0.0901571  62.8902
0.113501  34.153
0.20893  6.65758
0.269153  3.41867
0.295121  2.6712
0.350752  1.70695
0.40738  1.16619
0.467735  0.826285
0.530884  0.606657
0.60256  0.448712
0.676083  0.343639
0.758578  0.264996
0.870964  0.195524
0.954993  0.160831
1.03514  0.136525
1.1749  0.106357
1.30317  0.0872917
1.47911  0.0691523
1.69824  0.0540158
1.94985  0.042506
2.2131  0.0343556
2.54097  0.027451
2.91743  0.0220994
3.38844  0.0176011
3.9355  0.0141211
4.62381  0.0112235
5.4325  0.008987
6.45654  0.00713739
7.76247  0.00562661
9.44061  0.00440457
11.6145  0.0034253
14.4544  0.00264693
18.6209  0.00198013
24.2661  0.00147396
33.4965  0.00103673
50.6991  0.000667693
80.3526  0.000413259
151.356  0.000215974
301.995  0.000107319
602.56  5.35307e-05
4786.3  6.71318e-06
100000  3.211e-07
-1  -1
0.0051038   0.0 
0.0051038  62334.7
0.005188  59099.4
0.0055  53761.2
0.00588844  47771.1
0.00653131  39730
0.00707946  34122.1
0.00812831  26093.9
0.00881049  22223.7
0.0105925  15169.1
0.0115  12685.2
0.0135  8879.8
0.0147911  7194.09
0.0169824  5199.63
0.0195  3717.66
0.0216272  2876.91
0.0251189  1968.08
0.0291743  1333.01
0.0331131  951.618
0.0371535  696.869
0.042658  476.338
0.049545  313.065
0.057544  204.29
0.0676083  128.091
0.081283  74.5294
0.1  40.1964
0.131826  17.4896
0.194985  5.36084
0.248313  2.60515
0.291743  1.62133
0.338844  1.05151
0.389045  0.710446
0.44157  0.499702
0.49545  0.365416
0.555904  0.269146
0.616595  0.205764
0.683912  0.158391
0.758578  0.122747
0.870964  0.087935
0.933254  0.074897
0.988553  0.0659058
1.05925  0.0569765
1.14815  0.0484699
1.25  0.0411925
1.38038  0.0343396
1.75792  0.0223454
2  0.0178829
2.26464  0.0145306
2.60016  0.0116252
3  0.0092995
3.46737  0.0074706
4.02717  0.006
4.73151  0.00477392
5.55904  0.00382667
6.60693  0.00304224
7.94328  0.00240051
9.66051  0.00188089
11.885  0.00146398
14.7911  0.00113219
18.8365  0.000858657
24.5471  0.000639281
33.8844  0.000449805
51.2861  0.000289781
82.2243  0.000177271
153.109  9.37724e-05
305.492  4.65997e-05
609.537  2.32449e-05
4841.72  2.91524e-06
100000  1.4105e-07
-1  -1
0.0044922   0.0 
0.0044922  137980
0.0047863  123839
0.00485  120369
0.00530884  94858.6
0.00582103  73693.8
0.00668344  49916
0.00758578  34645.5
0.00831764  26431.7
0.00912011  20062.4
0.0112  10656.7
0.0123027  7923.33
0.0142889  4911.81
0.016788  2900.23
0.0186209  2056.61
0.0216272  1242.89
0.025704  688.096
0.0301995  392.846
0.0358922  213.713
0.0431519  110.722
0.0524807  54.6554
0.0676083  21.7153
0.128825  2.04296
0.156675  1.0033
0.186209  0.539553
0.218776  0.304546
0.251189  0.187772
0.285102  0.121341
0.323594  0.078996
0.363078  0.0538621
0.40738  0.037004
0.451856  0.0265815
0.501187  0.0192319
0.549541  0.0145123
0.60256  0.0110298
0.653131  0.00874719
0.716143  0.00676005
0.794328  0.00510019
0.860994  0.00408243
0.912011  0.00350385
0.954993  0.00311878
1  0.00279396
1.04713  0.00252037
1.10918  0.00223223
1.1749  0.00199103
1.25893  0.00174884
1.36458  0.00151459
1.53109  0.00124145
1.86209  0.000879101
2.0893  0.000722205
2.37137  0.000586005
2.7227  0.000470101
3.16228  0.000373175
3.67282  0.000298389
4.31519  0.000236378
5.06991  0.000188687
6.0256  0.000149392
7.16143  0.000119171
8.70964  9.29936e-05
10.7152  7.20984e-05
13.3352  5.55622e-05
17.378  4.09132e-05
22.9087  3.00089e-05
30.5492  2.18819e-05
40  1.6392e-05
58.2103  1.10375e-05
91.2011  6.92977e-06
165.959  3.75776e-06
331.131  1.86845e-06
660.693  9.32397e-07
5248.07  1.16961e-07
100000  6.1347e-09
-1  -1
0.0042481   0.0 
0.0042481  232711
0.00442  209951
0.00455  193307
0.00501187  148708
0.0054325  118669
0.00609537  85331.1
0.00691831  58958.2
0.0078  41201.3
0.00870964  29392.4
0.0107152  15310
0.0120226  10548.7
0.0135  7221.84
0.0158489  4226.08
0.0177828  2856.93
0.0201837  1846.84
0.0234423  1093.48
0.0275423  616.136
0.0327341  330.052
0.0389045  175.209
0.0462381  92.3001
0.0562341  44.3028
0.0732824  16.2544
0.11885  2.587
0.144544  1.23762
0.169824  0.678917
0.197242  0.39162
0.226464  0.237413
0.254097  0.157499
0.285102  0.105228
0.316228  0.0737049
0.350752  0.0519965
0.389045  0.0369639
0.42658  0.0274834
0.467735  0.0205752
0.512861  0.0155134
0.562341  0.0117843
0.609537  0.00932809
0.660694  0.00743869
0.724436  0.00578776
0.860994  0.00366496
0.912011  0.00316502
0.966051  0.00275337
1.01158  0.00247899
1.07152  0.0021904
1.13501  0.00194798
1.21619  0.00170439
1.31826  0.00146964
1.88365  0.000784057
2.11349  0.000644585
2.39883  0.000523303
2.75423  0.00042
3.19889  0.000333558
3.71535  0.000266866
4.36516  0.000211523
5.12861  0.000168934
6.09537  0.000133826
7.32824  0.000105239
8.91251  8.21952e-05
11  6.3536e-05
13.8038  4.85318e-05
18.197  3.53167e-05
23.7137  2.62753e-05
31.9889  1.89333e-05
45.7088  1.29426e-05
70.7946  8.18815e-06
120.226  4.74762e-06
221.31  2.55348e-06
441.57  1.27163e-06
1757.92  3.18013e-07
100000  5.5801e-09
-1  -1
0.0017887   0.0 
0.0017887  20354.8
0.00206538  17506.5
0.00216272  16722.5
0.0023  15610.7
0.00281838  12240.8
0.00316228  10616
0.00342768  9531.13
0.00416869  7259.96
0.00462381  6237.56
0.0054325  4891.39
0.00630957  3865.69
0.00716143  3151.55
0.00851138  2363.58
0.0102329  1721.37
0.0121619  1267.21
0.0144544  925.031
0.017378  655.377
0.0206538  470.537
0.0242661  342.999
0.0285102  248.398
0.0338844  174.516
0.0402717  121.68
0.048  83.6954
0.057544  56.423
0.0691831  37.5016
0.0841395  24.0972
0.103514  14.9539
0.133352  8.27511
0.16788  4.80159
0.25704  1.74791
0.319889  1.04685
0.389045  0.666736
0.462381  0.451059
0.530884  0.332058
0.616595  0.240007
0.716143  0.174715
0.841395  0.125118
0.954993  0.0968763
1.16145  0.0659793
1.30317  0.0529054
1.47911  0.0418003
1.6788  0.0332991
1.92752  0.0261944
2.18776  0.0211595
2.51189  0.0168957
2.88403  0.0135935
3.34965  0.0108203
3.89045  0.00867602
4.57088  0.0068918
5.37032  0.00551578
6.38263  0.00437847
7.67361  0.00344997
9.33254  0.00269952
11.4815  0.00209843
14.4544  0.00159941
18.6209  0.00119652
24  0.00090159
32.3594  0.000650173
47.3151  0.000433892
74.131  0.00027142
134.896  0.00014675
269.154  7.28428e-05
537.032  3.63129e-05
4265.8  4.55152e-06
100000  1.9402e-07
-1  -1
0.0016099   0.0 
0.0016099  17056.9
0.00184077  16515.2
0.00195  16353.9
0.0020893  15974.7
0.00223872  15478.9
0.00245471  14713.9
0.00260016  14177.6
0.0029  13057.4
0.00309029  12352.4
0.00342768  11170.8
0.00371535  10282
0.004  9464.3
0.0045  8203.34
0.0049  7356.48
0.00537032  6491.41
0.0060256  5508.55
0.00660693  4795.25
0.0075  3929.38
0.00831764  3313.74
0.00933254  2723.43
0.0105925  2175.05
0.0119  1755.74
0.0133352  1414.5
0.0151356  1103.83
0.0171791  854.766
0.0195  656.948
0.0221309  501.503
0.0251189  380.14
0.0285102  286.233
0.0323594  214.164
0.0375837  150.838
0.042658  111.441
0.049545  77.3557
0.0582103  51.8087
0.0691831  33.443
0.0831764  20.8033
0.102329  12.1005
0.134896  5.81734
0.229087  1.42045
0.281838  0.823244
0.334965  0.526007
0.39355  0.34875
0.451856  0.246919
0.512861  0.18115
0.582103  0.133901
0.660694  0.0997346
0.758578  0.072829
0.841395  0.0579474
0.922571  0.0476186
1  0.0403507
1.13501  0.0313907
1.2735  0.0251543
1.44544  0.0198858
1.65959  0.0155106
1.90546  0.0121909
2.16272  0.00984159
2.48313  0.0078532
2.85102  0.00631434
3.31131  0.00502328
3.84592  0.00402562
4.51856  0.00319605
5.30884  0.0025566
6.30957  0.00202843
7.58578  0.0015975
9.22571  0.00124938
11.3501  0.000970775
14.2889  0.000739622
18.4077  0.000553087
23.7137  0.000416878
31.6228  0.000304156
44.157  0.000212979
66.8344  0.000137919
107.152  8.47535e-05
188.365  4.76937e-05
375.837  2.37311e-05
749.894  1.18502e-05
5956.62  1.48696e-06
100000  8.8531e-08
-1  -1
0.0012729   0.0 
0.0012729  138699
0.00139637  123664
0.00157  108592
0.00173  96370.8
0.00192753  84000.8
0.0020893  75328.7
0.00235  63774.4
0.0027227  51059.6
0.00301995  43465
0.00338844  35992.8
0.00384592  29083.5
0.00436516  23278.6
0.00489779  18909.4
0.00568853  14284.4
0.00638264  11430.4
0.00724436  8887.58
0.00841395  6536.68
0.00966051  4878.6
0.0108393  3798.57
0.0121619  2941.18
0.014  2134.06
0.0160325  1554.2
0.0184077  1116
0.020893  818.048
0.0237137  595.694
0.027227  418.404
0.0312608  291.659
0.036  200.219
0.0412098  138.771
0.047863  91.7399
0.0562341  58.2819
0.0653131  37.9764
0.0785236  22.2348
0.0966051  12.0741
0.123027  5.86605
0.197242  1.42353
0.242661  0.768724
0.288403  0.463166
0.334965  0.300644
0.384592  0.203166
0.436516  0.142852
0.489779  0.104405
0.549541  0.0768798
0.616595  0.0570438
0.683912  0.043903
0.794328  0.0302482
0.860994  0.0249263
0.922571  0.0212622
0.977237  0.0187317
1.04713  0.0162103
1.13501  0.0137862
1.24452  0.0115416
1.38038  0.00953432
1.71791  0.00645399
1.97242  0.00507964
2.23872  0.00410811
2.5704  0.00328454
2.95121  0.00264568
3.42768  0.0021083
4  0.0016808
4.67735  0.00134576
5.49541  0.0010782
6.53131  0.000856772
7.85236  0.000675733
9.54993  0.000529223
11.749  0.000411729
14.6218  0.000318299
18.6209  0.000241306
24  0.00018184
32.3594  0.000131126
47.863  8.64529e-05
75.8578  5.34514e-05
139.637  2.85723e-05
278.612  1.4188e-05
555.904  7.07379e-06
4415.7  8.86791e-07
100000  3.913e-08
-1  -1
0.00098674   0.0 
0.00098674  166020
0.001038  187767
0.00108393  197280
0.0011  198538
0.00111  198974
0.00113  198661
0.00119  194923
0.00124452  190433
0.00130317  184981
0.00138038  177092
0.00147  167579
0.00156675  157313
0.00165959  147575
0.00177  136520
0.00190546  123989
0.00204174  112333
0.00222  99058
0.00237137  89047.9
0.00260016  76003.4
0.00281838  65798.1
0.00301995  57786.6
0.00331131  48238.2
0.00363078  40011.1
0.00398107  32897.3
0.0044157  26200.7
0.00484172  21231.6
0.00537032  16637.5
0.00588844  13298.9
0.00653131  10264.8
0.00724436  7861.8
0.00803526  5978.95
0.0089443  4471.15
0.00988553  3386.78
0.0110917  2442.13
0.0124452  1747.2
0.0141254  1198.41
0.0160325  814.885
0.018197  549.546
0.0206538  367.671
0.0231739  253.514
0.0263027  167.297
0.0301995  105.525
0.0346737  66.0688
0.0402717  39.4873
0.0473151  22.5132
0.0568853  11.7491
0.07  5.60252
0.138038  0.485259
0.169824  0.231426
0.201837  0.125692
0.239883  0.0687825
0.275423  0.0427595
0.312608  0.0278522
0.350752  0.0189914
0.39355  0.0130441
0.436516  0.00936644
0.484172  0.00677378
0.530884  0.00510974
0.582103  0.00388043
0.638263  0.0029685
0.691831  0.00236621
0.758578  0.00183821
0.803526  0.0015739
0.870964  0.00126137
0.922571  0.00108409
0.966051  0.000966158
1.01158  0.000866994
1.05925  0.000783121
1.12202  0.000694607
1.1885  0.000620322
1.2735  0.000545492
1.39637  0.000463529
1.51356  0.000403601
1.84077  0.000285638
2.06538  0.000234484
2.34423  0.000190126
2.69154  0.000152406
3.12608  0.0001209
3.63078  9.66173e-05
4.26579  7.64944e-05
5.01187  6.10271e-05
5.95662  4.82944e-05
7.07946  3.85062e-05
8.51138  3.04687e-05
10.4713  2.36022e-05
13  1.8227e-05
16.2181  1.40978e-05
20.1837  1.10014e-05
26.6073  8.10057e-06
35.0752  6.00152e-06
53.0884  3.86942e-06
84.1395  2.39694e-06
156.675  1.2683e-06
312.608  6.3039e-07
623.735  3.14487e-07
4954.5  3.94442e-08
100000  1.953e-09
-1  -1
0.0009262   0.0 
0.0009262  62911.2
0.0009265  67461.6
0.0009275  79341
0.0009285  92622
0.0009292  102626
0.00093  114689
0.0009308  127258
0.0009315  138601
0.0009322  150166
0.000933  163509
0.0009337  175159
0.0009345  188300
0.0009353  201109
0.0009362  214952
0.000937  226622
0.0009378  237615
0.0009388  250300
0.0009396  259555
0.0009407  270985
0.0009418  280950
0.000943  290271
0.0009445  299919
0.0009458  306740
0.0009473  313187
0.000949  319035
0.0009515  325664
0.000955  332533
0.00096  339847
0.000966051  346473
0.00097  349628
0.000975  352268
0.000983  353756
0.001015  350059
0.00104  347980
0.00112202  334599
0.00119  321534
0.0012735  304208
0.00136458  284975
0.00146218  264686
0.00156675  243941
0.00169824  219671
0.001806  201543
0.002  172547
0.00215  153587
0.0023  136750
0.00254097  114240
0.00275423  98148
0.00301995  81744.6
0.00331131  67638.1
0.00358922  56929.2
0.00398107  45261.4
0.00436516  36640.9
0.00484172  28664.4
0.00530884  22881.7
0.00588844  17628.5
0.00653131  13474.7
0.00716143  10545.4
0.008  7795.32
0.00901571  5574.88
0.0101158  4001.35
0.0112202  2948.23
0.0124452  2158.79
0.0139637  1515.71
0.0156675  1056.23
0.0175792  730.806
0.0197242  502.154
0.0221309  342.792
0.0251189  223.648
0.0288403  139.219
0.0331131  85.9545
0.0384592  50.5729
0.0451856  28.3292
0.0524807  16.4301
0.0638264  7.98659
0.0831764  2.98106
0.133352  0.510769
0.160325  0.258269
0.188365  0.143248
0.216272  0.087082
0.245471  0.0555546
0.278612  0.0357041
0.312608  0.024042
0.346737  0.0169561
0.384592  0.0120477
0.416869  0.00929192
0.457088  0.00695315
0.501187  0.00524
0.549541  0.00397775
0.60256  0.00304139
0.653131  0.00242083
0.699842  0.00200225
0.758578  0.0016158
0.831764  0.00127377
0.944061  0.000924817
0.988553  0.000828342
1.03514  0.000746969
1.09648  0.000661164
1.16145  0.000589152
1.25  0.000512572
1.36458  0.000437773
1.53109  0.000358348
1.84077  0.000258846
2.06538  0.000212512
2.34423  0.00017231
2.69154  0.000138121
3.12608  0.000109567
3.63078  8.75625e-05
4.26579  6.93266e-05
5.01187  5.53089e-05
5.95662  4.37689e-05
7.07946  3.48983e-05
8.51138  2.76141e-05
10.4713  2.13899e-05
13.0317  1.64716e-05
16.2181  1.27765e-05
20  1.0074e-05
26.3027  7.43381e-06
35.0752  5.4392e-06
53.0884  3.5068e-06
84.1395  2.17233e-06
154.882  1.163e-06
309.029  5.77996e-07
616.595  2.88331e-07
4897.79  3.61627e-08
100000  1.77e-09
-1  -1
0.00054773   0.0 
0.00054773  65821.2
0.00054776  64882.8
0.0005482  62442
0.00054865  60407.4
0.0005491  58697.3
0.0005497  56829.1
0.0005504  55146.7
0.0005511  53809.6
0.0005518  52772.9
0.000553  51466.2
0.0005541  50621.2
0.0005553  49975.9
0.0005568  49444.1
0.000559  48996.8
0.000562341  48730
0.000565  48804
0.0005678  49224.5
0.00057  49895.9
0.000572  50843.4
0.0005735  51814.4
0.00057544  53453
0.000577  55131.1
0.0005785  57087.1
0.00058  59408.2
0.0005815  62139.6
0.00058294  65178
0.0005843  68457
0.000586  73169.4
0.000588  79654.8
0.00059  87272.4
0.000592  96138
0.000595  112002
0.0005985  134810
0.000605  190756
0.000609  234415
0.0006115  265236
0.000614  298693
0.000616595  336096
0.000619  373069
0.000622  422092
0.000625  474058
0.000628  528628
0.000631  585440
0.0006343  649854
0.000637  703596
0.00064  763812
0.000643  823938
0.000646  883236
0.00064925  946023
0.0006515  988182
0.000655  1.05107e+06
0.000659  1.11835e+06
0.000663  1.18024e+06
0.000667  1.23655e+06
0.00067  1.27518e+06
0.000674  1.32193e+06
0.000678  1.36358e+06
0.000683912  1.41637e+06
0.000689  1.45426e+06
0.000695  1.49072e+06
0.0007  1.51502e+06
0.000708  1.54371e+06
0.000716143  1.56164e+06
0.000726  1.57155e+06
0.000735  1.57216e+06
0.00075  1.56209e+06
0.000767361  1.53892e+06
0.000785236  1.50643e+06
0.000812831  1.44671e+06
0.000841395  1.38013e+06
0.000881049  1.28659e+06
0.000922571  1.19153e+06
0.00097  1.08913e+06
0.00102329  983332
0.00109  865176
0.00116145  754928
0.00124452  646009
0.00131826  563964
0.00142889  462113
0.00154882  376336
0.00165959  313378
0.0018197  243461
0.00197242  194148
0.0021512  150927
0.00237137  113039
0.0025704  88434.6
0.00288403  61794.8
0.00316228  46038.7
0.00350752  32848.8
0.0039355  22364.4
0.00431519  16341.2
0.00484172  10953.8
0.0054325  7279.8
0.0060256  5005.07
0.00668344  3420.11
0.0075  2222.66
0.00851138  1373.08
0.00966051  840.327
0.0108393  533.835
0.0121619  336.829
0.0136458  211.174
0.0153109  131.594
0.017378  77.7115
0.02  42.9916
0.0231739  22.9289
0.0269154  12.0153
0.0316228  5.94666
0.0380189  2.64079
0.0473151  0.998748
0.0860994  0.0687916
0.107152  0.0260549
0.12735  0.0121872
0.15  0.00597237
0.171791  0.00333008
0.192752  0.00204141
0.216272  0.00125971
0.242661  0.000782719
0.27227  0.000489936
0.301995  0.000323548
0.334965  0.000215094
0.371535  0.000143988
0.412098  9.70476e-05
0.451856  6.88018e-05
0.49545  4.91131e-05
0.537032  3.66557e-05
0.568853  2.99294e-05
0.6  2.49679e-05
0.638263  2.04802e-05
0.691831  1.59649e-05
0.891251  7.43866e-06
0.922571  6.68686e-06
0.954993  5.97948e-06
0.988553  5.37718e-06
1.02329  4.87246e-06
1.05925  4.45526e-06
1.09648  4.10744e-06
1.13501  3.81404e-06
1.1749  3.56333e-06
1.23027  3.27964e-06
1.31826  2.92094e-06
1.42889  2.5769e-06
1.5  2.39509e-06
1.6788  1.96705e-06
1.94985  1.51044e-06
2.18776  1.24391e-06
2.51189  9.93248e-07
2.88403  7.99088e-07
3.34965  6.36069e-07
3.89045  5.10029e-07
4.57088  4.05141e-07
5.37032  3.24247e-07
6.38263  2.57394e-07
7.67361  2.02811e-07
9.33254  1.58693e-07
11.4815  1.23361e-07
14.4544  9.40225e-08
18.6209  7.03366e-08
24.2661  5.23565e-08
33.4965  3.68246e-08
50.6991  2.37173e-08
81.2831  1.45058e-08
151.356  7.67175e-09
301.995  3.81211e-09
602.56  1.90145e-09
4786.3  2.38457e-10
100000  1.1406e-11
-1  -1
0.00053098   0.0 
0.00053098  101665
0.00053125  97795.2
0.0005316  93556.8
0.0005319  90483.2
0.00053235  86602.4
0.0005328  83448
0.0005333  80553.6
0.0005337  78634.2
0.0005342  76594.9
0.0005348  74570
0.0005354  72922.5
0.0005361  71371.6
0.000537032  69772.6
0.000538  68516.4
0.0005395  67140.7
0.0005407  66396.6
0.0005423  65735.8
0.000544  65322.6
0.00054663  65108.6
0.000549  65311.3
0.0005515  65988.6
0.00055356  66996.9
0.000555  67998
0.0005565  69343.8
0.0005585  71694.1
0.00056  73930.5
0.0005615  76624.1
0.000563  79825.5
0.0005645  83582.4
0.000566  87952.8
0.0005678  94081.6
0.00056969  101668
0.000571  107681
0.000573  118165
0.00057544  133284
0.000578  152190
0.000582103  189702
0.000588844  272593
0.000592  320890
0.000595  372347
0.0005978  425070
0.0006  469529
0.000603  534216
0.000605  579766
0.000608  651446
0.00061  701246
0.000613  778594
0.00061626  865542
0.000619  940376
0.000622  1.02329e+06
0.000625  1.10639e+06
0.000628  1.18881e+06
0.000631  1.26964e+06
0.0006335  1.33521e+06
0.000637  1.42348e+06
0.00064  1.49525e+06
0.000643  1.56306e+06
0.000646  1.62655e+06
0.00065  1.70444e+06
0.000654  1.77465e+06
0.000658  1.83745e+06
0.000663  1.90618e+06
0.0006685  1.97019e+06
0.000674  2.02309e+06
0.00068  2.06947e+06
0.00068607  2.10546e+06
0.000693  2.1347e+06
0.0007  2.15328e+06
0.000708  2.16349e+06
0.000719  2.16336e+06
0.000732825  2.14783e+06
0.00075  2.11374e+06
0.000767361  2.06794e+06
0.000794328  1.9838e+06
0.000822243  1.89059e+06
0.000860994  1.75985e+06
0.000901571  1.62779e+06
0.000954993  1.46518e+06
0.00101158  1.30933e+06
0.00107152  1.16248e+06
0.00113501  1.02585e+06
0.00123027  853749
0.00130317  743910
0.00141254  608150
0.00153109  494118
0.00164059  410720
0.0018197  308318
0.00197242  244964
0.00218776  180695
0.00237137  141765
0.00265  100605
0.0029  75649.2
0.00323594  53075.7
0.00354813  39130.8
0.0039355  27594
0.0044157  18548.9
0.00484172  13414.4
0.00537032  9260
0.00609537  5832.22
0.00691831  3638.14
0.00785236  2248.3
0.009  1325.18
0.0102329  798.142
0.0115  499.546
0.0128825  314.608
0.0145  193.049
0.0162181  120.863
0.0186209  67.3292
0.0211349  39.1217
0.0242661  21.4775
0.0281838  11.1327
0.0331131  5.44404
0.0398107  2.3841
0.0501187  0.841455
0.081283  0.0932994
0.109648  0.0241823
0.128825  0.0117669
0.15  0.00600486
0.171791  0.00332117
0.194985  0.00192376
0.218776  0.00117907
0.242661  0.000763923
0.269153  0.000498444
0.298538  0.000327601
0.327341  0.000227347
0.354813  0.000166329
0.384592  0.000122568
0.416869  9.09886e-05
0.446684  7.09225e-05
0.484172  5.34294e-05
0.52332  4.09635e-05
0.562341  3.22834e-05
0.609537  2.49036e-05
0.660694  1.93477e-05
0.724436  1.46028e-05
0.785236  1.14905e-05
0.901571  7.68459e-06
0.944061  6.75831e-06
0.977237  6.16802e-06
1.01158  5.65905e-06
1.04713  5.21894e-06
1.09648  4.71745e-06
1.14815  4.29333e-06
1.21619  3.84646e-06
1.30317  3.3979e-06
1.42889  2.90554e-06
1.51356  2.63927e-06
1.90546  1.75925e-06
2.13796  1.44681e-06
2.42661  1.1753e-06
2.78612  9.43896e-07
3.23594  7.50081e-07
3.75837  6.00446e-07
4.4157  4.76184e-07
5.188  3.80507e-07
6.16595  3.01587e-07
7.32824  2.40808e-07
8.91251  1.88079e-07
11  1.4539e-07
13.8038  1.11057e-07
18  8.1813e-08
23.4423  6.08923e-08
31.2608  4.44186e-08
42.6579  3.18628e-08
63.8263  2.08688e-08
98.8553  1.32779e-08
175.792  7.37757e-09
350.752  3.66951e-09
699.842  1.83177e-09
5559.04  2.29817e-10
100000  1.2768e-11
-1  -1
0.00041158   0.0 
0.00041158  43588.8
0.000537032  34126.4
0.000588844  31429.4
0.000758578  24443.7
0.000831764  22145.9
0.000977237  18453.1
0.00108393  16295.3
0.00125892  13489.7
0.00141254  11588.6
0.00165959  9292.04
0.00197242  7257.96
0.00234423  5622.54
0.00275423  4401.37
0.00331131  3304.62
0.004  2445.98
0.00489779  1758.4
0.00595662  1267.88
0.00716143  925.107
0.00860994  669.96
0.0103514  481.557
0.0124452  343.613
0.015  242.224
0.0179887  171.079
0.0216272  119.341
0.0260016  82.6107
0.0312608  56.7388
0.0375837  38.6614
0.0446684  26.7879
0.0537032  17.9749
0.0645654  11.9685
0.0776247  7.90974
0.0944061  5.05618
0.11749  3.04155
0.153109  1.62987
0.27227  0.417005
0.338844  0.250096
0.402717  0.168143
0.47863  0.113998
0.562341  0.0799206
0.645654  0.0593447
0.749894  0.0433021
0.881049  0.0310855
1  0.0241291
1.21619  0.0164673
1.36458  0.0132392
1.53109  0.0107113
1.7378  0.0085512
2  0.0067118
2.26464  0.00545311
2.60016  0.00436278
3  0.0034902
3.46737  0.00280381
4.02717  0.00225189
4.73151  0.00179174
5.55904  0.0014362
6.60693  0.00114176
7.94328  0.000900962
9.66051  0.000705926
11.885  0.00054944
14.7911  0.000424939
18.8365  0.00032227
24.2661  0.000243018
33.4965  0.00017092
50.6991  0.000110082
81.2831  6.73291e-05
151.356  3.56085e-05
301.995  1.76942e-05
602.56  8.82568e-06
4786.3  1.10682e-06
100000  5.294e-08
-1  -1
0.00033787   0.0 
0.00033787  148721
0.0003381  147433
0.000338844  141626
0.0003395  137506
0.0003403  133475
0.000341  130559
0.0003422  126566
0.0003433  123648
0.0003448  120502
0.000347  116912
0.00035  113059
0.000365  97942
0.000382  83305.8
0.00041  65635.6
0.000436516  54319.9
0.000462381  45922.7
0.000485  40171.4
0.000501187  36817.3
0.0005188  33766.8
0.00054  30758.8
0.000565  27911.8
0.00059  25611.4
0.00062  23373.4
0.00065  21571
0.000676083  20285.8
0.000707946  18994.9
0.00075  17635.4
0.000803526  16278.8
0.000870964  14947.7
0.000954993  13671.2
0.00138038  9786.17
0.00158489  8567.86
0.0018  7527.72
0.00206538  6491.53
0.00234423  5617.54
0.00266073  4825.91
0.00301995  4116.04
0.00346737  3430.98
0.0039355  2882.08
0.0045  2377.5
0.00506991  1989.64
0.0057544  1634.96
0.00653131  1333.44
0.0074131  1079.48
0.00851138  849.992
0.00966051  677.521
0.0109648  536.363
0.0124452  421.54
0.0141254  328.947
0.0162181  249.047
0.0186209  187.073
0.0211349  142.914
0.0242661  105.747
0.0278612  77.6606
0.031989  56.6178
0.0371535  39.8872
0.0431519  27.8834
0.0501187  19.3512
0.0588844  12.9605
0.07  8.36358
0.0851138  5.05379
0.104713  2.93928
0.242661  0.316829
0.298538  0.184131
0.354813  0.117995
0.412098  0.0807991
0.473151  0.0573618
0.537032  0.0421867
0.609537  0.0312548
0.683912  0.0239683
0.767362  0.0185066
0.870964  0.0140162
0.954993  0.0115329
1.03514  0.00979221
1.1749  0.00762895
1.30317  0.00626089
1.47911  0.00495942
1.69824  0.00387368
1.94985  0.00304828
2.2131  0.00246386
2.54097  0.00196865
2.91743  0.00158477
3.38844  0.00126217
3.9355  0.00101262
4.62381  0.00080481
5.4325  0.000644455
6.45654  0.00051184
7.76247  0.000403495
9.44061  0.000315864
11.6145  0.000245636
14.4544  0.000189818
18.6209  0.000141998
24  0.000107
32.3594  7.71628e-05
47.3151  5.14941e-05
74.131  3.22125e-05
133.352  1.76229e-05
266.072  8.74617e-06
530.884  4.35982e-06
4216.97  5.46427e-07
100000  2.3026e-08
-1  -1
0.00025158   0.0 
0.00025158  336320
0.0002645  308442
0.000273  293107
0.000285  276366
0.000305492  249985
0.000354813  208884
0.000380189  193755
0.000530884  137445
0.000616595  116951
0.0007  101264
0.0008  86339.6
0.000912011  73237
0.00103514  62009.7
0.0011885  51295.7
0.00136458  42094
0.00156675  34283.5
0.0018  27695.3
0.0020893  21856.8
0.00242661  17101.2
0.00285102  13023.8
0.00331131  10036.8
0.00384592  7678.57
0.00446684  5829.62
0.00512861  4489.14
0.00595662  3355.26
0.0068  2574.24
0.00776247  1961.83
0.00881049  1502.87
0.0101158  1115.49
0.0116145  821.676
0.0133352  600.612
0.0153109  435.653
0.0175792  313.644
0.0201837  224.095
0.0231739  158.838
0.0266072  111.737
0.0305492  78.0302
0.0350752  54.1065
0.040738  36.1099
0.0473151  23.9095
0.0555904  15.215
0.0645654  9.93014
0.0767362  6.02405
0.0933254  3.39238
0.112202  1.96231
0.201837  0.337719
0.248313  0.182578
0.295121  0.110164
0.342768  0.0716253
0.39355  0.0484976
0.446684  0.0341769
0.501187  0.0250328
0.562341  0.0184642
0.623735  0.0141334
0.691831  0.0108917
0.767362  0.00844944
0.870964  0.00622598
0.933254  0.00530335
0.988553  0.00466695
1.05925  0.00403482
1.14815  0.00343249
1.25  0.0029171
1.38038  0.00243171
1.75792  0.00158225
2  0.0012663
2.26464  0.00102897
2.60016  0.000823229
3  0.00065852
3.46737  0.000529007
4.02717  0.000424869
4.73151  0.000338052
5.55904  0.000270976
6.60693  0.000215426
7.94328  0.000169983
9.66051  0.000133188
11.885  0.000103661
14.7911  8.01742e-05
18.8365  6.08027e-05
24.5471  4.52688e-05
33.8844  3.18525e-05
51.2861  2.05199e-05
81.2831  1.27036e-05
153.109  6.64022e-06
305.492  3.29981e-06
609.537  1.64603e-06
4841.72  2.06439e-07
100000  9.9883e-09
-1  -1
0.00014247   0.0 
0.00014247  558264
0.000142889  582916
0.0001436  624376
0.000146218  815661
0.00014713  889811
0.000148  960920
0.0001487  1.01734e+06
0.000149624  1.08929e+06
0.0001505  1.15346e+06
0.000151356  1.21107e+06
0.000152  1.2504e+06
0.0001528  1.2939e+06
0.0001535  1.3269e+06
0.0001545  1.36557e+06
0.0001555  1.39432e+06
0.0001565  1.4137e+06
0.0001575  1.42446e+06
0.0001585  1.42758e+06
0.0001595  1.42408e+06
0.000161  1.40891e+06
0.0001627  1.38064e+06
0.00016458  1.34054e+06
0.000167  1.28116e+06
0.000169824  1.20781e+06
0.000174  1.10017e+06
0.000178  1.0027e+06
0.000184077  867735
0.00019  751332
0.000197242  628713
0.000219  376047
0.000229087  303286
0.000238  254322
0.000245471  221659
0.000254097  191375
0.000262  169236
0.000269154  152944
0.000275423  141098
0.000281838  130958
0.000288403  122339
0.000295121  115072
0.000301995  108999
0.00030903  103975
0.000316228  99865.9
0.000324  96389.6
0.000332  93654
0.000339  91826.8
0.000347  90258
0.000355  89134.4
0.000367282  88071.7
0.000380189  87585.1
0.000398107  87611
0.00042658  88503.6
0.00047863  90327.9
0.000515  90945.6
0.00055  90918.4
0.000582103  90354.7
0.00062  89121.2
0.000660693  87295
0.0007  85168
0.00075  82086.4
0.000803526  78539.6
0.000860994  74623.7
0.000922571  70411.2
0.001  65289.6
0.00107152  60803.3
0.00116145  55561.8
0.00125892  50414.4
0.00138038  44733.7
0.0015  39876.1
0.00165  34678.8
0.0018  30305.4
0.00197242  26129.8
0.00218776  21910.5
0.00242661  18218.9
0.00269154  15028.5
0.00295121  12581.7
0.00323594  10470.6
0.00354813  8662.04
0.0039  7085.44
0.00431519  5675.79
0.0047863  4489
0.00530884  3524.25
0.00588844  2746.36
0.00653131  2124.76
0.00724436  1632.11
0.00803526  1244.96
0.009  918.816
0.01  687.88
0.0110917  514.133
0.0124452  369.2
0.0141254  254.573
0.0165959  157.334
0.018549  112.031
0.0204174  82.8262
0.0229087  57.1986
0.0260016  37.7587
0.0301995  23.0015
0.0350752  13.9071
0.040738  8.34494
0.047863  4.77283
0.057544  2.49946
0.07  1.24568
0.0944061  0.426023
0.139637  0.104379
0.17378  0.0478771
0.20893  0.0250224
0.242661  0.0148691
0.278612  0.00926149
0.316228  0.00604323
0.354813  0.0041268
0.398107  0.00283809
0.44157  0.00203961
0.489779  0.00147594
0.54325  0.00107589
0.595662  0.000818169
0.645654  0.000648824
0.707946  0.000501448
0.803526  0.000355588
0.860994  0.00029404
0.912011  0.000252576
0.954993  0.000224943
1  0.0002016
1.04713  0.000181908
1.10918  0.000161141
1.1749  0.000143735
1.25893  0.00012624
1.36458  0.000109305
1.53109  8.95594e-05
1.86209  6.34084e-05
2.0893  5.20899e-05
2.37137  4.22626e-05
2.7227  3.38981e-05
3.16228  2.69054e-05
3.67282  2.15137e-05
4.31519  1.70428e-05
5.06991  1.36044e-05
6.0256  1.07718e-05
7.16143  8.59253e-06
8.70964  6.70489e-06
10.7152  5.19834e-06
13.3352  4.00612e-06
17.1791  2.98891e-06
22.6464  2.19134e-06
28.1838  1.72351e-06
35.0752  1.35926e-06
53.0884  8.76348e-07
84.1395  5.42859e-07
156.675  2.87249e-07
312.608  1.42772e-07
623.735  7.12255e-08
4954.5  8.93335e-09
100000  4.4231e-10
-1  -1
0.00012966   0.0 
0.00012966  853705
0.0001299  889968
0.0001308  1.00933e+06
0.0001314  1.09245e+06
0.000132  1.17748e+06
0.0001327  1.27733e+06
0.0001335  1.39121e+06
0.0001343  1.50335e+06
0.000135  1.5986e+06
0.0001358  1.70273e+06
0.0001365  1.78859e+06
0.0001373  1.87957e+06
0.000138038  1.95577e+06
0.0001387  2.01715e+06
0.000139637  2.09209e+06
0.0001403  2.13638e+06
0.000141254  2.18726e+06
0.0001423  2.22613e+06
0.0001433  2.2477e+06
0.0001445  2.25554e+06
0.0001458  2.24499e+06
0.0001472  2.21585e+06
0.0001485  2.17622e+06
0.00015  2.11981e+06
0.000152  2.0335e+06
0.000154  1.94093e+06
0.000157  1.80013e+06
0.000162  1.57788e+06
0.00016788  1.34742e+06
0.000174  1.14204e+06
0.00018  970782
0.000201837  550958
0.00020893  466768
0.000216272  398023
0.000222  354723
0.000228  317183
0.000234423  284240
0.00024  260632
0.000245471  241225
0.000251189  224283
0.00025704  209919
0.000263027  197833
0.000269154  187757
0.000275423  179450
0.000281838  172695
0.000288403  167300
0.000295121  163084
0.000303  159499
0.00031  157294
0.00032  155357
0.000332  154376
0.000346737  154436
0.00037  155948
0.000421697  160238
0.000451856  161595
0.000484172  161758
0.000515  160783
0.00055  158567
0.000582103  155704
0.00062  151577
0.000660693  146568
0.000707946  140298
0.000758578  133312
0.00082  124888
0.000881049  116737
0.000954993  107400
0.00103514  98079.7
0.00112202  88907.7
0.00121619  80070.8
0.00133352  70471.3
0.00145  62317.8
0.00160325  53340.2
0.00177828  45019.4
0.00195  38429.8
0.00213796  32607
0.00237137  26895.7
0.00263027  22011.2
0.00291743  17877.2
0.00323594  14410.5
0.0036  11454.5
0.004  9058.44
0.00446684  7025.06
0.0049545  5493.24
0.00549541  4263.52
0.00609537  3284.8
0.006795  2479.22
0.00749894  1907.52
0.00831764  1438.59
0.00922571  1077.57
0.0102329  801.65
0.0114815  572.342
0.0128825  405.634
0.0146218  275.703
0.0165959  186.435
0.0184077  134.488
0.0201837  99.7479
0.0223872  70.7528
0.0251189  47.9551
0.03  26.1077
0.0346737  15.7799
0.0402717  9.30324
0.0467735  5.43862
0.0555904  2.90394
0.0645654  1.67499
0.0822243  0.682019
0.12735  0.133327
0.154882  0.0646532
0.18197  0.0358625
0.211349  0.0208961
0.239883  0.0133179
0.269153  0.00890036
0.301995  0.00599064
0.334965  0.004224
0.371535  0.0029996
0.40738  0.00222711
0.446684  0.00166449
0.489779  0.0012526
0.537032  0.000949516
0.588844  0.000725285
0.638263  0.000577068
0.699842  0.000447854
0.767362  0.000350271
0.870964  0.00025113
0.922571  0.000217291
0.966051  0.000194578
1.01158  0.000175248
1.07152  0.000154889
1.13501  0.000137763
1.21619  0.000120533
1.31826  0.000103917
1.65959  6.91968e-05
1.92752  5.32657e-05
2.18776  4.30156e-05
2.48313  3.49865e-05
2.85102  2.8132e-05
3.31131  2.23806e-05
3.84592  1.79357e-05
4.51856  1.42397e-05
5.30884  1.13907e-05
6.30957  9.03741e-06
7.58578  7.11742e-06
9.22571  5.56669e-06
11.3501  4.32528e-06
14.2889  3.29529e-06
18.6209  2.43249e-06
24.2661  1.81061e-06
33.4965  1.27345e-06
50.6991  8.20211e-07
81.2831  5.01653e-07
151.356  2.6531e-07
301.995  1.31835e-07
602.56  6.57583e-08
4786.3  8.24666e-09
100000  3.9444e-10
-1  -1
1.078e-05   0.0 
1.078e-05  1.33105e+06
1.08393e-05  1.30669e+06
1.087e-05  1.29647e+06
1.1e-05  1.26408e+06
1.14815e-05  1.16314e+06
1.19e-05  1.09377e+06
1.23027e-05  1.04042e+06
1.2735e-05  994624
1.31826e-05  958597
1.36458e-05  931098
1.41e-05  912458
1.45e-05  902185
1.49624e-05  896705
1.55e-05  897882
1.60324e-05  906193
1.65959e-05  921766
1.71791e-05  944706
1.77828e-05  975139
1.84077e-05  1.01329e+06
1.90546e-05  1.05944e+06
1.98e-05  1.12051e+06
2.07e-05  1.20499e+06
2.16272e-05  1.30337e+06
2.29087e-05  1.4574e+06
2.42661e-05  1.64181e+06
2.65e-05  1.98814e+06
3.0903e-05  2.79499e+06
3.31131e-05  3.23807e+06
3.50752e-05  3.63821e+06
3.71535e-05  4.06073e+06
3.9e-05  4.42825e+06
4.12098e-05  4.85049e+06
4.36516e-05  5.29128e+06
4.62381e-05  5.72872e+06
4.9e-05  6.16032e+06
5.188e-05  6.57252e+06
5.5e-05  6.97975e+06
5.82103e-05  7.35198e+06
6.16595e-05  7.69152e+06
6.5e-05  7.95578e+06
6.8e-05  8.13016e+06
7.07946e-05  8.23342e+06
7.32824e-05  8.27751e+06
7.58578e-05  8.27683e+06
7.85236e-05  8.22706e+06
8.15e-05  8.11551e+06
8.41395e-05  7.97313e+06
8.70964e-05  7.77241e+06
9.01571e-05  7.52463e+06
9.33254e-05  7.23107e+06
9.66051e-05  6.89553e+06
0.0001  6.52414e+06
0.000103  6.18016e+06
0.000106  5.82454e+06
0.000109  5.46244e+06
0.000112202  5.0753e+06
0.000115  4.74025e+06
0.000118  4.38698e+06
0.0001205  4.09932e+06
0.000124  3.71109e+06
0.00012735  3.3594e+06
0.000130317  3.06603e+06
0.000134  2.72591e+06
0.0001365  2.51066e+06
0.00014  2.23108e+06
0.000144  1.94255e+06
0.000148  1.68518e+06
0.000152  1.45641e+06
0.000156  1.25418e+06
0.00016  1.07655e+06
0.000164059  918985
0.00016788  789153
0.000172  667135
0.000176  564702
0.00018  476361
0.000184077  399023
0.000188  335186
0.0001915  285965
0.0001955  237640
0.000199526  196516
0.000202  174551
0.000206  143702
0.00021  117949
0.000215  91918.6
0.00022409  58754.3
0.000228  48964.2
0.0002307  43486.7
0.000233  39558.6
0.000235  36648.3
0.0002373  33835.4
0.000239  32095.5
0.0002407  30622.7
0.000242661  29232.5
0.0002445  28207.5
0.0002458  27634.5
0.0002473  27119.5
0.000249  26713.7
0.0002505  26502.3
0.000252  26419.4
0.000254  26494.9
0.000256  26766.4
0.000258  27217.2
0.000260016  27837.1
0.000262  28595.2
0.000265  29991.2
0.000268  31651.1
0.00027227  34394.9
0.000285102  44477.1
0.000291743  50332.2
0.000298  56032.2
0.000303  60623.9
0.00030903  66117.9
0.00031574  72112.1
0.000322187  77712.4
0.000327341  82051.7
0.000334965  88202.1
0.000342768  94114.4
0.000350752  99723.3
0.000358922  104973
0.000367282  109818
0.000375837  114225
0.000384592  118173
0.00039355  121653
0.00041076  127325
0.000421697  130200
0.000436516  133086
0.000451856  134985
0.000467735  135947
0.000484172  136049
0.000506991  135127
0.000524808  133858
0.000549541  131229
0.00057544  127679
0.00060256  123386
0.000630957  118583
0.000660693  113310
0.0007  106217
0.00074131  98886.5
0.000785236  91387.4
0.000831764  83913.1
0.000881049  76583.4
0.000944061  68115.7
0.00101158  60119.4
0.00108393  52685.8
0.00116145  45857.2
0.00124452  39656
0.00134896  33215.6
0.00146218  27605.4
0.00158489  22787.9
0.00171791  18685.1
0.00186209  15219.5
0.00204174  11947.5
0.00223872  9310.22
0.00245471  7200.7
0.00269154  5528.67
0.00295121  4214.98
0.00323594  3191.99
0.00354813  2401.14
0.00389045  1794.34
0.00431519  1283.17
0.00473151  945.95
0.00524807  664.893
0.00582103  463.847
0.00653131  308.594
0.00724436  212.36
0.00803526  145.145
0.00891251  98.52
0.01  63.5701
0.0112202  40.66
0.012735  24.6736
0.0147911  13.5568
0.0169824  7.76558
0.0188365  5.08147
0.020893  3.29423
0.0234423  2.01995
0.0266072  1.17073
0.0350752  0.351216
0.0431519  0.141215
0.0555904  0.0459936
0.0933254  0.00460127
0.11885  0.00157962
0.138038  0.000820541
0.154882  0.00049879
0.177828  0.000276807
0.204174  0.000154812
0.231739  9.14256e-05
0.260016  5.7027e-05
0.291743  3.58366e-05
0.323594  2.37662e-05
0.358922  1.58773e-05
0.398107  1.06889e-05
0.436516  7.57003e-06
0.47863  5.39824e-06
0.530884  3.71983e-06
0.57544  2.80505e-06
0.60256  2.39679e-06
0.645654  1.91201e-06
0.699842  1.48084e-06
0.803526  9.67831e-07
0.851138  8.028e-07
0.891251  6.94781e-07
0.933254  6.05292e-07
0.966051  5.48851e-07
1  5.005e-07
1.03514  4.593e-07
1.07152  4.23903e-07
1.10918  3.9323e-07
1.16145  3.58203e-07
1.21619  3.2842e-07
1.30317  2.90635e-07
1.41254  2.54088e-07
1.5  2.3059e-07
1.92752  1.48328e-07
2.16272  1.22063e-07
2.45471  9.92176e-08
2.81838  7.9732e-08
3.27341  6.33963e-08
3.80189  5.07777e-08
4.46684  4.02914e-08
5.24808  3.22126e-08
6.23735  2.55446e-08
7.49894  2.0108e-08
9.12011  1.57195e-08
11.2202  1.22086e-08
14.2889  9.17399e-09
18.4077  6.86024e-09
23.7137  5.17076e-09
31.6228  3.77267e-09
44.157  2.64172e-09
66.8344  1.71071e-09
107.152  1.05127e-09
188.365  5.91577e-10
375.837  2.94351e-10
1496.24  7.35469e-11
23713.7  4.63086e-12
100000  1.0981e-12
-1  -1
9.02e-06   0.0 
9.02e-06  2.30673e+06
9.12011e-06  2.23097e+06
9.44061e-06  2.06229e+06
9.77237e-06  1.92008e+06
1.01158e-05  1.80075e+06
1.04713e-05  1.70158e+06
1.085e-05  1.61771e+06
1.12202e-05  1.55353e+06
1.16145e-05  1.50177e+06
1.20226e-05  1.46299e+06
1.24452e-05  1.43609e+06
1.29e-05  1.42006e+06
1.33352e-05  1.41553e+06
1.38038e-05  1.42092e+06
1.42889e-05  1.4364e+06
1.48e-05  1.46222e+06
1.53109e-05  1.49676e+06
1.5921e-05  1.54825e+06
1.65959e-05  1.61682e+06
1.7378e-05  1.71003e+06
1.8197e-05  1.82208e+06
1.90546e-05  1.95396e+06
2.01837e-05  2.14843e+06
2.15e-05  2.40241e+06
2.31739e-05  2.76415e+06
2.91743e-05  4.3215e+06
3.15e-05  4.98334e+06
3.35e-05  5.55196e+06
3.57e-05  6.16452e+06
3.75837e-05  6.66639e+06
3.98107e-05  7.22548e+06
4.22e-05  7.78463e+06
4.46684e-05  8.31431e+06
4.73151e-05  8.8292e+06
5.06991e-05  9.42101e+06
5.4e-05  9.92332e+06
5.7544e-05  1.03803e+07
6.09537e-05  1.07341e+07
6.4e-05  1.09642e+07
6.68344e-05  1.11035e+07
6.91831e-05  1.11624e+07
7.16143e-05  1.11657e+07
7.4131e-05  1.11082e+07
7.67362e-05  1.099e+07
7.94328e-05  1.08109e+07
8.22243e-05  1.05678e+07
8.51138e-05  1.02609e+07
8.81049e-05  9.89885e+06
9.12011e-05  9.48603e+06
9.44061e-05  9.02175e+06
9.77237e-05  8.51192e+06
0.000101  7.99229e+06
0.000104  7.50749e+06
0.000107152  6.99197e+06
0.00011  6.52715e+06
0.0001128  6.07766e+06
0.000116145  5.55496e+06
0.000119  5.1231e+06
0.000122  4.68686e+06
0.000125  4.27287e+06
0.000128  3.88368e+06
0.0001315  3.46111e+06
0.000135  3.07201e+06
0.000139  2.66913e+06
0.000143  2.31036e+06
0.0001465  2.02986e+06
0.00015  1.77784e+06
0.000154  1.52246e+06
0.000158  1.29942e+06
0.000162  1.10517e+06
0.000165  976229
0.000169  824452
0.000172  724526
0.000176  607926
0.000179887  510639
0.0001835  432589
0.0001865  375896
0.00019  318149
0.000194  261975
0.000198  214871
0.000202  175570
0.000206538  139140
0.000219  73890.9
0.000222  64054.9
0.000225  56002.2
0.000227  51528.1
0.000229087  47555.1
0.00023086  44694.5
0.0002323  42695.6
0.000234  40684.8
0.0002358  38940
0.0002373  37767.1
0.000239  36725.3
0.0002407  35968.4
0.0002423  35497.9
0.000244  35237.1
0.0002458  35210
0.0002473  35369.2
0.000249  35735.2
0.000251189  36473.8
0.000253  37293.6
0.000255  38398.2
0.0002573  39902.1
0.000260016  41962.6
0.000264  45456
0.000275423  57497.8
0.000281838  65001
0.000288403  73120.1
0.000295121  81806
0.0003  88295.5
0.000305492  95026.7
0.00030903  99296.5
0.000316228  107770
0.000323594  116069
0.000331131  124093
0.000338844  131752
0.000346737  138964
0.000354813  145661
0.000363078  151792
0.000371535  157316
0.000380189  162211
0.000389045  166469
0.00040738  173558
0.000421697  177774
0.000436516  180627
0.000451856  182175
0.000467735  182511
0.000484172  181755
0.000512861  178744
0.000537032  175051
0.000562341  170156
0.000588844  164290
0.000616595  157727
0.000645654  150599
0.000683912  141092
0.000724436  131193
0.000767361  121133
0.000812831  111108
0.000860994  101297
0.000912011  91818.5
0.000977237  81025.8
0.00104713  71023.9
0.00112202  61838.4
0.00120226  53491.8
0.00128825  45985
0.00139637  38259.3
0.00151356  31595.4
0.00164059  25913.7
0.00179887  20503.5
0.00197242  16099.2
0.00216272  12564.9
0.00234423  10053.3
0.00251189  8258.8
0.0027227  6520.91
0.00295121  5116.04
0.00323594  3848.86
0.00354813  2874.53
0.00389045  2132.41
0.00431519  1512.71
0.00489779  986.23
0.0054325  690.078
0.0060256  479.37
0.00660693  344.544
0.00732824  235.933
0.00812831  160.428
0.00901571  108.349
0.01  72.698
0.0112202  46.2645
0.012735  27.9147
0.0146218  15.9624
0.016788  9.09146
0.0186209  5.92214
0.0206538  3.81542
0.0231739  2.32181
0.0295121  0.80619
0.0354813  0.357477
0.0416869  0.174316
0.05188  0.0651313
0.0977237  0.00371011
0.116145  0.00170921
0.134896  0.000879136
0.153109  0.000504177
0.17378  0.000291288
0.197242  0.000169558
0.221309  0.000104378
0.245471  6.78934e-05
0.27227  4.44761e-05
0.3  3.0149e-05
0.327341  2.141e-05
0.354813  1.57043e-05
0.384592  1.15915e-05
0.421696  8.25586e-06
0.457088  6.17871e-06
0.49545  4.65735e-06
0.537032  3.53622e-06
0.57544  2.81083e-06
0.609537  2.33397e-06
0.653131  1.88203e-06
0.707946  1.47591e-06
0.767362  1.16614e-06
0.803526  1.02152e-06
0.851138  8.6163e-07
0.901571  7.31633e-07
0.944061  6.46074e-07
0.988553  5.74602e-07
1.03514  5.15265e-07
1.08393  4.65514e-07
1.13501  4.2326e-07
1.20226  3.78604e-07
1.30317  3.27079e-07
1.42889  2.79206e-07
1.51356  2.53355e-07
1.88365  1.72274e-07
2.11349  1.41608e-07
2.39883  1.14968e-07
2.75423  9.22684e-08
3.19889  7.32753e-08
3.71535  5.8625e-08
4.36516  4.64668e-08
5.12861  3.71107e-08
6.09537  2.93984e-08
7.24436  2.34626e-08
8.81049  1.83172e-08
10.8393  1.42071e-08
13.6458  1.08063e-08
18  7.8543e-09
23.4423  5.84589e-09
31.2608  4.2643e-09
42.6579  3.05897e-09
63.8263  2.00344e-09
98.8553  1.27467e-09
175.792  7.08275e-10
350.752  3.52282e-10
699.842  1.75855e-10
5559.04  2.20628e-11
100000  1.2258e-12
-1  -1
6.088e-05   0.0 
6.088e-05  448062
6.16595e-05  437858
6.29e-05  415512
6.45e-05  385980
6.68344e-05  344586
7.5e-05  234046
7.85236e-05  201850
8.22243e-05  175263
8.60994e-05  153368
9.01571e-05  135216
9.5e-05  118130
0.0001  104235
0.000106  91101
0.000112202  80444.5
0.000119  71260.8
0.000126  63842
0.000133352  57700.9
0.000141254  52475.9
0.00015  47874
0.000162  42926.2
0.000177828  37930.5
0.000199526  32810.1
0.000223872  28591.5
0.000350752  16993.5
0.000416869  13832.2
0.000506991  10880.4
0.000609537  8606.65
0.000716143  6967.01
0.000860994  5428.57
0.00102329  4263.48
0.00123027  3269.61
0.00149624  2445.24
0.00183253  1794.57
0.00226464  1288.89
0.00285102  892.2
0.00363078  601.703
0.00462381  402.613
0.0057544  277.803
0.00707946  194.001
0.00860994  137.172
0.0104713  96.2646
0.012735  67.036
0.0154882  46.3158
0.0186209  32.465
0.0223872  22.5915
0.0281838  14.2243
0.0327341  10.4611
0.039355  7.11025
0.0473151  4.79471
0.0568853  3.20774
0.0691831  2.07588
0.0831764  1.36819
0.103514  0.826298
0.133352  0.456955
0.16788  0.265047
0.25704  0.0964482
0.319889  0.0577566
0.389045  0.0367797
0.462381  0.0248789
0.530884  0.018313
0.616595  0.0132345
0.716143  0.00963305
0.841395  0.00689789
0.954993  0.00534074
1.16145  0.0036373
1.30317  0.00291658
1.47911  0.00230444
1.6788  0.00183588
1.92752  0.00144416
2.18776  0.00116643
2.48313  0.000948701
2.85102  0.00076285
3.31131  0.000606899
3.84592  0.000486371
4.51856  0.000386143
5.30884  0.000308879
6.30957  0.000245065
7.58578  0.000193001
9.22571  0.000150956
11.3501  0.000117292
14.2889  8.93586e-05
18.4077  6.6822e-05
23.7137  5.03659e-05
31.6228  3.67473e-05
44.157  2.57321e-05
66.8344  1.66632e-05
108.393  1.01195e-05
190.546  5.69542e-06
380.189  2.834e-06
1513.56  7.08167e-07
23988.3  4.45895e-08
100000  1.0696e-08
-1  -1
3.879e-05   0.0 
3.879e-05  1.08815e+07
3.91e-05  1.03485e+07
3.94e-05  9.89476e+06
4e-05  9.1034e+06
4.0738e-05  8.30628e+06
4.15e-05  7.63196e+06
4.2295e-05  7.0393e+06
4.33e-05  6.41668e+06
4.45e-05  5.8051e+06
4.5986e-05  5.18362e+06
4.8e-05  4.50806e+06
5.12861e-05  3.66995e+06
6.0256e-05  2.24103e+06
7.76247e-05  1.02072e+06
8.70964e-05  718706
0.000105925  400521
0.000146218  153974
0.000172  95781.8
0.000197242  64629.3
0.000222  46341.2
0.000245471  35167.3
0.000269154  27498.9
0.000291743  22335.5
0.000312608  18804.8
0.000335  15927.5
0.00036  13493.1
0.000385  11638.7
0.000412098  10097.2
0.000436516  9007.5
0.000467735  7911.82
0.000501187  7000.48
0.000537032  6241.37
0.00057544  5603.54
0.000623735  4981.48
0.000676083  4460.44
0.00074131  3961.29
0.000831764  3444.87
0.000966051  2899.46
0.00141254  1892.84
0.0016788  1549.34
0.00197242  1276.39
0.00229087  1058.37
0.00266073  871.297
0.00309029  711.992
0.00358922  577.35
0.00412097  472.367
0.00473151  383.698
0.0054325  309.328
0.00623735  247.445
0.00707946  200.245
0.00803526  160.906
0.00912011  128.428
0.0103514  101.806
0.011749  80.1591
0.0134896  61.2883
0.0162181  42.4069
0.0184077  32.735
0.020893  25.0089
0.0239883  18.4953
0.0275423  13.5753
0.0323594  9.38355
0.0375837  6.60783
0.0436516  4.61743
0.0512861  3.1134
0.060256  2.08335
0.0716143  1.3439
0.0870964  0.81112
0.107152  0.471563
0.146218  0.206892
0.231739  0.0608669
0.285102  0.0353204
0.338844  0.0225905
0.398107  0.0149949
0.457088  0.0106268
0.524807  0.00758758
0.595662  0.00561341
0.668344  0.00429892
0.749894  0.00331471
0.860994  0.00244561
0.944061  0.00201043
1.02329  0.00170527
1.16145  0.00132762
1.28825  0.00108879
1.46218  0.000861828
1.6788  0.000672788
1.92752  0.000529094
2.18776  0.000427358
2.51189  0.000341237
2.88403  0.000274547
3.34965  0.000218542
3.89045  0.000175236
4.57088  0.000139195
5.37032  0.000111403
6.38263  8.84353e-05
7.67361  6.96808e-05
9.33254  5.45238e-05
11.4815  4.23834e-05
14.4544  3.23038e-05
18.6209  2.41663e-05
24  1.821e-05
32.3594  1.31321e-05
47.3151  8.76361e-06
74.131  5.48209e-06
133.352  2.99909e-06
266.072  1.4885e-06
530.884  7.4198e-07
4216.97  9.29946e-08
100000  3.9187e-09
-1  -1
2.51e-05   0.0 
2.51e-05  3.07374e+07
2.52e-05  2.96863e+07
2.56e-05  2.68098e+07
2.60016e-05  2.4415e+07
2.63027e-05  2.28576e+07
2.69e-05  2.02595e+07
2.75e-05  1.81331e+07
2.81838e-05  1.61463e+07
2.9e-05  1.4215e+07
2.98538e-05  1.25725e+07
3.0903e-05  1.09384e+07
3.23e-05  9.228e+06
3.4e-05  7.6396e+06
3.63078e-05  6.05071e+06
3.9355e-05  4.5814e+06
4.5e-05  2.91152e+06
5.12861e-05  1.88431e+06
5.62341e-05  1.39534e+06
6.09537e-05  1.07954e+06
6.53131e-05  871731
7e-05  708048
7.5e-05  579824
8e-05  484516
8.51138e-05  410691
9.01571e-05  354558
9.54993e-05  308093
0.000101158  269484
0.000107152  237259
0.000113501  210195
0.000121619  183132
0.000130317  160757
0.00014  141473
0.00015  125933
0.000162181  111237
0.000175792  98623.5
0.000192753  86613.5
0.000216272  74237.5
0.000248313  62192.2
0.000298538  49578.6
0.000431519  31679.1
0.000530884  24448.6
0.000638263  19271.3
0.000752136  15476
0.000881049  12436.9
0.00103514  9878.81
0.00121619  7785.7
0.00141254  6194.06
0.00165959  4805.55
0.00194984  3700.64
0.00229087  2828.85
0.00269154  2146.45
0.0031989  1583.94
0.00375837  1183.7
0.00436516  896.676
0.00506991  674.274
0.00588844  503.132
0.006795  377.362
0.00785236  279.895
0.00901571  208.895
0.0107152  143.63
0.0123027  105.695
0.0141254  77.1882
0.0158489  59.0034
0.0179887  43.5953
0.0206538  31.0981
0.0237137  22.0141
0.027227  15.4674
0.0312608  10.7889
0.0358922  7.47265
0.0412098  5.14049
0.047863  3.40195
0.0562341  2.16377
0.0653131  1.41145
0.0785236  0.827503
0.0966051  0.450011
0.123027  0.21898
0.201837  0.0497405
0.248313  0.0268971
0.295121  0.0162312
0.342768  0.0105544
0.39355  0.00714712
0.446684  0.00503685
0.501187  0.00368942
0.562341  0.00272168
0.623735  0.00208363
0.691831  0.001606
0.767362  0.00124611
0.870964  0.000918433
0.933254  0.000782426
0.988553  0.000688587
1.05925  0.000595349
1.14815  0.000506483
1.25  0.00043043
1.38038  0.000358804
1.75792  0.000233464
2  0.00018684
2.26464  0.000151816
2.60016  0.000121461
3  9.7163e-05
3.46737  7.80539e-05
4.02717  6.26886e-05
4.73151  4.98788e-05
5.55904  3.99817e-05
6.60693  3.17851e-05
7.94328  2.50817e-05
9.66051  1.96519e-05
11.885  1.52952e-05
14.7911  1.18291e-05
18.8365  8.97128e-06
24.5471  6.67929e-06
33.8844  4.69968e-06
51.2861  3.0277e-06
81.2831  1.87436e-06
151.356  9.91284e-07
301.995  4.92572e-07
602.56  2.45687e-07
4786.3  3.08116e-08
100000  1.4737e-09
-1  -1
5.71e-06   0.0 
5.71e-06  1.05473e+07
5.86e-06  9.78872e+06
6.7e-06  6.46188e+06
7.7e-06  4.22988e+06
8.81049e-06  2.8285e+06
1.01158e-05  1.88656e+06
1.16145e-05  1.26708e+06
1.36458e-05  803243
1.58489e-05  530043
1.86209e-05  341276
2.15e-05  232128
2.42661e-05  168862
2.75423e-05  121951
3.05492e-05  94064.2
3.38844e-05  73090.3
3.71535e-05  58813.2
4.0738e-05  47628.3
4.46684e-05  38844.8
4.9e-05  31882.6
5.4325e-05  25790.2
5.95662e-05  21493.2
6.53131e-05  18042.5
7.24436e-05  14932.6
7.94328e-05  12712.7
8.81049e-05  10690.1
9.8e-05  9008.3
0.000112202  7315.61
0.000124452  6272.81
0.000141254  5234.2
0.000156675  4544.85
0.000179887  3794.5
0.000211349  3088.14
0.000278612  2146.37
0.00040738  1296.81
0.000501187  988.98
0.000638263  710.336
0.000822243  500.236
0.000966051  396.858
0.00123027  278.02
0.00151356  203.457
0.00188365  145.033
0.00237137  100.733
0.00286127  74.412
0.00312608  64.0701
0.00506991  28.6249
0.00609537  20.9467
0.00749894  14.5876
0.00922571  10.0811
0.0112202  7.05733
0.0136458  4.90279
0.0165959  3.37957
0.0199526  2.36382
0.0239883  1.64146
0.0288403  1.13136
0.0346737  0.773018
0.0416869  0.524086
0.0501187  0.352525
0.060256  0.235339
0.0732824  0.151876
0.0901571  0.0947468
0.107152  0.0635454
0.139637  0.0341219
0.269153  0.00721105
0.334965  0.00432403
0.4  0.0028755
0.473151  0.00197044
0.549541  0.00141669
0.630957  0.00105166
0.732824  0.000767466
0.841395  0.000578004
0.966051  0.000438441
1.20226  0.000286031
1.36458  0.000224844
1.53109  0.000181824
1.7378  0.000145142
2  0.00011394
2.26464  9.25881e-05
2.60016  7.40738e-05
3  5.9251e-05
3.46737  4.75985e-05
4.02717  3.82287e-05
4.73151  3.04166e-05
5.55904  2.43813e-05
6.60693  1.93832e-05
7.94328  1.5295e-05
9.66051  1.19843e-05
11.885  9.32737e-06
14.7911  7.21381e-06
18.8365  5.47081e-06
24.5471  4.07317e-06
33.8844  2.86598e-06
51.2861  1.84636e-06
82.2243  1.12948e-06
153.109  5.97466e-07
305.492  2.96911e-07
609.537  1.48106e-07
4841.72  1.85744e-08
100000  8.9871e-10
-1  -1
-2   0.0 
-2  -2
