% -----------------------------------------------------------------------
%   Program Name: pe-ss-cs-55.dat 
%   Author: the Geant4 Collaboration
%   Organization: the Geant4 Collaboration
%   Version: unknown
%   Date: circa 2006
%   Class: Public
%   Copyright (c) Copyright Holders of the Geant4 Collaboration, 1994-2006.
%   See http://cern.ch/geant4/license for details on the copyright holders.
%   All rights not expressly granted under this license are reserved.
% -----------------------------------------------------------------------
0.035985   0.0 
0.035985  5612.43
0.0363078  5500.68
0.0368  5318.2
0.0371535  5202.92
0.0380189  4887.7
0.0395  4447.6
0.0431519  3525.9
0.048  2677.02
0.054325  1926
0.0676083  1065.03
0.085  565.922
0.108393  286.152
0.164059  88.2848
0.218776  39.0829
0.265  22.8694
0.30903  14.9847
0.354813  10.3238
0.402717  7.39016
0.451856  5.49035
0.506991  4.10865
0.562341  3.18769
0.623735  2.48975
0.691831  1.95826
0.767362  1.55092
0.851138  1.23779
0.933254  1.02008
1.02329  0.846574
1.1749  0.64543
1.30317  0.529837
1.46218  0.428508
1.64059  0.348997
1.86209  0.280604
2.11349  0.227309
2.39883  0.185526
2.7227  0.152503
3.12608  0.12406
3.63078  0.0999772
4.26579  0.0798645
5.01187  0.0642627
5.95662  0.0513167
7.16143  0.0406755
8.81049  0.0315749
11  0.024277
14.1254  0.0182048
19.0546  0.0130283
26.3027  0.0091747
37.5837  0.00627577
57.544  0.00402247
96.6051  0.00236099
192.752  0.0011704
384.592  0.000583508
1531.09  0.00014598
100000  2.2317e-06
-1  -1
0.0056849   0.0 
0.0056849  22232
0.00588  21077
0.0060256  20200
0.00616595  19509.3
0.0073  14602.5
0.00776247  13062.4
0.00901571  9912.28
0.00988553  8294.08
0.0116145  6054.82
0.0131826  4675.55
0.015  3576.36
0.0177828  2481.15
0.02  1914.53
0.023  1397.87
0.027227  946.62
0.031989  646.191
0.0375837  437.257
0.044157  293.412
0.0524807  189.687
0.062  123.503
0.074131  77.3531
0.0891251  47.3776
0.109648  27.079
0.142889  13.1251
0.242661  3.06614
0.291743  1.86137
0.338844  1.249
0.389045  0.870137
0.44157  0.629049
0.5  0.460926
0.562341  0.346272
0.630957  0.26366
0.699842  0.207733
0.776247  0.164719
0.860994  0.131583
0.944061  0.108523
1.03514  0.0901315
1.1749  0.0703047
1.30317  0.0577116
1.46218  0.0466736
1.64059  0.0380112
1.86209  0.0305603
2.11349  0.0247556
2.39883  0.0202045
2.7227  0.0166072
3.12608  0.0135088
3.63078  0.0108863
4.26579  0.00869614
5.01187  0.00699737
5.95662  0.00558769
7.16143  0.00442896
8.81049  0.00343807
11  0.0026434
14.1254  0.00198225
19.0546  0.00141862
26.3027  0.000998999
37.5837  0.000683346
57.544  0.000437991
96.6051  0.000257076
192.752  0.000127441
384.592  6.35356e-05
1531.09  1.58951e-05
100000  2.43e-07
-1  -1
0.0053632   0.0 
0.0053632  45263.6
0.005453  43866
0.00555  42236
0.00588844  36347
0.00668344  26094
0.00732824  20336
0.00841395  13885
0.0102329  8025.3
0.0112  6188.8
0.0133352  3719.7
0.0162181  2074.2
0.0188365  1316.1
0.0216272  860.47
0.025768  498.22
0.0312608  270.34
0.0380189  144.37
0.0473151  71.052
0.0623735  28.76
0.121619  3.19448
0.151356  1.56551
0.18197  0.864751
0.213796  0.518091
0.245471  0.336239
0.281838  0.219842
0.319889  0.150021
0.358922  0.106715
0.402717  0.0764515
0.451856  0.0551907
0.501187  0.0414486
0.555904  0.0313446
0.616595  0.0238798
0.676083  0.018879
0.749894  0.0146167
0.831764  0.0114015
0.944061  0.00847516
1  0.0074541
1.07152  0.0064458
1.14815  0.00561377
1.25  0.00477416
1.38038  0.00398406
1.71791  0.0027107
1.94985  0.00218405
2.2131  0.00177432
2.51189  0.00145207
2.88403  0.00117595
3.31131  0.000959448
3.84592  0.000775412
4.51856  0.000621027
5.30884  0.000501025
6.38263  0.00039524
7.76247  0.000309722
9.54993  0.000241173
12.0226  0.000184178
14.6218  0.00014728
19.2752  0.000108201
26.6073  7.62177e-05
38.0189  5.21467e-05
58.2103  3.34312e-05
96.6051  1.98577e-05
192.752  9.84403e-06
384.592  4.90767e-06
1531.09  1.22782e-06
100000  1.877e-08
-1  -1
0.0050061   0.0 
0.0050061  98014
0.00505  95693.5
0.00517  90785.6
0.0054325  79797.8
0.0063  53502
0.007  39836.6
0.00841395  23568.8
0.0098  15169.5
0.0115  9417.32
0.012735  6928.49
0.0154882  3798.23
0.0186209  2133.02
0.022134  1229.68
0.0263027  703.583
0.0312608  399.209
0.0375837  216.436
0.0457088  112.038
0.0562341  55.3882
0.0707946  25.1462
0.11885  4.21658
0.156675  1.6391
0.184077  0.951081
0.213796  0.578003
0.245471  0.36779
0.275423  0.254037
0.30903  0.176733
0.342768  0.128393
0.380189  0.0939495
0.421696  0.0692747
0.462381  0.0532103
0.506991  0.0411541
0.555904  0.0320531
0.609537  0.0251478
0.668344  0.0198839
0.732824  0.0158379
0.822243  0.0120278
0.891251  0.00997462
0.954993  0.00855509
1.01158  0.00757213
1.10918  0.00628215
1.21619  0.00525113
1.33352  0.00442181
1.5  0.00357981
1.71791  0.00281903
1.94985  0.00227176
2.2131  0.00184531
2.51189  0.00151005
2.88403  0.00122284
3.31131  0.000997693
3.84592  0.000806319
4.51856  0.000645778
5.30884  0.000520997
6.38263  0.000410998
7.76247  0.000322069
9.54993  0.000250786
11.885  0.000194087
14.6218  0.000153149
19.2752  0.000112513
26.6073  7.92557e-05
38.0189  5.42257e-05
58.2103  3.47635e-05
97.7237  2.0408e-05
194.984  1.01179e-05
389.045  5.0446e-06
1548.82  1.26208e-06
100000  1.9519e-08
-1  -1
0.0011964   0.0 
0.0011964  67077.2
0.00138038  56257.9
0.00144544  52976
0.0017378  40742.7
0.00201837  32728.4
0.00218776  28855.6
0.00266073  21020.9
0.00298538  17294.3
0.00346737  13345.9
0.00416869  9587.36
0.0048  7388.1
0.00555904  5599.22
0.00660693  4008.11
0.00785236  2844.71
0.00933254  2002.61
0.0109648  1432.51
0.0128825  1017.17
0.015  731.19
0.0175792  514.577
0.0206538  357.394
0.0242661  246.332
0.0285102  168.519
0.0334965  114.423
0.039355  77.1146
0.0462381  51.5897
0.0549541  33.2763
0.0653131  21.2999
0.0785236  13.1309
0.0944061  8.03543
0.120226  4.17688
0.25704  0.52397
0.305492  0.329267
0.354813  0.22158
0.40738  0.154818
0.462381  0.112253
0.5188  0.0843989
0.582103  0.0639366
0.645654  0.0501394
0.716143  0.0395827
0.8  0.030977
0.881049  0.0251576
0.966051  0.0207689
1.08393  0.0165009
1.23027  0.0129044
1.38038  0.0103999
1.54882  0.00844081
1.75792  0.00676198
2  0.0054377
2.26464  0.00444053
2.5704  0.00363839
2.95121  0.00295018
3.38844  0.00240984
3.9355  0.00194976
4.62381  0.00156316
5.4325  0.00126245
6.53131  0.000996882
7.94328  0.000781884
9.77237  0.000609354
12.3027  0.000465686
15  0.00037163
19.2752  0.000280954
26.6073  0.000197912
38.0189  0.000135404
58.8844  8.578e-05
97.7237  5.09605e-05
194.984  2.52648e-05
389.045  1.25968e-05
1548.82  3.1516e-06
100000  4.874e-08
-1  -1
0.0010595   0.0 
0.0010595  104440
0.001079  103156
0.001165  96687
0.00124452  90550.6
0.00133352  83503.2
0.00145  75180.8
0.00158489  66700.8
0.00171791  59372.4
0.00186209  52446.2
0.00204174  45056.2
0.00226464  37784.5
0.00242661  33408.1
0.0027227  26946.8
0.003  22352.4
0.00331131  18327.3
0.00371535  14445.4
0.00412097  11564.6
0.00462381  8973.16
0.005188  6903.42
0.0057544  5420.51
0.00653131  4000.37
0.00732824  3012.59
0.00822243  2254.51
0.00933254  1626.79
0.0107152  1129.81
0.0123027  777.909
0.0141254  531.151
0.0162181  359.786
0.0186209  241.861
0.0215  158.777
0.025  101.336
0.0291743  63.4872
0.0342768  38.6753
0.040738  22.5734
0.0489779  12.6128
0.0609537  6.26691
0.081283  2.47444
0.131826  0.516424
0.165959  0.246564
0.197242  0.142576
0.242661  0.0748112
0.278612  0.0490144
0.312608  0.0346778
0.354813  0.0238784
0.4  0.0168998
0.446684  0.0123757
0.5  0.00907038
0.555904  0.00682477
0.616595  0.00520623
0.683912  0.0040021
0.758578  0.00310002
0.860994  0.00228532
0.922571  0.00194651
0.977237  0.00171218
1.04713  0.0014791
1.13501  0.00125728
1.23027  0.00107658
1.34896  0.000908258
1.62181  0.000654939
1.84077  0.00052599
2.06538  0.00043378
2.34423  0.000353558
2.66072  0.000290242
3.05492  0.000235793
3.54813  0.000189792
4.16869  0.000151449
4.89779  0.000121737
5.82103  9.71128e-05
7  7.6883e-05
8.51138  6.04794e-05
10.5925  4.66176e-05
13.8038  3.43316e-05
18.8365  2.42419e-05
26.3027  1.68562e-05
37.5837  1.15304e-05
57.544  7.39046e-06
95.4993  4.38915e-06
190.546  2.17562e-06
380.189  1.0846e-06
1513.56  2.71324e-07
100000  4.1003e-09
-1  -1
0.00099068   0.0 
0.00099068  268743
0.00104713  247092
0.00107  243979
0.0011  237261
0.00113501  228593
0.0011749  218206
0.00133352  182991
0.00147911  157047
0.00160325  138436
0.0017378  121188
0.00192753  101055
0.00215  83017.2
0.00231739  72039.5
0.00266073  54904.5
0.00291743  45502.5
0.00331131  34818.5
0.00365  28158.5
0.00415  21105.8
0.00462381  16429.6
0.005188  12499.5
0.00588844  9172.53
0.00653131  7075.95
0.00732824  5271.15
0.00841395  3669.32
0.00966051  2531.04
0.0109648  1786.58
0.0124452  1251.86
0.0141254  870.962
0.0160325  601.763
0.0184077  398.991
0.0211349  262.532
0.0242661  171.527
0.0281838  107.351
0.0331131  64.2819
0.0389045  38.1757
0.0462381  21.6738
0.0555904  11.7572
0.0691831  5.64026
0.0922571  2.12591
0.138038  0.540585
0.16788  0.279684
0.197242  0.163667
0.229087  0.100194
0.260016  0.0666124
0.291743  0.0462662
0.327341  0.0323622
0.363078  0.0236239
0.402717  0.0173734
0.44157  0.0133137
0.484172  0.0102697
0.530884  0.00797571
0.582103  0.00623759
0.638263  0.00491403
0.699842  0.00390008
0.767362  0.00311835
0.851138  0.00244128
0.912011  0.00208559
0.977237  0.00179386
1.05925  0.00151854
1.16145  0.00126477
1.2735  0.00106106
1.41254  0.000877887
1.6788  0.000646537
1.90546  0.000520325
2.16272  0.000422036
2.45471  0.000344905
2.81838  0.000278941
3.23594  0.000227314
3.75837  0.000183506
4.4157  0.000146815
5.188  0.00011832
6.16595  9.46257e-05
7.4131  7.51053e-05
9.12011  5.83798e-05
11.3501  4.51107e-05
14.2889  3.46318e-05
19.0546  2.5108e-05
26.3027  1.76809e-05
37.5837  1.20941e-05
57.544  7.75197e-06
95.4993  4.60382e-06
190.546  2.28201e-06
380.189  1.13764e-06
1513.56  2.84594e-07
100000  4.3009e-09
-1  -1
0.0007477   0.0 
0.0007477  1.6311e+06
0.00075075  1.63402e+06
0.0007539  1.62417e+06
0.0007573  1.60095e+06
0.0007608  1.56592e+06
0.000765  1.51272e+06
0.000767361  1.47867e+06
0.00077  1.4228e+06
0.000776247  1.29383e+06
0.000779  1.24644e+06
0.000782  1.20327e+06
0.000785236  1.16563e+06
0.000789  1.13138e+06
0.000794328  1.09448e+06
0.000805  1.03857e+06
0.000824  954828
0.000835  916280
0.000847  882596
0.000901571  762922
0.000977237  638882
0.00104713  545224
0.00113501  449507
0.00121619  378954
0.00131826  308504
0.00142889  249593
0.00158489  188946
0.00171791  150917
0.00197242  101790
0.00216272  77699.1
0.00248313  51409.3
0.00275423  37416
0.00309029  26136.1
0.0035  17570.5
0.0039  12365.6
0.00446684  7887.93
0.00506991  5140.6
0.00568853  3460.55
0.00645654  2223.57
0.0074131  1361.15
0.00851138  826.168
0.0098  492.1
0.0112202  296.874
0.0128825  175.823
0.0147911  103.369
0.0171791  57.6974
0.02  31.665
0.0234423  16.8008
0.0281838  7.98967
0.0338844  3.77061
0.042658  1.4628
0.0794328  0.111843
0.1  0.0434519
0.120226  0.0205359
0.141254  0.0107371
0.164059  0.00592436
0.188365  0.0034479
0.213796  0.00211434
0.239883  0.00136461
0.269153  0.00088716
0.300006  0.000595555
0.331131  0.000417382
0.367282  0.000289473
0.40738  0.00020231
0.446684  0.000148114
0.489779  0.000109208
0.530884  8.42093e-05
0.582103  6.3009e-05
0.645654  4.58068e-05
0.707946  3.47417e-05
0.776247  2.65412e-05
0.803526  2.40255e-05
0.851138  2.02869e-05
0.901571  1.72439e-05
0.944061  1.52393e-05
0.988553  1.35637e-05
1.03514  1.21714e-05
1.08393  1.10011e-05
1.13501  1.00048e-05
1.20226  8.95013e-06
1.30317  7.73245e-06
1.42889  6.60233e-06
1.51356  5.99361e-06
1.84077  4.26154e-06
2.044  3.5729e-06
2.31739  2.91549e-06
2.63027  2.39187e-06
3.01995  1.94193e-06
3.50752  1.56214e-06
4.12097  1.24589e-06
4.84172  1.00092e-06
5.7544  7.98032e-07
6.91831  6.31676e-07
8.41395  4.96554e-07
10.3514  3.87793e-07
13.3352  2.89139e-07
18.197  2.03907e-07
26.0016  1.38181e-07
37.1535  9.44965e-08
56.8853  6.05557e-08
95.4993  3.5537e-08
190.546  1.76151e-08
380.189  8.78124e-09
1513.56  2.19681e-09
100000  3.3199e-11
-1  -1
0.00073298   0.0 
0.00073298  2.6012e+06
0.00073565  2.60072e+06
0.0007357  2.57185e+06
0.0007465  2.37919e+06
0.0007515  2.31089e+06
0.000754  2.24719e+06
0.0007615  1.99999e+06
0.000765  1.90667e+06
0.000768  1.84161e+06
0.000771  1.78883e+06
0.000774  1.7459e+06
0.000778  1.69989e+06
0.000785236  1.63499e+06
0.000805  1.49156e+06
0.000815  1.4314e+06
0.000824  1.38642e+06
0.000841395  1.31626e+06
0.000891251  1.15024e+06
0.000954993  986556
0.00103  828042
0.00112202  673349
0.00123027  534301
0.00135  419693
0.00153109  299368
0.00165  243158
0.00190546  161128
0.00207  126424
0.00237137  84128
0.00263027  61243.8
0.00295121  42749.3
0.00331131  29615
0.0037224  20245.2
0.00421696  13386.4
0.0047863  8722.7
0.00537032  5868.18
0.0060256  3923.17
0.00683912  2501.45
0.00785236  1518.19
0.00901571  913.44
0.0103514  544.873
0.011749  336.805
0.0133352  206.779
0.0151356  126.135
0.017378  73.0738
0.0201837  40.14
0.0234423  21.8939
0.0278612  10.7965
0.0334965  5.03845
0.04  2.40131
0.0537032  0.694847
0.081283  0.121038
0.1  0.0508138
0.11885  0.024825
0.138038  0.0134422
0.156675  0.00805332
0.177828  0.00486008
0.2  0.00306363
0.223872  0.00197959
0.248313  0.00133515
0.27227  0.000947418
0.298538  0.000677355
0.323594  0.000508584
0.350752  0.000384316
0.384592  0.00028113
0.421696  0.000207191
0.462381  0.000153856
0.506991  0.000115139
0.549541  8.98883e-05
0.588844  7.3141e-05
0.623735  6.19404e-05
0.668344  5.10638e-05
0.724436  4.10777e-05
0.803526  3.1258e-05
0.860994  2.62293e-05
0.912011  2.28e-05
0.966051  1.99472e-05
1.02329  1.75795e-05
1.09648  1.52312e-05
1.1749  1.32913e-05
1.2735  1.14202e-05
1.39637  9.66921e-06
1.7378  6.58577e-06
1.97242  5.30932e-06
2.23872  4.31577e-06
2.54097  3.5341e-06
2.91743  2.86398e-06
3.34965  2.3381e-06
3.89045  1.89067e-06
4.57088  1.51502e-06
5.37032  1.22294e-06
6.45654  9.65208e-07
7.85236  7.56693e-07
9.66051  5.89468e-07
12.1619  4.5033e-07
14.7911  3.60254e-07
19.2752  2.68101e-07
26.6073  1.88859e-07
38.0189  1.29213e-07
58.2103  8.28364e-08
96.6051  4.92034e-08
192.752  2.43919e-08
384.592  1.2161e-08
1531.09  3.04227e-09
100000  4.651e-11
-1  -1
0.00023186   0.0 
0.00023186  125879
0.0002332  132115
0.000234423  136775
0.0002355  140038
0.0002368  143148
0.0002383  145726
0.00024  147642
0.0002418  148770
0.000244  149195
0.000247  148650
0.0003  128743
0.000316228  123387
0.000371535  106110
0.000416869  94097
0.00045  86226.8
0.000512861  73426.6
0.000568853  64267.6
0.000638263  54915.1
0.000724436  45899.1
0.000831764  37390.8
0.000944061  30792.4
0.00110918  23838.9
0.00131826  17957.8
0.00157  13366.8
0.00190546  9554.39
0.00231739  6746.96
0.0028  4786.26
0.00342768  3291.39
0.00416869  2274.41
0.00501187  1594.92
0.0060256  1110.31
0.00724436  766.857
0.00860994  538.03
0.0103514  365.891
0.0123027  253.044
0.0146218  173.707
0.017378  118.318
0.0204174  82.0838
0.0239883  56.5341
0.0285102  37.6152
0.0334965  25.5238
0.039355  17.1956
0.0467735  11.1764
0.0549541  7.4218
0.0660693  4.61151
0.08  2.7906
0.0977237  1.63469
0.125892  0.823526
0.229087  0.159984
0.281838  0.0913026
0.334965  0.0576211
0.384592  0.0401434
0.436516  0.0290193
0.489779  0.0217479
0.549541  0.0164148
0.616595  0.0124843
0.683912  0.00982677
0.758578  0.00778693
0.851138  0.00605739
0.933254  0.00498738
1.02329  0.00413716
1.16145  0.00322484
1.30317  0.00258889
1.46218  0.00209391
1.64059  0.00170528
1.86209  0.00137099
2.11349  0.00111067
2.39883  0.000906513
2.75423  0.000732158
3.16228  0.000595904
3.67282  0.000480501
4.31519  0.000384039
5.06991  0.000309185
6.0256  0.00024702
7.24436  0.000195884
8.91251  0.000152123
11.0917  0.000117448
14.1254  8.89325e-05
19.0546  6.36446e-05
26.3027  4.48192e-05
37.5837  3.06571e-05
57.544  1.96498e-05
95.4993  1.16699e-05
190.546  5.78456e-06
380.189  2.88368e-06
1513.56  7.214e-07
100000  1.0902e-08
-1  -1
0.00018197   0.0 
0.00018197  141289
0.0001835  138110
0.000191  125878
0.000194  122072
0.000197242  118908
0.0002  116859
0.000204174  114642
0.00020893  113033
0.000216272  111599
0.000239883  109000
0.000281838  105426
0.000305492  103058
0.000331131  100093
0.000354813  96944.1
0.000380189  93249.1
0.000412098  88500.8
0.00044157  84134.2
0.000473151  79485.3
0.0005188  73084.7
0.000565  67150
0.000616595  61098.5
0.000683912  54174
0.00075  48324.4
0.000831764  42169
0.000922571  36523.9
0.00103514  30868.1
0.00115  26277
0.00128825  21923.3
0.00145  18013.4
0.00162181  14853
0.00184077  11847.8
0.00207  9539.76
0.00231739  7696.06
0.00260016  6144.3
0.00295121  4761.49
0.00334965  3662.13
0.00375837  2865.65
0.00421696  2228.14
0.00473151  1721.22
0.00530884  1320.93
0.00595662  1007.22
0.00676083  741.715
0.00767361  542.137
0.00870964  393.277
0.01  274.888
0.0113501  196.521
0.0130317  135.222
0.0149624  92.3121
0.0171791  62.5285
0.0197242  42.0441
0.0226464  28.0691
0.0263027  17.9841
0.0305492  11.4399
0.0358922  6.97523
0.042658  4.07493
0.0512861  2.28005
0.0645654  1.09338
0.0912011  0.359364
0.136458  0.0978264
0.16788  0.0504114
0.201837  0.0281655
0.234423  0.0176636
0.269153  0.0115602
0.305492  0.00789054
0.346737  0.00542558
0.389045  0.00388679
0.436516  0.0028047
0.484172  0.00210488
0.537032  0.00159022
0.595662  0.00120992
0.660694  0.000927786
0.732824  0.000716954
0.860994  0.00048573
0.922571  0.000413733
0.977237  0.000364108
1.04713  0.000314895
1.13501  0.000267736
1.23027  0.000229128
1.34896  0.000193253
1.60325  0.000142176
1.84077  0.000111894
2.06538  9.22779e-05
2.34423  7.52124e-05
2.66072  6.17435e-05
3.05492  5.01609e-05
3.54813  4.03752e-05
4.16869  3.22184e-05
4.89779  2.58975e-05
5.82103  2.06585e-05
7  1.6355e-05
8.60994  1.26879e-05
10.7152  9.78401e-06
13.8038  7.30337e-06
18.8365  5.15703e-06
26.3027  3.58593e-06
37.5837  2.45282e-06
57.544  1.57216e-06
96.6051  9.22791e-07
192.752  4.57447e-07
384.592  2.28062e-07
1531.09  5.7057e-08
100000  8.7226e-10
-1  -1
0.00016776   0.0 
0.00016776  427091
0.0001744  378600
0.0001762  370030
0.0001785  361658
0.00018161  353267
0.000185  346898
0.000189  341944
0.000195  337461
0.000218776  325767
0.000251189  309309
0.00027227  298061
0.000295121  285149
0.00032  270970
0.000343  257770
0.000371535  241556
0.00040738  222426
0.00044157  205555
0.000484172  186263
0.000530884  167654
0.000582103  149890
0.000645654  131070
0.000716143  113808
0.0008  97047.2
0.000891251  82499.5
0.001  68833.2
0.00112202  57011.6
0.0012735  45952.6
0.00142889  37496.9
0.00160325  30398.4
0.0018197  23953.6
0.0020893  18308.4
0.0024  13856.8
0.00275423  10415.6
0.00312608  7949.63
0.00354813  6022.59
0.004  4598.52
0.0045  3504.29
0.00506991  2643.27
0.00568853  1999.77
0.00645654  1459.91
0.00732824  1057.76
0.00831764  760.521
0.00954993  526.162
0.0108393  372.632
0.0123027  262.003
0.0139637  182.933
0.0158489  126.854
0.018197  84.4437
0.020893  55.7818
0.0239883  36.5746
0.0278612  22.9714
0.0323594  14.3175
0.0380189  8.53734
0.0446684  5.05312
0.0530884  2.85997
0.0645654  1.4888
0.0851138  0.586142
0.139637  0.109383
0.169824  0.0566968
0.2  0.0329678
0.229087  0.0211376
0.260016  0.0140595
0.291743  0.00977033
0.327341  0.00684063
0.363078  0.004998
0.402717  0.00367803
0.446684  0.00272786
0.489779  0.00210596
0.537032  0.00163719
0.588844  0.00128186
0.645654  0.00101128
0.707946  0.00080376
0.776247  0.000643466
0.860994  0.000503937
0.922571  0.000430759
0.988553  0.000370807
1.07152  0.000314152
1.1749  0.000261872
1.28825  0.000219917
1.42889  0.000182123
1.69824  0.000134228
1.92752  0.000108094
2.18776  8.77307e-05
2.48313  7.17431e-05
2.85102  5.80622e-05
3.27341  4.73448e-05
3.80189  3.82422e-05
4.46684  3.06127e-05
5.24808  2.46847e-05
6.23735  1.97497e-05
7.49894  1.56829e-05
9.22571  1.21959e-05
11.4815  9.42757e-06
14.2889  7.33488e-06
19.0546  5.31773e-06
26.3027  3.74484e-06
37.5837  2.56154e-06
56.8853  1.66158e-06
95.4993  9.75084e-07
190.546  4.83328e-07
380.189  2.40937e-07
1513.56  6.02764e-08
100000  9.1092e-10
-1  -1
8.561e-05   0.0 
8.561e-05  1.13347e+06
8.565e-05  1.17529e+06
8.579e-05  1.34941e+06
8.59e-05  1.51155e+06
8.605e-05  1.77688e+06
8.62e-05  2.1043e+06
8.635e-05  2.51167e+06
8.646e-05  2.87209e+06
8.661e-05  3.47301e+06
8.676e-05  4.23292e+06
8.687e-05  4.9184e+06
8.702e-05  6.0832e+06
8.706e-05  6.52692e+06
8.762e-05  1.05524e+07
8.766e-05  1.09326e+07
8.873e-05  1.55402e+07
8.998e-05  1.59201e+07
9.145e-05  1.40857e+07
9.335e-05  1.04705e+07
9.72e-05  6.35371e+06
9.76e-05  6.0834e+06
9.85e-05  5.63232e+06
0.0001  5.00216e+06
0.000104  3.70709e+06
0.00010613  3.15581e+06
0.000109  2.5326e+06
0.000113501  1.79462e+06
0.000122  967084
0.000128  645280
0.00013269  479364
0.000136458  383090
0.000139  332423
0.0001415  291726
0.0001435  264767
0.000145  247410
0.0001465  232251
0.0001485  215102
0.00015  204299
0.0001515  195081
0.000153109  186781
0.000154882  179338
0.000156675  173427
0.0001585  168890
0.000160324  165667
0.000162181  163573
0.0001643  162458
0.000166  162422
0.000168  163227
0.0001705  165345
0.000173  168494
0.000176  173380
0.00018  181346
0.000186209  195933
0.000199  229458
0.000206538  248926
0.000212  262214
0.000219  277920
0.000226464  292884
0.000234423  306809
0.000243  319566
0.000251189  329669
0.000260016  338406
0.000269154  345254
0.00028  350805
0.000291743  353966
0.000305  354606
0.00031989  352404
0.000335  347764
0.000350752  341025
0.00037  330917
0.000389045  319488
0.00041  305849
0.000436516  287964
0.000462381  270692
0.000489779  252924
0.0005188  234854
0.000555904  213328
0.000595662  192445
0.000638263  172437
0.000685  153094
0.00074131  133024
0.000803526  114438
0.000870964  97692.1
0.00095  81800.8
0.00104713  66434.7
0.00115  53932.8
0.00124452  44982.7
0.00138038  35180.7
0.00153109  27282.2
0.00169824  20991.7
0.00190546  15549.3
0.00213796  11412.6
0.00237137  8574.4
0.00266073  6189.83
0.00295121  4581.63
0.00327341  3368.5
0.00363078  2460.06
0.00402717  1784.58
0.00446684  1285.85
0.005  893.42
0.00562341  606.34
0.00630957  411.634
0.00707946  277.47
0.008  181.145
0.00901571  118.525
0.0102329  75.0727
0.0116145  47.1974
0.0131826  29.4599
0.015  18.0878
0.0171791  10.7539
0.0199526  6.01053
0.0231739  3.33379
0.027227  1.7539
0.0323594  0.874786
0.039355  0.394591
0.0524807  0.121134
0.0831764  0.0182268
0.103514  0.00745707
0.124452  0.00353874
0.146218  0.00185699
0.16788  0.00107571
0.192752  0.00062772
0.218776  0.000385826
0.245471  0.000249564
0.275423  0.00016263
0.305492  0.000111422
0.338844  7.69456e-05
0.375837  5.35106e-05
0.421696  3.60223e-05
0.462381  2.64134e-05
0.506991  1.94976e-05
0.555904  1.44987e-05
0.60256  1.12586e-05
0.653131  8.80033e-06
0.707946  6.92152e-06
0.776247  5.29974e-06
0.860994  3.93197e-06
0.912011  3.35246e-06
0.954993  2.96942e-06
1  2.6479e-06
1.04713  2.3795e-06
1.09648  2.15416e-06
1.14815  1.96246e-06
1.21619  1.75918e-06
1.31826  1.52199e-06
1.51356  1.20308e-06
1.84077  8.55417e-07
2.044  7.172e-07
2.31739  5.85227e-07
2.63027  4.80123e-07
3.01995  3.89812e-07
3.50752  3.13581e-07
4.12097  2.50098e-07
4.84172  2.00922e-07
5.7544  1.60195e-07
6.91831  1.26804e-07
8.41395  9.96742e-08
10.3514  7.78427e-08
13.3352  5.80401e-08
18.197  4.09316e-08
26.0016  2.77372e-08
37.1535  1.89686e-08
56.8853  1.21556e-08
94.4061  7.21788e-09
188.365  3.57739e-09
375.837  1.7832e-09
1496.24  4.4608e-10
100000  6.6641e-12
-1  -1
8.324e-05   0.0 
8.324e-05  2.39722e+06
8.4333e-05  4.50895e+06
8.44e-05  4.61785e+06
8.732e-05  9.16048e+06
9.1e-05  1.11622e+07
9.16e-05  1.0826e+07
9.3e-05  1.04062e+07
9.42e-05  1.00055e+07
9.5e-05  9.53895e+06
9.66051e-05  8.28825e+06
9.85e-05  7.11588e+06
0.000101158  5.79215e+06
0.000103514  4.82076e+06
0.000106  3.96165e+06
0.000109648  2.96749e+06
0.0001205  1.30949e+06
0.000126  894582
0.000130317  675317
0.000133352  560708
0.0001358  486925
0.000138038  431594
0.00014  391283
0.0001415  364982
0.0001435  335308
0.000145  316663
0.0001465  300779
0.00014828  285141
0.00015  272981
0.0001515  264482
0.000153109  257313
0.000154882  251489
0.000156675  247554
0.000158489  245329
0.00016066  244679
0.0001627  245787
0.000165  248728
0.00016788  254505
0.0001705  261398
0.000174  272498
0.000178  287125
0.000193  350031
0.0002  379454
0.000206538  405335
0.000212  425354
0.000219  448598
0.000226464  470294
0.000234423  490015
0.000243  507614
0.000251189  521187
0.000260016  532556
0.000269154  541000
0.00028  547169
0.000291743  549680
0.000305  548160
0.00032  542179
0.000335  532999
0.000350752  520909
0.00037  503564
0.000389045  484414
0.000412098  459915
0.000436516  433697
0.000462381  406412
0.000489779  378565
0.0005188  350639
0.000555904  317523
0.0006  282322
0.000645654  250364
0.0007  217412
0.000758578  187599
0.000822243  160556
0.000891251  136472
0.000977237  112457
0.00107  92166
0.00116145  76548.6
0.00128825  60031.8
0.00142889  46675.5
0.00158489  35993.2
0.0017378  28379.2
0.00190546  22246
0.0020893  17337.6
0.00229087  13435.9
0.00254097  10018.4
0.00281838  7417.25
0.00312608  5453.38
0.00346737  3981.76
0.00384592  2887.48
0.0042658  2079.78
0.00473151  1488.11
0.00530884  1018.18
0.00595662  691.244
0.00668344  465.635
0.00749894  311.408
0.00851138  198.498
0.00966051  125.519
0.0109648  78.7531
0.0124452  49.0411
0.0141254  30.3165
0.0160325  18.6061
0.0184077  10.8392
0.0211349  6.26829
0.0245471  3.43709
0.0288403  1.7856
0.0338844  0.920985
0.0412098  0.408149
0.081283  0.023623
0.101158  0.00949461
0.120226  0.00465309
0.139637  0.00252626
0.160325  0.0014483
0.18197  0.000876288
0.204174  0.00055905
0.226464  0.000375539
0.251189  0.000254073
0.275423  0.000180707
0.301995  0.000129395
0.331131  9.33293e-05
0.358922  7.05698e-05
0.389045  5.36969e-05
0.421696  4.11363e-05
0.457088  3.17319e-05
0.49545  2.46485e-05
0.537032  1.92876e-05
0.582103  1.51988e-05
0.630957  1.20574e-05
0.683912  9.62932e-06
0.74131  7.7422e-06
0.851138  5.3889e-06
0.901571  4.66049e-06
0.954993  4.05795e-06
1  3.6536e-06
1.05925  3.2279e-06
1.13501  2.804e-06
1.21619  2.45357e-06
1.31826  2.11523e-06
1.46218  1.76234e-06
1.79887  1.22734e-06
2.01837  1.01046e-06
2.29087  8.2243e-07
2.60016  6.74303e-07
2.98538  5.47133e-07
3.46737  4.39864e-07
4.0738  3.50622e-07
4.7863  2.81531e-07
5.62341  2.27713e-07
6.76083  1.8007e-07
8.22243  1.41434e-07
10.1158  1.1036e-07
13.0317  8.22251e-08
17.1791  6.0213e-08
21.6272  4.67481e-08
27.5423  3.59805e-08
39.355  2.46343e-08
60.9537  1.56151e-08
101.158  9.28124e-09
201.837  4.60288e-09
402.717  2.29542e-09
1603.24  5.74375e-10
100000  9.1952e-12
-1  -1
3.097e-05   0.0 
3.097e-05  31993
3.12608e-05  32643.4
3.17e-05  33922.2
3.21e-05  35352.2
3.25e-05  37006
3.31131e-05  39943.7
3.54813e-05  54130.9
3.65e-05  60943.4
3.73e-05  66367.8
3.83e-05  73103.8
3.92e-05  79024.4
4e-05  84109.4
4.11e-05  90758.6
4.22e-05  96958
4.33e-05  102672
4.45e-05  108338
4.57088e-05  113456
4.72e-05  118976
4.85e-05  123127
5.01187e-05  127492
5.188e-05  131328
5.4e-05  134854
5.62341e-05  137491
5.88844e-05  139468
6.16595e-05  140487
6.5e-05  140628
6.9e-05  139652
7.32824e-05  137641
7.8e-05  134635
8.31764e-05  130681
8.91251e-05  125592
9.54993e-05  119796
0.000102329  113460
0.000110918  105655
0.000121619  96573.2
0.000136458  85581.7
0.000154882  74375.1
0.00017378  65022.6
0.000195  56394.6
0.000226464  46455
0.000266073  37441.9
0.00030903  30419.7
0.000384592  22248.5
0.000451856  17546.7
0.00055  13029.6
0.000668344  9611.28
0.000785236  7421.99
0.000933254  5585.65
0.00112202  4092.76
0.00136458  2918.76
0.00169824  1984.02
0.00211349  1338.07
0.00263027  895.266
0.00327341  594.378
0.0040738  391.487
0.005  262.868
0.0060256  181.593
0.00732824  122.132
0.00891251  81.5022
0.0113501  49.0089
0.0134896  33.8344
0.0156675  24.3702
0.0184077  16.9776
0.0218776  11.4347
0.025704  7.85011
0.0301995  5.35099
0.0354813  3.62077
0.0421697  2.36414
0.0501187  1.53155
0.0595662  0.984035
0.0716143  0.609228
0.0841395  0.397939
0.103514  0.228137
0.136458  0.107688
0.245471  0.0216461
0.295121  0.01317
0.346737  0.00858569
0.4  0.0059197
0.451856  0.00434061
0.506991  0.00325975
0.568853  0.00246593
0.630957  0.00193104
0.699842  0.00152229
0.776247  0.00120819
0.870964  0.000941396
0.954993  0.00077654
1.05925  0.000630719
1.20226  0.000492575
1.33352  0.00040492
1.5  0.00032647
1.69824  0.000262138
1.92752  0.000211196
2.18776  0.000171449
2.48313  0.000140209
2.85102  0.000113465
3.27341  9.25183e-05
3.80189  7.47305e-05
4.46684  5.98205e-05
5.24808  4.82364e-05
6.23735  3.85933e-05
7.49894  3.06452e-05
9.22571  2.38319e-05
11.4815  1.8422e-05
14.4544  1.41485e-05
19.0546  1.03916e-05
26.3027  7.31775e-06
37.5837  5.00561e-06
57.544  3.20831e-06
96.6051  1.88313e-06
192.752  9.33528e-07
384.592  4.65405e-07
1531.09  1.16434e-07
100000  1.78e-09
-1  -1
1.827e-05   0.0 
1.827e-05  2.54972e+07
1.85e-05  2.3277e+07
1.88365e-05  2.0568e+07
1.92e-05  1.8174e+07
1.95e-05  1.65253e+07
1.99526e-05  1.44534e+07
2.04174e-05  1.27326e+07
2.09e-05  1.1265e+07
2.15e-05  9.77776e+06
2.21309e-05  8.51836e+06
2.29087e-05  7.28026e+06
2.37137e-05  6.26243e+06
2.47e-05  5.27812e+06
2.583e-05  4.40499e+06
2.73e-05  3.54974e+06
2.91743e-05  2.76344e+06
3.16228e-05  2.05624e+06
3.54813e-05  1.35989e+06
4.16869e-05  769146
4.67735e-05  514956
5.06991e-05  391443
5.4325e-05  311538
5.7544e-05  259230
6.09537e-05  217231
6.4e-05  188197
6.76083e-05  161332
7.07946e-05  142642
7.4131e-05  126855
7.8e-05  112215
8.22243e-05  99590.5
8.65e-05  89456.8
9.12011e-05  80596.6
9.54993e-05  74076.8
0.0001  68480.4
0.000105925  62551.4
0.000112202  57582.5
0.00011941  53065.1
0.00012735  49112.7
0.000138038  44928.2
0.000153109  40427.4
0.000175792  35439.5
0.000234423  27101.5
0.000275423  23170.8
0.000316228  20121
0.000371535  16927.2
0.00042  14740.7
0.000473151  12795.6
0.000537032  10931.2
0.00060256  9409.55
0.000683912  7922.68
0.000767361  6727.6
0.000870964  5576.88
0.000977237  4669.18
0.00110918  3812.1
0.00125892  3089.38
0.00142889  2485.55
0.00162181  1985.68
0.00184077  1575.31
0.00211349  1214.22
0.00239883  949.712
0.0027227  737.669
0.00309029  568.934
0.00350752  435.66
0.004  327.754
0.00451856  249.916
0.00512861  187.166
0.00582103  139.091
0.00660693  102.572
0.00749894  75.0803
0.00841395  56.1699
0.01  36.0388
0.0113501  25.7861
0.0128825  18.3163
0.0147911  12.5139
0.0169824  8.48598
0.0194985  5.71242
0.0223872  3.81772
0.0260016  2.4486
0.0301995  1.55909
0.0354813  0.951525
0.0421697  0.556366
0.0506991  0.311552
0.0630957  0.155103
0.0860994  0.0570237
0.136458  0.0128944
0.169824  0.00640719
0.204174  0.00358198
0.237137  0.00224776
0.27227  0.00147197
0.30903  0.00100531
0.350752  0.000691667
0.39355  0.000495788
0.44157  0.000357988
0.489779  0.000268836
0.54325  0.000203254
0.60256  0.000154772
0.668344  0.000118768
0.74131  9.18436e-05
0.860994  6.39993e-05
0.922571  5.45171e-05
0.977237  4.79815e-05
1.04713  4.14994e-05
1.13501  3.52857e-05
1.23027  3.01974e-05
1.34896  2.54683e-05
1.60325  1.87347e-05
1.8197  1.50361e-05
2.044  1.2371e-05
2.31739  1.00961e-05
2.63027  8.28258e-06
3.01995  6.72381e-06
3.50752  5.4088e-06
4.12097  4.31378e-06
4.84172  3.46565e-06
5.7544  2.76317e-06
6.91831  2.18711e-06
8.41395  1.71932e-06
10.3514  1.34268e-06
13.3352  1.00115e-06
18.197  7.06028e-07
26.0016  4.78438e-07
37.1535  3.27186e-07
56.8853  2.09666e-07
95.4993  1.23042e-07
190.546  6.09901e-08
380.189  3.04039e-08
1513.56  7.60625e-09
100000  1.1495e-10
-1  -1
1.643e-05   0.0 
1.643e-05  5.43456e+07
1.68e-05  4.66524e+07
1.71e-05  4.15588e+07
1.75e-05  3.60218e+07
1.78e-05  3.25887e+07
1.83e-05  2.78917e+07
1.87e-05  2.48416e+07
1.92753e-05  2.12731e+07
1.99526e-05  1.79753e+07
2.07e-05  1.5145e+07
2.15e-05  1.27862e+07
2.23872e-05  1.07459e+07
2.35e-05  8.78728e+06
2.48313e-05  7.0463e+06
2.65e-05  5.475e+06
2.85102e-05  4.15619e+06
3.0903e-05  3.08977e+06
3.4e-05  2.19108e+06
3.71535e-05  1.60314e+06
4.02717e-05  1.21535e+06
4.31519e-05  965418
4.57088e-05  802131
4.8e-05  689244
5.01187e-05  605936
5.24807e-05  531248
5.5e-05  467752
5.7544e-05  416473
6.0256e-05  372528
6.30957e-05  335462
6.60693e-05  304058
6.91831e-05  277321
7.3e-05  250934
7.67362e-05  230149
8.15e-05  208920
8.60994e-05  192554
9.12011e-05  177845
9.8e-05  162268
0.000105925  148139
0.000116145  134062
0.000131826  117895
0.000186209  84041.8
0.000216272  72078.3
0.000251189  61358.3
0.000288403  52515.7
0.000331131  44625.7
0.000384592  37147.4
0.000431519  32067.6
0.00049294  26843.1
0.000555904  22718.9
0.000638263  18603.6
0.000724436  15377
0.000822243  12613.3
0.000933254  10268.2
0.00105925  8296.14
0.001205  6629.53
0.00138038  5193.38
0.00158489  4019.28
0.00179887  3155.42
0.00206538  2404.86
0.00234423  1861.9
0.00266073  1431.74
0.00301995  1093.35
0.00342768  829.134
0.00389045  624.207
0.0044157  466.401
0.00501187  345.87
0.00568853  254.56
0.00638264  191.318
0.00724436  138.696
0.00822243  99.8056
0.00933254  71.3076
0.0105925  50.5835
0.0120226  35.6298
0.0136458  24.9229
0.0154882  17.3139
0.0177828  11.5466
0.0204174  7.64122
0.0234423  5.01876
0.027227  3.15775
0.0316228  1.97134
0.0371535  1.17721
0.044157  0.672013
0.05188  0.39546
0.0638264  0.1982
0.0831764  0.0812495
0.146218  0.0120273
0.175792  0.00649091
0.20893  0.0036684
0.239883  0.00233971
0.27227  0.00156061
0.305492  0.00108771
0.338844  0.000791214
0.375837  0.000579482
0.416869  0.000427599
0.457088  0.00032857
0.501187  0.000254157
0.549541  0.000197986
0.60256  0.000155335
0.660694  0.000122798
0.724436  9.77931e-05
0.794328  7.845e-05
0.870964  6.32182e-05
0.933254  5.41225e-05
1  4.6668e-05
1.09648  3.8687e-05
1.20226  3.23098e-05
1.31826  2.71807e-05
1.47911  2.20824e-05
1.71791  1.69649e-05
1.94985  1.36712e-05
2.2131  1.11025e-05
2.51189  9.08521e-06
2.88403  7.35806e-06
3.31131  6.0036e-06
3.84592  4.85204e-06
4.51856  3.88596e-06
5.30884  3.13506e-06
6.38263  2.47316e-06
7.76247  1.93806e-06
9.54993  1.50912e-06
12.0226  1.15248e-06
14.6218  9.21589e-07
19.2752  6.77042e-07
26.6073  4.76917e-07
38.0189  3.26305e-07
58.2103  2.09193e-07
96.6051  1.24254e-07
192.752  6.15976e-08
384.592  3.07093e-08
1531.09  7.68286e-09
100000  1.1745e-10
-1  -1
3.69e-06   0.0 
3.69e-06  501838
3.71535e-06  485584
3.77e-06  450512
3.96e-06  343664
4.21696e-06  241134
4.5e-06  165703
4.7863e-06  115121
5.12861e-06  76051.3
5.62341e-06  43636.8
5.88844e-06  33241.1
6.1e-06  27157.9
6.27e-06  23340.9
6.42e-06  20602.5
6.55e-06  18623.5
6.7e-06  16719.6
6.85e-06  15155.9
7e-06  13874.2
7.1e-06  13152.5
7.24436e-06  12269.9
7.35e-06  11727.2
7.5e-06  11083.9
7.65e-06  10567.2
7.77e-06  10230.6
7.92e-06  9890.48
8.05e-06  9657.28
8.22243e-06  9421.15
8.42e-06  9234.02
8.60994e-06  9120.53
8.85e-06  9048.37
9.12011e-06  9037.15
9.44061e-06  9089.13
9.88553e-06  9229.82
1.16145e-05  9902.89
1.25892e-05  10187
1.36458e-05  10403.7
1.49624e-05  10573.2
1.64059e-05  10662.6
1.8197e-05  10671.1
2.21309e-05  10564.5
2.60016e-05  10400.6
3.23594e-05  10115.6
3.84592e-05  9801.72
4.2658e-05  9566.4
4.73151e-05  9267.12
5.188e-05  8952.04
5.55904e-05  8671.72
6.0256e-05  8297.84
6.5e-05  7905.08
6.91831e-05  7546.91
7.4131e-05  7121.48
7.94328e-05  6675.36
8.51138e-05  6210.86
9.22571e-05  5663.94
0.0001  5125.76
0.000110918  4464.98
0.000124452  3798.49
0.000156675  2717.8
0.000204174  1863.96
0.000269154  1270.54
0.000301995  1077.64
0.000530884  455.369
0.000609537  366.462
0.000841395  216.585
0.00103514  152.797
0.0012735  106.926
0.00156675  74.2659
0.00194984  50.1615
0.00245471  32.9553
0.00305492  21.9422
0.00380189  14.4951
0.00467735  9.71662
0.00568853  6.61106
0.00683912  4.56715
0.00822243  3.13174
0.00988553  2.13123
0.011885  1.43922
0.0141254  0.988686
0.016788  0.674105
0.0199526  0.456056
0.0234423  0.314346
0.0275423  0.215138
0.0323594  0.146181
0.0380189  0.0986139
0.0451856  0.0641854
0.0530884  0.0426797
0.0638264  0.0265519
0.0776247  0.0159042
0.0922571  0.010038
0.116145  0.00539029
0.248313  0.00067763
0.298538  0.000412666
0.346737  0.000277561
0.398107  0.000193848
0.451856  0.000140534
0.506991  0.000105643
0.568853  8.00111e-05
0.630957  6.27426e-05
0.699842  4.9551e-05
0.776247  3.94202e-05
0.851138  3.23801e-05
0.944061  2.61406e-05
1.05925  2.078e-05
1.21619  1.58839e-05
1.36458  1.27833e-05
1.53109  1.03591e-05
1.71791  8.45886e-06
1.94985  6.82047e-06
2.2131  5.54039e-06
2.51189  4.53377e-06
2.88403  3.67148e-06
3.31131  2.99552e-06
3.84592  2.42095e-06
4.51856  1.93891e-06
5.30884  1.56428e-06
6.38263  1.234e-06
7.67361  9.80734e-07
9.44061  7.63347e-07
11.749  5.90541e-07
14.4544  4.6581e-07
19.0546  3.4211e-07
26.3027  2.40917e-07
37.5837  1.64795e-07
58.2103  1.04371e-07
96.6051  6.19975e-08
192.752  3.07335e-08
384.592  1.53224e-08
1531.09  3.83335e-09
100000  5.8603e-11
-1  -1
-2   0.0 
-2  -2
