% -----------------------------------------------------------------------
%   Program Name: re-cs-65.dat 
%   Author: the Geant4 Collaboration
%   Organization: the Geant4 Collaboration
%   Version: unknown
%   Date: circa 2006
%   Class: Public
%   Copyright (c) Copyright Holders of the Geant4 Collaboration, 1994-2006.
%   See http://cern.ch/geant4/license for details on the copyright holders.
%   All rights not expressly granted under this license are reserved.
% -----------------------------------------------------------------------
1.000000e-06 1.494087e-01 
1.047119e-06 1.865227e-01 
1.081237e-06 2.182337e-01 
1.113222e-06 2.522787e-01 
1.171320e-06 3.267473e-01 
1.222383e-06 4.084832e-01 
1.288978e-06 5.450458e-01 
1.326981e-06 6.409092e-01 
1.360234e-06 7.381047e-01 
1.389329e-06 8.349728e-01 
1.414788e-06 9.300992e-01 
1.437065e-06 1.023059e+00 
1.476049e-06 1.207981e+00 
1.505287e-06 1.367918e+00 
1.527215e-06 1.503304e+00 
1.560108e-06 1.733566e+00 
1.608684e-06 2.140131e+00 
1.647894e-06 2.546803e+00 
1.671420e-06 2.832668e+00 
1.694241e-06 3.143991e+00 
1.714209e-06 3.447281e+00 
1.731681e-06 3.741885e+00 
1.762257e-06 4.326285e+00 
1.785190e-06 4.831655e+00 
1.802389e-06 5.259010e+00 
1.828188e-06 5.987032e+00 
1.863113e-06 7.162802e+00 
1.890493e-06 8.289019e+00 
1.917873e-06 9.645674e+00 
1.940690e-06 1.099878e+01 
1.965747e-06 1.277346e+01 
1.984960e-06 1.438116e+01 
2.002972e-06 1.613221e+01 
2.019858e-06 1.803548e+01 
2.035688e-06 2.009844e+01 
2.050530e-06 2.232828e+01 
2.064443e-06 2.473234e+01 
2.077488e-06 2.731808e+01 
2.089716e-06 3.009282e+01 
2.101181e-06 3.306364e+01 
2.111929e-06 3.623734e+01 
2.122005e-06 3.962054e+01 
2.131452e-06 4.321965e+01 
2.140308e-06 4.704095e+01 
2.148610e-06 5.109068e+01 
2.156394e-06 5.537519e+01 
2.163691e-06 5.990108e+01 
2.170532e-06 6.467510e+01 
2.176946e-06 6.970386e+01 
2.182959e-06 7.499364e+01 
2.188596e-06 8.055053e+01 
2.193880e-06 8.638101e+01 
2.198835e-06 9.249285e+01 
2.207834e-06 1.056041e+02 
2.215998e-06 1.205262e+02 
2.223142e-06 1.370121e+02 
2.229393e-06 1.552462e+02 
2.234862e-06 1.753264e+02 
2.239648e-06 1.971888e+02 
2.243836e-06 2.205837e+02 
2.247500e-06 2.451056e+02 
2.250706e-06 2.702577e+02 
2.253512e-06 2.955207e+02 
2.258114e-06 3.445175e+02 
2.261873e-06 3.923988e+02 
2.274810e-06 6.199699e+02 
2.278744e-06 7.090632e+02 
2.281542e-06 7.774659e+02 
2.284339e-06 8.494450e+02 
2.289935e-06 1.000922e+03 
2.290634e-06 1.020254e+03 
2.295530e-06 1.155197e+03 
2.297453e-06 1.206968e+03 
2.301125e-06 1.301368e+03 
2.303048e-06 1.347511e+03 
2.304884e-06 1.388810e+03 
2.306720e-06 1.426975e+03 
2.309168e-06 1.472244e+03 
2.311528e-06 1.509005e+03 
2.313714e-06 1.536336e+03 
2.315549e-06 1.553916e+03 
2.317910e-06 1.568874e+03 
2.321057e-06 1.574823e+03 
2.323680e-06 1.567241e+03 
2.324654e-06 1.561511e+03 
2.326877e-06 1.542587e+03 
2.329360e-06 1.512088e+03 
2.331329e-06 1.481174e+03 
2.333967e-06 1.431101e+03 
2.336377e-06 1.377428e+03 
2.338043e-06 1.336406e+03 
2.340465e-06 1.271810e+03 
2.342238e-06 1.221335e+03 
2.344859e-06 1.142804e+03 
2.347197e-06 1.069927e+03 
2.349673e-06 9.909503e+02 
2.351480e-06 9.328528e+02 
2.353928e-06 8.544118e+02 
2.355895e-06 7.922232e+02 
2.357075e-06 7.554981e+02 
2.359873e-06 6.708607e+02 
2.362321e-06 6.003077e+02 
2.363020e-06 5.808512e+02 
2.366298e-06 4.943351e+02 
2.368265e-06 4.464474e+02 
2.374210e-06 3.218892e+02 
2.380854e-06 2.202365e+02 
2.383280e-06 1.929565e+02 
2.385205e-06 1.749547e+02 
2.386823e-06 1.622559e+02 
2.388200e-06 1.531776e+02 
2.389584e-06 1.456253e+02 
2.390701e-06 1.406618e+02 
2.391433e-06 1.379594e+02 
2.392155e-06 1.357087e+02 
2.392866e-06 1.338991e+02 
2.393567e-06 1.325097e+02 
2.394256e-06 1.315203e+02 
2.415968e-06 3.065533e+02 
2.423134e-06 4.769136e+02 
2.426543e-06 5.857644e+02 
2.429153e-06 6.831478e+02 
2.432884e-06 8.456303e+02 
2.435656e-06 9.856243e+02 
2.438594e-06 1.153046e+03 
2.441772e-06 1.357425e+03 
2.443680e-06 1.491943e+03 
2.446680e-06 1.721751e+03 
2.449680e-06 1.973594e+03 
2.456055e-06 2.577117e+03 
2.457461e-06 2.721387e+03 
2.460625e-06 3.057984e+03 
2.462758e-06 3.292530e+03 
2.463988e-06 3.429953e+03 
2.467680e-06 3.847683e+03 
2.470727e-06 4.193257e+03 
2.473680e-06 4.522708e+03 
2.476727e-06 4.850610e+03 
2.479680e-06 5.150536e+03 
2.482305e-06 5.397417e+03 
2.485205e-06 5.643518e+03 
2.486055e-06 5.709588e+03 
2.489571e-06 5.950423e+03 
2.492316e-06 6.098647e+03 
2.495514e-06 6.223252e+03 
2.498114e-06 6.284418e+03 
2.503868e-06 6.288371e+03 
2.505508e-06 6.256587e+03 
2.510055e-06 6.095959e+03 
2.512912e-06 5.944334e+03 
2.515680e-06 5.764083e+03 
2.518727e-06 5.532574e+03 
2.521680e-06 5.280345e+03 
2.524305e-06 5.037688e+03 
2.526836e-06 4.791142e+03 
2.530680e-06 4.401207e+03 
2.533680e-06 4.090527e+03 
2.537055e-06 3.741408e+03 
2.539680e-06 3.474194e+03 
2.545680e-06 2.892219e+03 
2.547743e-06 2.704718e+03 
2.551680e-06 2.368393e+03 
2.556930e-06 1.968302e+03 
2.563415e-06 1.553590e+03 
2.573352e-06 1.078575e+03 
2.576166e-06 9.750915e+02 
2.578970e-06 8.837469e+02 
2.581763e-06 8.033282e+02 
2.584545e-06 7.326620e+02 
2.587316e-06 6.706358e+02 
2.590076e-06 6.162133e+02 
2.595574e-06 5.263094e+02 
2.601030e-06 4.566414e+02 
2.606443e-06 4.020468e+02 
2.611814e-06 3.586119e+02 
2.617143e-06 3.234509e+02 
2.622430e-06 2.944758e+02 
2.627676e-06 2.701907e+02 
2.632881e-06 2.495251e+02 
2.638045e-06 2.317070e+02 
2.643169e-06 2.161719e+02 
2.653337e-06 1.902777e+02 
2.663346e-06 1.696473e+02 
2.673198e-06 1.528330e+02 
2.682897e-06 1.388840e+02 
2.692444e-06 1.271461e+02 
2.701841e-06 1.171508e+02 
2.711092e-06 1.085527e+02 
2.720199e-06 1.010905e+02 
2.729163e-06 9.456215e+01 
2.737987e-06 8.880836e+01 
2.755359e-06 7.907366e+01 
2.772189e-06 7.124124e+01 
2.788493e-06 6.482163e+01 
2.804287e-06 5.948253e+01 
2.819587e-06 5.498623e+01 
2.834410e-06 5.115856e+01 
2.848769e-06 4.786910e+01 
2.862679e-06 4.501616e+01 
2.889631e-06 4.024511e+01 
2.914898e-06 3.649234e+01 
2.938586e-06 3.348057e+01 
2.960793e-06 3.102332e+01 
2.981613e-06 2.899031e+01 
3.001131e-06 2.728699e+01 
3.037728e-06 2.451384e+01 
3.072000e-06 2.230912e+01 
3.097769e-06 2.085961e+01 
3.122286e-06 1.962470e+01 
3.165191e-06 1.773048e+01 
3.197369e-06 1.649328e+01 
3.245637e-06 1.487559e+01 
3.334442e-06 1.243410e+01 
3.456055e-06 9.869424e+00 
3.573600e-06 7.807720e+00 
3.625629e-06 6.933693e+00 
3.676729e-06 6.054343e+00 
3.697594e-06 5.675630e+00 
3.715852e-06 5.328419e+00 
3.731827e-06 5.008412e+00 
3.745805e-06 4.712535e+00 
3.758036e-06 4.438521e+00 
3.768738e-06 4.184738e+00 
3.786297e-06 3.733926e+00 
3.800636e-06 3.329360e+00 
3.811390e-06 3.005067e+00 
3.819456e-06 2.753601e+00 
3.825505e-06 2.563688e+00 
3.833445e-06 2.319151e+00 
3.846019e-06 1.971055e+00 
3.853114e-06 1.818450e+00 
3.857844e-06 1.744943e+00 
3.860210e-06 1.718927e+00 
3.862575e-06 1.701194e+00 
3.869670e-06 1.706956e+00 
3.872035e-06 1.731852e+00 
3.873218e-06 1.749201e+00 
3.877357e-06 1.838035e+00 
3.879426e-06 1.900227e+00 
3.881496e-06 1.975321e+00 
3.882679e-06 2.024335e+00 
3.886818e-06 2.233332e+00 
3.889922e-06 2.431236e+00 
3.893529e-06 2.709573e+00 
3.897341e-06 3.064725e+00 
3.902034e-06 3.595014e+00 
3.915989e-06 5.851328e+00 
3.921753e-06 7.104191e+00 
3.926648e-06 8.319544e+00 
3.933014e-06 1.010296e+01 
3.937102e-06 1.136244e+01 
3.941862e-06 1.293083e+01 
3.946350e-06 1.449744e+01 
3.950520e-06 1.601547e+01 
3.954796e-06 1.761889e+01 
3.959237e-06 1.931443e+01 
3.960987e-06 1.998614e+01 
3.965779e-06 2.182108e+01 
3.970234e-06 2.349903e+01 
3.975663e-06 2.546880e+01 
3.980156e-06 2.700570e+01 
3.981878e-06 2.756657e+01 
3.987774e-06 2.934419e+01 
3.990339e-06 3.003938e+01 
3.999324e-06 3.203989e+01 
4.003978e-06 3.278308e+01 
4.007698e-06 3.322413e+01 
4.012759e-06 3.360159e+01 
4.017472e-06 3.372349e+01 
4.021321e-06 3.366310e+01 
4.026372e-06 3.337624e+01 
4.031243e-06 3.289256e+01 
4.035264e-06 3.235486e+01 
4.037662e-06 3.198056e+01 
4.044850e-06 3.065239e+01 
4.047246e-06 3.015162e+01 
4.054434e-06 2.852025e+01 
4.056830e-06 2.794402e+01 
4.066415e-06 2.555636e+01 
4.075999e-06 2.316095e+01 
4.096206e-06 1.862175e+01 
4.103717e-06 1.720828e+01 
4.110992e-06 1.599553e+01 
4.118040e-06 1.496340e+01 
4.124868e-06 1.408843e+01 
4.138097e-06 1.269819e+01 
4.150499e-06 1.168957e+01 
4.162126e-06 1.093628e+01 
4.173027e-06 1.035403e+01 
4.193465e-06 9.482458e+00 
4.211348e-06 8.874009e+00 
4.242644e-06 8.011732e+00 
4.289588e-06 6.972139e+00 
4.336551e-06 6.041210e+00 
4.347225e-06 5.825255e+00 
4.357899e-06 5.602068e+00 
4.368573e-06 5.369196e+00 
4.379247e-06 5.125191e+00 
4.389921e-06 4.870627e+00 
4.405777e-06 4.482432e+00 
4.424810e-06 4.046014e+00 
4.430587e-06 3.934206e+00 
4.439314e-06 3.797588e+00 
4.446934e-06 3.720478e+00 
4.449475e-06 3.705401e+00 
4.460373e-06 3.712374e+00 
4.463263e-06 3.735876e+00 
4.471934e-06 3.866820e+00 
4.474652e-06 3.927324e+00 
4.478729e-06 4.035906e+00 
4.482807e-06 4.165884e+00 
4.488555e-06 4.384773e+00 
4.495010e-06 4.677655e+00 
4.505600e-06 5.251291e+00 
4.515427e-06 5.858317e+00 
4.524941e-06 6.476738e+00 
4.526300e-06 6.565175e+00 
4.537173e-06 7.250285e+00 
4.538532e-06 7.331359e+00 
4.548047e-06 7.854160e+00 
4.550765e-06 7.986287e+00 
4.558920e-06 8.327098e+00 
4.561638e-06 8.420560e+00 
4.566395e-06 8.558262e+00 
4.569963e-06 8.639371e+00 
4.575315e-06 8.724924e+00 
4.580666e-06 8.767453e+00 
4.586103e-06 8.767966e+00 
4.591540e-06 8.727818e+00 
4.599695e-06 8.598534e+00 
4.602413e-06 8.538967e+00 
4.613286e-06 8.232867e+00 
4.623845e-06 7.857394e+00 
4.629620e-06 7.631093e+00 
4.640519e-06 7.183691e+00 
4.658214e-06 6.455924e+00 
4.672249e-06 5.920553e+00 
4.683749e-06 5.527861e+00 
4.695274e-06 5.185503e+00 
4.706802e-06 4.901813e+00 
4.718331e-06 4.683839e+00 
4.729859e-06 4.537495e+00 
4.735624e-06 4.492380e+00 
4.741388e-06 4.466109e+00 
4.747152e-06 4.458365e+00 
4.751475e-06 4.464296e+00 
4.757960e-06 4.490938e+00 
4.764445e-06 4.536901e+00 
4.773091e-06 4.623221e+00 
4.799030e-06 4.966966e+00 
4.813441e-06 5.138668e+00 
4.822087e-06 5.212614e+00 
4.831738e-06 5.261093e+00 
4.836344e-06 5.270558e+00 
4.843254e-06 5.268158e+00 
4.850163e-06 5.246818e+00 
4.856844e-06 5.210053e+00 
4.868201e-06 5.118587e+00 
4.880462e-06 4.994274e+00 
4.897077e-06 4.817984e+00 
4.918161e-06 4.635071e+00 
4.927831e-06 4.575768e+00 
4.933873e-06 4.546589e+00 
4.945958e-06 4.503634e+00 
4.974046e-06 4.447640e+00 
5.004598e-06 4.383275e+00 
5.038010e-06 4.275630e+00 
5.117158e-06 3.997058e+00 
5.173802e-06 3.792845e+00 
5.213602e-06 3.628235e+00 
5.278540e-06 3.340020e+00 
5.352816e-06 3.031778e+00 
5.382317e-06 2.907069e+00 
5.402542e-06 2.818140e+00 
5.433700e-06 2.675227e+00 
5.465097e-06 2.524160e+00 
5.512192e-06 2.284347e+00 
5.533598e-06 2.169544e+00 
5.562328e-06 2.008799e+00 
5.605423e-06 1.751725e+00 
5.626971e-06 1.615442e+00 
5.648519e-06 1.473714e+00 
5.662422e-06 1.379346e+00 
5.676325e-06 1.282740e+00 
5.690228e-06 1.184030e+00 
5.704131e-06 1.083470e+00 
5.718034e-06 9.814936e-01 
5.731938e-06 8.788157e-01 
5.745841e-06 7.766184e-01 
5.759744e-06 6.768699e-01 
5.773647e-06 5.828888e-01 
5.787550e-06 5.003020e-01 
5.794502e-06 4.660379e-01 
5.801453e-06 4.385988e-01 
5.808405e-06 4.201597e-01 
5.815356e-06 4.134810e-01 
5.822308e-06 4.220321e-01 
5.825784e-06 4.333296e-01 
5.829259e-06 4.501254e-01 
5.832735e-06 4.731134e-01 
5.837949e-06 5.208987e-01 
5.840556e-06 5.515584e-01 
5.843162e-06 5.872544e-01 
5.846638e-06 6.434249e-01 
5.849245e-06 6.925792e-01 
5.851200e-06 7.337259e-01 
5.854133e-06 8.028492e-01 
5.858803e-06 9.330371e-01 
5.864729e-06 1.138512e+00 
5.882713e-06 2.117271e+00 
5.889461e-06 2.659680e+00 
5.896810e-06 3.386028e+00 
5.903344e-06 4.166414e+00 
5.909772e-06 5.072500e+00 
5.914058e-06 5.759491e+00 
5.917189e-06 6.305745e+00 
5.921885e-06 7.198810e+00 
5.926581e-06 8.184040e+00 
5.929585e-06 8.864259e+00 
5.936343e-06 1.054218e+01 
5.941210e-06 1.187967e+01 
5.950159e-06 1.462548e+01 
5.955755e-06 1.652944e+01 
5.958738e-06 1.760135e+01 
5.966568e-06 2.059475e+01 
5.970301e-06 2.210730e+01 
5.973284e-06 2.335263e+01 
5.983142e-06 2.766752e+01 
5.990066e-06 3.084069e+01 
5.996778e-06 3.398314e+01 
6.002971e-06 3.690309e+01 
6.008974e-06 3.971569e+01 
6.014960e-06 4.246637e+01 
6.021267e-06 4.526636e+01 
6.026324e-06 4.740997e+01 
6.035020e-06 5.081860e+01 
6.041826e-06 5.318403e+01 
6.050627e-06 5.577209e+01 
6.056502e-06 5.716812e+01 
6.059549e-06 5.778015e+01 
6.067016e-06 5.894112e+01 
6.072492e-06 5.947852e+01 
6.075382e-06 5.965358e+01 
6.084960e-06 5.969959e+01 
6.091885e-06 5.923380e+01 
6.098596e-06 5.840385e+01 
6.105983e-06 5.709187e+01 
6.113142e-06 5.546201e+01 
6.119506e-06 5.375491e+01 
6.125642e-06 5.191296e+01 
6.134960e-06 4.882350e+01 
6.142233e-06 4.623345e+01 
6.155188e-06 4.141180e+01 
6.171324e-06 3.538623e+01 
6.179506e-06 3.244987e+01 
6.185869e-06 3.025872e+01 
6.200415e-06 2.563366e+01 
6.231805e-06 1.776179e+01 
6.237859e-06 1.657507e+01 
6.249210e-06 1.461042e+01 
6.259142e-06 1.314409e+01 
6.267833e-06 1.203107e+01 
6.283042e-06 1.040499e+01 
6.294448e-06 9.404808e+00 
6.311558e-06 8.171138e+00 
6.328668e-06 7.170850e+00 
6.359822e-06 5.722932e+00 
6.406554e-06 4.013762e+00 
6.422131e-06 3.516737e+00 
6.453286e-06 2.662411e+00 
6.461074e-06 2.496631e+00 
6.468863e-06 2.360897e+00 
6.476651e-06 2.263039e+00 
6.484440e-06 2.212371e+00 
6.488819e-06 2.208603e+00 
6.493198e-06 2.225269e+00 
6.498649e-06 2.277987e+00 
6.502737e-06 2.343380e+00 
6.505803e-06 2.408345e+00 
6.508103e-06 2.466622e+00 
6.511121e-06 2.556245e+00 
6.515002e-06 2.694696e+00 
6.517619e-06 2.803704e+00 
6.520795e-06 2.953873e+00 
6.525335e-06 3.204476e+00 
6.528253e-06 3.389187e+00 
6.531172e-06 3.593311e+00 
6.536638e-06 4.030541e+00 
6.544821e-06 4.827880e+00 
6.563853e-06 7.411357e+00 
6.571427e-06 8.741152e+00 
6.579145e-06 1.027506e+01 
6.584727e-06 1.149454e+01 
6.595641e-06 1.412894e+01 
6.602938e-06 1.605625e+01 
6.609061e-06 1.776040e+01 
6.615506e-06 1.962322e+01 
6.620784e-06 2.118888e+01 
6.626967e-06 2.305271e+01 
6.633721e-06 2.510291e+01 
6.640771e-06 2.722983e+01 
6.644117e-06 2.822514e+01 
6.651721e-06 3.043035e+01 
6.659023e-06 3.244302e+01 
6.662816e-06 3.343554e+01 
6.670656e-06 3.534863e+01 
6.676832e-06 3.670369e+01 
6.692398e-06 3.941426e+01 
6.697566e-06 4.006672e+01 
6.709025e-06 4.104186e+01 
6.714628e-06 4.127822e+01 
6.722636e-06 4.134453e+01 
6.727783e-06 4.122298e+01 
6.732931e-06 4.097823e+01 
6.738583e-06 4.057457e+01 
6.746001e-06 3.984568e+01 
6.753155e-06 3.894975e+01 
6.763557e-06 3.735947e+01 
6.771575e-06 3.594639e+01 
6.775584e-06 3.519198e+01 
6.787611e-06 3.279381e+01 
6.803647e-06 2.944722e+01 
6.826022e-06 2.491903e+01 
6.853124e-06 2.024882e+01 
6.867718e-06 1.823806e+01 
6.876057e-06 1.725504e+01 
6.884396e-06 1.638886e+01 
6.892735e-06 1.563344e+01 
6.901074e-06 1.498085e+01 
6.909414e-06 1.442183e+01 
6.917753e-06 1.394625e+01 
6.926092e-06 1.354355e+01 
6.942770e-06 1.291464e+01 
6.959448e-06 1.245508e+01 
6.976126e-06 1.209637e+01 
7.026161e-06 1.117968e+01 
7.042839e-06 1.085621e+01 
7.076196e-06 1.017174e+01 
7.139948e-06 8.927218e+00 
7.167064e-06 8.488004e+00 
7.212860e-06 7.879914e+00 
7.265990e-06 7.333042e+00 
7.336830e-06 6.764661e+00 
7.407670e-06 6.307984e+00 
7.513930e-06 5.749947e+00 
7.739182e-06 4.803160e+00 
7.854881e-06 4.322520e+00 
7.899182e-06 4.110640e+00 
7.957510e-06 3.834095e+00 
7.972375e-06 3.776817e+00 
7.991902e-06 3.719104e+00 
8.011429e-06 3.687811e+00 
8.030956e-06 3.688727e+00 
8.039923e-06 3.700925e+00 
8.053373e-06 3.733339e+00 
8.066824e-06 3.782041e+00 
8.086913e-06 3.881246e+00 
8.131477e-06 4.164194e+00 
8.150964e-06 4.285036e+00 
8.171381e-06 4.390130e+00 
8.179483e-06 4.423240e+00 
8.192000e-06 4.463127e+00 
8.203790e-06 4.487350e+00 
8.220578e-06 4.498949e+00 
8.228912e-06 4.494954e+00 
8.245751e-06 4.468647e+00 
8.265278e-06 4.411744e+00 
8.284805e-06 4.333207e+00 
8.306860e-06 4.227699e+00 
8.366408e-06 3.918227e+00 
8.479752e-06 3.415104e+00 
8.521495e-06 3.266630e+00 
8.542367e-06 3.203229e+00 
8.563239e-06 3.149280e+00 
8.584111e-06 3.106126e+00 
8.601703e-06 3.078534e+00 
8.633011e-06 3.047674e+00 
8.691305e-06 3.022530e+00 
8.712697e-06 3.009186e+00 
8.734090e-06 2.986903e+00 
8.765029e-06 2.935103e+00 
8.797872e-06 2.858591e+00 
8.837597e-06 2.760219e+00 
8.848494e-06 2.737379e+00 
8.867159e-06 2.706909e+00 
8.891692e-06 2.688881e+00 
8.903963e-06 2.690830e+00 
8.922370e-06 2.708078e+00 
8.940778e-06 2.741585e+00 
8.959834e-06 2.790602e+00 
9.024561e-06 2.998652e+00 
9.049738e-06 3.063649e+00 
9.065019e-06 3.091663e+00 
9.087941e-06 3.114553e+00 
9.110863e-06 3.113893e+00 
9.132439e-06 3.093488e+00 
9.154014e-06 3.057230e+00 
9.172957e-06 3.015540e+00 
9.217658e-06 2.896733e+00 
9.347466e-06 2.550424e+00 
9.412634e-06 2.407640e+00 
9.453201e-06 2.337628e+00 
9.477641e-06 2.305184e+00 
9.499033e-06 2.283281e+00 
9.531234e-06 2.260824e+00 
9.623558e-06 2.227373e+00 
9.657250e-06 2.208417e+00 
9.699147e-06 2.172979e+00 
9.817944e-06 2.045347e+00 
9.908433e-06 1.968165e+00 
9.966637e-06 1.923440e+00 
1.006098e-05 1.848311e+00 
1.015908e-05 1.766912e+00 
1.024344e-05 1.691317e+00 
1.032505e-05 1.611394e+00 
1.042472e-05 1.514666e+00 
1.051692e-05 1.436731e+00 
1.065860e-05 1.333165e+00 
1.097025e-05 1.104728e+00 
1.114338e-05 9.804517e-01 
1.140822e-05 7.986288e-01 
1.171521e-05 6.085013e-01 
1.216186e-05 3.732506e-01 
1.243886e-05 2.503465e-01 
1.271422e-05 1.517234e-01 
1.297237e-05 8.279565e-02 
1.321438e-05 4.054642e-02 
1.333900e-05 2.805689e-02 
1.344127e-05 2.337819e-02 
1.350000e-05 2.302543e-02 
1.365398e-05 3.029449e-02 
1.366875e-05 3.162911e-02 
1.385339e-05 5.811691e-02 
1.404034e-05 1.045552e-01 
1.421287e-05 1.666252e-01 
1.437478e-05 2.427736e-01 
1.452673e-05 3.224233e-01 
1.465097e-05 3.645893e-01 
1.466810e-05 3.667634e-01 
1.488750e-05 3.211777e-01 
1.500162e-05 2.748245e-01 
1.515000e-05 2.170587e-01 
1.532603e-05 1.567577e-01 
1.542094e-05 1.285534e-01 
1.550992e-05 1.051794e-01 
1.567675e-05 6.970099e-02 
1.582273e-05 4.833354e-02 
1.592498e-05 3.954366e-02 
1.595047e-05 3.822043e-02 
1.606223e-05 3.678255e-02 
1.611900e-05 3.890605e-02 
1.625782e-05 5.284778e-02 
1.640451e-05 8.235314e-02 
1.662455e-05 1.577793e-01 
1.684459e-05 2.753816e-01 
1.698244e-05 3.750155e-01 
1.709336e-05 4.723155e-01 
1.725920e-05 6.486749e-01 
1.742504e-05 8.656628e-01 
1.759089e-05 1.129479e+00 
1.775466e-05 1.442837e+00 
1.792903e-05 1.842257e+00 
1.810785e-05 2.332630e+00 
1.827778e-05 2.885972e+00 
1.845215e-05 3.556214e+00 
1.858294e-05 4.138134e+00 
1.876040e-05 5.052219e+00 
1.892678e-05 6.056709e+00 
1.922898e-05 8.328771e+00 
2.012516e-05 2.050943e+01 
2.042920e-05 2.772078e+01 
2.057808e-05 3.217192e+01 
2.075704e-05 3.855053e+01 
2.094735e-05 4.684419e+01 
2.114171e-05 5.739274e+01 
2.129354e-05 6.752117e+01 
2.142241e-05 7.774739e+01 
2.152787e-05 8.747871e+01 
2.164987e-05 1.006011e+02 
2.173879e-05 1.116755e+02 
2.184424e-05 1.268012e+02 
2.194970e-05 1.445290e+02 
2.205516e-05 1.654515e+02 
2.216061e-05 1.903473e+02 
2.226607e-05 2.202565e+02 
2.237153e-05 2.565852e+02 
2.247699e-05 3.012832e+02 
2.256329e-05 3.460161e+02 
2.261815e-05 3.792988e+02 
2.267302e-05 4.172105e+02 
2.272788e-05 4.606993e+02 
2.278274e-05 5.109950e+02 
2.283760e-05 5.697257e+02 
2.289246e-05 6.390908e+02 
2.294732e-05 7.221140e+02 
2.300218e-05 8.230015e+02 
2.305705e-05 9.476387e+02 
2.311191e-05 1.104244e+03 
2.316677e-05 1.304178e+03 
2.319420e-05 1.425024e+03 
2.322163e-05 1.562842e+03 
2.324906e-05 1.720331e+03 
2.327649e-05 1.900531e+03 
2.329725e-05 2.054072e+03 
2.334396e-05 2.462659e+03 
2.335953e-05 2.620927e+03 
2.341703e-05 3.318948e+03 
2.356077e-05 6.082305e+03 
2.361664e-05 7.645482e+03 
2.364702e-05 8.623375e+03 
2.373679e-05 1.202688e+04 
2.374406e-05 1.233331e+04 
2.379493e-05 1.458289e+04 
2.381491e-05 1.550727e+04 
2.386033e-05 1.765652e+04 
2.389213e-05 1.916988e+04 
2.391985e-05 2.046963e+04 
2.395023e-05 2.184750e+04 
2.397350e-05 2.285199e+04 
2.399962e-05 2.390998e+04 
2.402845e-05 2.497060e+04 
2.404949e-05 2.566062e+04 
2.407418e-05 2.636716e+04 
2.410167e-05 2.700893e+04 
2.413192e-05 2.752224e+04 
2.415989e-05 2.780504e+04 
2.419213e-05 2.789337e+04 
2.422199e-05 2.774538e+04 
2.425009e-05 2.740719e+04 
2.427605e-05 2.692999e+04 
2.429233e-05 2.655410e+04 
2.432604e-05 2.560141e+04 
2.435078e-05 2.476705e+04 
2.436795e-05 2.412880e+04 
2.439717e-05 2.294730e+04 
2.441953e-05 2.197474e+04 
2.443780e-05 2.114579e+04 
2.446177e-05 2.002196e+04 
2.449259e-05 1.853844e+04 
2.452166e-05 1.712348e+04 
2.455073e-05 1.571597e+04 
2.458344e-05 1.416613e+04 
2.460887e-05 1.300025e+04 
2.467218e-05 1.030974e+04 
2.469884e-05 9.284501e+03 
2.474974e-05 7.524643e+03 
2.479210e-05 6.262159e+03 
2.483480e-05 5.170503e+03 
2.488288e-05 4.144609e+03 
2.501861e-05 2.201186e+03 
2.506047e-05 1.818552e+03 
2.508634e-05 1.619692e+03 
2.512108e-05 1.390891e+03 
2.515745e-05 1.191139e+03 
2.518383e-05 1.067630e+03 
2.521468e-05 9.424384e+02 
2.524552e-05 8.348290e+02 
2.527636e-05 7.420083e+02 
2.530720e-05 6.616294e+02 
2.534726e-05 5.726306e+02 
2.540059e-05 4.757759e+02 
2.546141e-05 3.884538e+02 
2.552309e-05 3.188037e+02 
2.555393e-05 2.896271e+02 
2.561562e-05 2.404121e+02 
2.566085e-05 2.108728e+02 
2.567730e-05 2.013287e+02 
2.573898e-05 1.706468e+02 
2.577064e-05 1.577814e+02 
2.580220e-05 1.467491e+02 
2.583376e-05 1.374196e+02 
2.589688e-05 1.235474e+02 
2.591266e-05 1.210172e+02 
2.596000e-05 1.154907e+02 
2.597143e-05 1.145908e+02 
2.599145e-05 1.133911e+02 
2.600646e-05 1.127865e+02 
2.602898e-05 1.123154e+02 
2.605149e-05 1.123146e+02 
2.608513e-05 1.130506e+02 
2.613130e-05 1.151167e+02 
2.622037e-05 1.203987e+02 
2.626870e-05 1.227438e+02 
2.630268e-05 1.237646e+02 
2.633872e-05 1.240986e+02 
2.636939e-05 1.236955e+02 
2.639390e-05 1.228942e+02 
2.641842e-05 1.216651e+02 
2.643854e-05 1.203442e+02 
2.645615e-05 1.189673e+02 
2.648748e-05 1.160431e+02 
2.651303e-05 1.132560e+02 
2.652870e-05 1.113920e+02 
2.656839e-05 1.062439e+02 
2.659208e-05 1.029518e+02 
2.665287e-05 9.413861e+01 
2.678518e-05 7.603412e+01 
2.682656e-05 7.131591e+01 
2.687289e-05 6.675272e+01 
2.690579e-05 6.399592e+01 
2.694732e-05 6.109375e+01 
2.698397e-05 5.905910e+01 
2.700123e-05 5.826690e+01 
2.703179e-05 5.711802e+01 
2.706155e-05 5.630077e+01 
2.709369e-05 5.574019e+01 
2.713113e-05 5.549168e+01 
2.716240e-05 5.560520e+01 
2.720081e-05 5.613233e+01 
2.722454e-05 5.666927e+01 
2.725501e-05 5.759871e+01 
2.728020e-05 5.858098e+01 
2.731687e-05 6.039380e+01 
2.734639e-05 6.224021e+01 
2.737868e-05 6.475827e+01 
2.739409e-05 6.618732e+01 
2.743601e-05 7.105588e+01 
2.744895e-05 7.292281e+01 
2.747351e-05 7.707154e+01 
2.748869e-05 8.010888e+01 
2.752120e-05 8.813851e+01 
2.755150e-05 9.800636e+01 
2.758876e-05 1.143604e+02 
2.760146e-05 1.212593e+02 
2.762222e-05 1.342742e+02 
2.763880e-05 1.464310e+02 
2.765699e-05 1.618219e+02 
2.768230e-05 1.873322e+02 
2.771003e-05 2.216895e+02 
2.773735e-05 2.632678e+02 
2.778941e-05 3.684443e+02 
2.785472e-05 5.616844e+02 
2.789295e-05 7.142359e+02 
2.792904e-05 8.896343e+02 
2.795972e-05 1.065298e+03 
2.797412e-05 1.156784e+03 
2.799934e-05 1.331348e+03 
2.803716e-05 1.629057e+03 
2.806553e-05 1.881419e+03 
2.807498e-05 1.971141e+03 
2.814635e-05 2.737189e+03 
2.817437e-05 3.078701e+03 
2.821254e-05 3.576182e+03 
2.823898e-05 3.939828e+03 
2.828520e-05 4.602768e+03 
2.830702e-05 4.923820e+03 
2.833037e-05 5.269683e+03 
2.835659e-05 5.657455e+03 
2.837849e-05 5.977850e+03 
2.840665e-05 6.380692e+03 
2.842688e-05 6.660898e+03 
2.845343e-05 7.013079e+03 
2.848517e-05 7.404869e+03 
2.852303e-05 7.820825e+03 
2.855559e-05 8.125721e+03 
2.857941e-05 8.313852e+03 
2.861227e-05 8.521165e+03 
2.864343e-05 8.658615e+03 
2.865604e-05 8.697343e+03 
2.868914e-05 8.752120e+03 
2.871481e-05 8.747908e+03 
2.876828e-05 8.611908e+03 
2.878814e-05 8.519784e+03 
2.881680e-05 8.350084e+03 
2.883476e-05 8.223112e+03 
2.886761e-05 7.953739e+03 
2.890274e-05 7.619136e+03 
2.893208e-05 7.309258e+03 
2.896038e-05 6.989682e+03 
2.900503e-05 6.455878e+03 
2.904025e-05 6.019925e+03 
2.907942e-05 5.530800e+03 
2.910645e-05 5.195910e+03 
2.917522e-05 4.375497e+03 
2.921057e-05 3.980546e+03 
2.927807e-05 3.293079e+03 
2.934891e-05 2.676704e+03 
2.945644e-05 1.949046e+03 
2.949060e-05 1.766230e+03 
2.952602e-05 1.598494e+03 
2.956144e-05 1.451032e+03 
2.960866e-05 1.282471e+03 
2.963839e-05 1.190865e+03 
2.970000e-05 1.031130e+03 
2.974463e-05 9.366712e+02 
2.978899e-05 8.571056e+02 
2.986158e-05 7.512964e+02 
2.993019e-05 6.724403e+02 
3.001621e-05 5.944140e+02 
3.006567e-05 5.574390e+02 
3.020602e-05 4.751017e+02 
3.026351e-05 4.489553e+02 
3.029661e-05 4.355797e+02 
3.035471e-05 4.148272e+02 
3.042906e-05 3.930256e+02 
3.051380e-05 3.742424e+02 
3.059416e-05 3.619540e+02 
3.063779e-05 3.573367e+02 
3.070323e-05 3.527959e+02 
3.078054e-05 3.504688e+02 
3.083775e-05 3.502832e+02 
3.104153e-05 3.528075e+02 
3.109647e-05 3.527250e+02 
3.115314e-05 3.518302e+02 
3.120296e-05 3.502981e+02 
3.127155e-05 3.470737e+02 
3.132176e-05 3.439895e+02 
3.141504e-05 3.370723e+02 
3.165087e-05 3.176667e+02 
3.177439e-05 3.087774e+02 
3.193557e-05 2.993149e+02 
3.214659e-05 2.896042e+02 
3.255595e-05 2.732167e+02 
3.301571e-05 2.546831e+02 
3.331046e-05 2.443083e+02 
3.367640e-05 2.332719e+02 
3.417607e-05 2.204724e+02 
3.467369e-05 2.096087e+02 
3.540581e-05 1.961350e+02 
3.636509e-05 1.816806e+02 
3.698023e-05 1.739024e+02 
3.815328e-05 1.616198e+02 
3.919780e-05 1.525012e+02 
4.027170e-05 1.445660e+02 
4.150491e-05 1.367898e+02 
4.291432e-05 1.293353e+02 
4.415704e-05 1.238051e+02 
4.575440e-05 1.176677e+02 
4.827808e-05 1.095828e+02 
4.869961e-05 1.087171e+02 
4.939986e-05 1.078808e+02 
4.987171e-05 1.070328e+02 
5.106448e-05 1.043437e+02 
5.323452e-05 1.008871e+02 
5.561707e-05 9.815173e+01 
5.863221e-05 9.597307e+01 
6.229198e-05 9.506396e+01 
6.621548e-05 9.566910e+01 
7.150000e-05 9.835037e+01 
7.679849e-05 1.022696e+02 
9.198345e-05 1.152353e+02 
9.660509e-05 1.185154e+02 
1.000000e-04 1.204976e+02 
1.036746e-04 1.219919e+02 
1.068756e-04 1.226202e+02 
1.081245e-04 1.226730e+02 
1.106181e-04 1.223066e+02 
1.129225e-04 1.214728e+02 
1.150000e-04 1.202324e+02 
1.169590e-04 1.185482e+02 
1.184878e-04 1.168113e+02 
1.198756e-04 1.149315e+02 
1.210285e-04 1.131640e+02 
1.222217e-04 1.111399e+02 
1.242948e-04 1.072724e+02 
1.251242e-04 1.060769e+02 
1.260000e-04 1.060847e+02 
1.261402e-04 1.062716e+02 
1.267160e-04 1.076507e+02 
1.275528e-04 1.112854e+02 
1.283384e-04 1.160800e+02 
1.290818e-04 1.216171e+02 
1.297795e-04 1.277223e+02 
1.304342e-04 1.343854e+02 
1.310720e-04 1.419203e+02 
1.316254e-04 1.494617e+02 
1.321665e-04 1.579171e+02 
1.326744e-04 1.670092e+02 
1.331511e-04 1.767553e+02 
1.336055e-04 1.873494e+02 
1.340657e-04 1.996298e+02 
1.344309e-04 2.106921e+02 
1.348053e-04 2.234738e+02 
1.351563e-04 2.370126e+02 
1.354854e-04 2.513168e+02 
1.357939e-04 2.663915e+02 
1.360832e-04 2.822404e+02 
1.364583e-04 3.057572e+02 
1.368469e-04 3.344711e+02 
1.372798e-04 3.732654e+02 
1.376602e-04 4.153456e+02 
1.378399e-04 4.386146e+02 
1.381564e-04 4.864979e+02 
1.384396e-04 5.389106e+02 
1.386873e-04 5.945811e+02 
1.389481e-04 6.660586e+02 
1.390938e-04 7.131982e+02 
1.392598e-04 7.744153e+02 
1.395321e-04 8.958519e+02 
1.397545e-04 1.018702e+03 
1.399213e-04 1.127688e+03 
1.400464e-04 1.220283e+03 
1.402341e-04 1.378802e+03 
1.404217e-04 1.563682e+03 
1.407673e-04 1.983684e+03 
1.413096e-04 2.885071e+03 
1.415899e-04 3.477717e+03 
1.417869e-04 3.945579e+03 
1.419839e-04 4.452770e+03 
1.423317e-04 5.428294e+03 
1.423751e-04 5.555849e+03 
1.426794e-04 6.468296e+03 
1.427990e-04 6.830155e+03 
1.430272e-04 7.511635e+03 
1.431302e-04 7.810494e+03 
1.433055e-04 8.298310e+03 
1.434397e-04 8.648621e+03 
1.435903e-04 9.011580e+03 
1.437162e-04 9.285564e+03 
1.438780e-04 9.592780e+03 
1.440464e-04 9.851963e+03 
1.442552e-04 1.007804e+04 
1.444291e-04 1.017965e+04 
1.444896e-04 1.019583e+04 
1.446624e-04 1.018660e+04 
1.447986e-04 1.012147e+04 
1.451299e-04 9.757207e+03 
1.452384e-04 9.578607e+03 
1.454768e-04 9.095551e+03 
1.456322e-04 8.723015e+03 
1.457945e-04 8.294695e+03 
1.459518e-04 7.850316e+03 
1.461343e-04 7.310866e+03 
1.462964e-04 6.821910e+03 
1.465048e-04 6.196875e+03 
1.467764e-04 5.421209e+03 
1.471698e-04 4.454626e+03 
1.474223e-04 3.973892e+03 
1.475939e-04 3.721424e+03 
1.477834e-04 3.517062e+03 
1.481514e-04 3.347987e+03 
1.482539e-04 3.353117e+03 
1.483476e-04 3.376658e+03 
1.484584e-04 3.426684e+03 
1.485713e-04 3.500902e+03 
1.487072e-04 3.618812e+03 
1.488547e-04 3.778224e+03 
1.490427e-04 4.020781e+03 
1.495643e-04 4.831960e+03 
1.497691e-04 5.164121e+03 
1.499731e-04 5.479174e+03 
1.500663e-04 5.614216e+03 
1.502450e-04 5.851549e+03 
1.503892e-04 6.018468e+03 
1.507498e-04 6.318855e+03 
1.508764e-04 6.380147e+03 
1.511179e-04 6.429882e+03 
1.512926e-04 6.410898e+03 
1.514037e-04 6.375528e+03 
1.514870e-04 6.337560e+03 
1.516120e-04 6.263039e+03 
1.517370e-04 6.168656e+03 
1.519243e-04 5.993461e+03 
1.521049e-04 5.791187e+03 
1.523284e-04 5.504304e+03 
1.524918e-04 5.275260e+03 
1.527135e-04 4.946983e+03 
1.528465e-04 4.744315e+03 
1.531997e-04 4.203112e+03 
1.535899e-04 3.630429e+03 
1.544846e-04 2.555172e+03 
1.546610e-04 2.390084e+03 
1.548661e-04 2.217385e+03 
1.550856e-04 2.054043e+03 
1.552966e-04 1.916382e+03 
1.554697e-04 1.816474e+03 
1.558176e-04 1.646521e+03 
1.562366e-04 1.487162e+03 
1.565644e-04 1.389251e+03 
1.568675e-04 1.314760e+03 
1.571612e-04 1.254126e+03 
1.574686e-04 1.200256e+03 
1.578901e-04 1.138613e+03 
1.584138e-04 1.076399e+03 
1.592177e-04 1.001608e+03 
1.600870e-04 9.390870e+02 
1.610500e-04 8.848512e+02 
1.621307e-04 8.378953e+02 
1.634179e-04 7.963377e+02 
1.646299e-04 7.676785e+02 
1.660517e-04 7.432799e+02 
1.678000e-04 7.226150e+02 
1.696000e-04 7.082112e+02 
1.715000e-04 6.975257e+02 
1.742986e-04 6.861226e+02 
1.846148e-04 6.550567e+02 
2.014036e-04 6.144706e+02 
2.097864e-04 5.992922e+02 
2.162719e-04 5.893753e+02 
2.280468e-04 5.765398e+02 
2.519134e-04 5.605189e+02 
2.650010e-04 5.510412e+02 
2.712264e-04 5.502725e+02 
2.737353e-04 5.533441e+02 
2.773460e-04 5.590745e+02 
2.822818e-04 5.597802e+02 
2.844055e-04 5.638449e+02 
2.879137e-04 5.746678e+02 
2.937503e-04 5.890917e+02 
3.087535e-04 6.115515e+02 
3.166110e-04 6.227517e+02 
3.266348e-04 6.417506e+02 
3.442829e-04 6.671059e+02 
3.676146e-04 6.925157e+02 
3.815121e-04 7.034008e+02 
3.871280e-04 7.096709e+02 
3.898572e-04 7.140810e+02 
3.997042e-04 7.337756e+02 
4.180986e-04 7.602327e+02 
4.499093e-04 7.931835e+02 
4.930000e-04 8.279283e+02 
5.416890e-04 8.575515e+02 
5.905409e-04 8.780744e+02 
6.488574e-04 8.917805e+02 
7.082708e-04 8.943505e+02 
7.717915e-04 8.847878e+02 
8.337976e-04 8.616344e+02 
8.883763e-04 8.332958e+02 
9.366180e-04 8.006709e+02 
9.793976e-04 7.647450e+02 
1.013587e-03 7.301652e+02 
1.050587e-03 6.850305e+02 
1.080812e-03 6.404477e+02 
1.105409e-03 5.976582e+02 
1.126873e-03 5.546673e+02 
1.144854e-03 5.134188e+02 
1.158776e-03 4.771703e+02 
1.171178e-03 4.407753e+02 
1.181795e-03 4.059577e+02 
1.188989e-03 3.816347e+02 
1.197971e-03 3.635813e+02 
1.204722e-03 3.894543e+02 
1.205332e-03 3.951293e+02 
1.210562e-03 4.775711e+02 
1.211266e-03 4.939776e+02 
1.214350e-03 5.825688e+02 
1.220604e-03 8.401970e+02 
1.223727e-03 9.942328e+02 
1.226626e-03 1.137619e+03 
1.228781e-03 1.236974e+03 
1.232147e-03 1.367627e+03 
1.232512e-03 1.379503e+03 
1.235502e-03 1.457507e+03 
1.237333e-03 1.488028e+03 
1.238498e-03 1.500960e+03 
1.239630e-03 1.509142e+03 
1.241654e-03 1.514582e+03 
1.243366e-03 1.512194e+03 
1.248885e-03 1.490108e+03 
1.250427e-03 1.486913e+03 
1.252011e-03 1.487216e+03 
1.253257e-03 1.490382e+03 
1.256236e-03 1.508438e+03 
1.263958e-03 1.588446e+03 
1.265528e-03 1.600237e+03 
1.269078e-03 1.607766e+03 
1.272148e-03 1.587316e+03 
1.275479e-03 1.535643e+03 
1.277638e-03 1.488015e+03 
1.280809e-03 1.404153e+03 
1.284331e-03 1.302678e+03 
1.286997e-03 1.227995e+03 
1.290044e-03 1.151571e+03 
1.293092e-03 1.089113e+03 
1.297163e-03 1.030654e+03 
1.299188e-03 1.011960e+03 
1.302856e-03 9.933255e+02 
1.306735e-03 9.904735e+02 
1.310813e-03 9.999900e+02 
1.316867e-03 1.026489e+03 
1.325868e-03 1.073703e+03 
1.338447e-03 1.136986e+03 
1.351597e-03 1.196582e+03 
1.363854e-03 1.246410e+03 
1.382372e-03 1.312018e+03 
1.403742e-03 1.375681e+03 
1.422640e-03 1.421343e+03 
1.446491e-03 1.465742e+03 
1.462966e-03 1.487951e+03 
1.483967e-03 1.507231e+03 
1.501696e-03 1.516569e+03 
1.524314e-03 1.519808e+03 
1.554642e-03 1.509618e+03 
1.564111e-03 1.509674e+03 
1.573739e-03 1.517908e+03 
1.579439e-03 1.527813e+03 
1.591611e-03 1.560030e+03 
1.608167e-03 1.613752e+03 
1.623854e-03 1.660307e+03 
1.640096e-03 1.699132e+03 
1.653180e-03 1.722689e+03 
1.670520e-03 1.744551e+03 
1.687709e-03 1.758348e+03 
1.721360e-03 1.776357e+03 
1.740139e-03 1.794734e+03 
1.783968e-03 1.862962e+03 
1.798149e-03 1.881330e+03 
1.815296e-03 1.898298e+03 
1.838279e-03 1.913955e+03 
1.863840e-03 1.924350e+03 
1.916636e-03 1.931102e+03 
1.930112e-03 1.938907e+03 
1.949834e-03 1.961003e+03 
1.981047e-03 1.999509e+03 
2.002212e-03 2.016986e+03 
2.025861e-03 2.030473e+03 
2.093645e-03 2.054348e+03 
2.191245e-03 2.069687e+03 
2.344229e-03 2.073246e+03 
2.463374e-03 2.064479e+03 
2.663598e-03 2.035520e+03 
2.799360e-03 2.009449e+03 
3.063727e-03 1.949329e+03 
3.174817e-03 1.922500e+03 
3.379388e-03 1.867505e+03 
3.762896e-03 1.762434e+03 
4.066618e-03 1.680756e+03 
4.448117e-03 1.579025e+03 
4.854317e-03 1.473152e+03 
5.075382e-03 1.417464e+03 
5.308844e-03 1.360476e+03 
5.558042e-03 1.300516e+03 
5.770207e-03 1.250377e+03 
6.014496e-03 1.192507e+03 
6.207127e-03 1.146685e+03 
6.387485e-03 1.103267e+03 
6.546015e-03 1.064082e+03 
6.675099e-03 1.030877e+03 
6.791917e-03 9.995251e+02 
6.897814e-03 9.695266e+02 
6.984535e-03 9.432523e+02 
7.057335e-03 9.192981e+02 
7.126735e-03 8.941032e+02 
7.182722e-03 8.714757e+02 
7.233836e-03 8.480309e+02 
7.275847e-03 8.256972e+02 
7.323950e-03 7.955799e+02 
7.384329e-03 7.523800e+02 
7.423695e-03 7.262266e+02 
7.448538e-03 7.137055e+02 
7.473447e-03 7.060378e+02 
7.489296e-03 7.041652e+02 
7.511575e-03 7.056640e+02 
7.530810e-03 7.106320e+02 
7.553096e-03 7.199710e+02 
7.588120e-03 7.398154e+02 
7.647862e-03 7.765652e+02 
7.666339e-03 7.865301e+02 
7.694581e-03 7.996191e+02 
7.729529e-03 8.121490e+02 
7.765027e-03 8.212095e+02 
7.810774e-03 8.286378e+02 
7.860626e-03 8.327001e+02 
7.914755e-03 8.334250e+02 
7.965591e-03 8.309451e+02 
8.012752e-03 8.258104e+02 
8.056723e-03 8.184822e+02 
8.165173e-03 7.951453e+02 
8.206007e-03 7.897413e+02 
8.247733e-03 7.897095e+02 
8.286296e-03 7.951711e+02 
8.351950e-03 8.126984e+02 
8.417114e-03 8.307683e+02 
8.474209e-03 8.410920e+02 
8.538682e-03 8.462998e+02 
8.609938e-03 8.498545e+02 
8.668625e-03 8.564794e+02 
8.718227e-03 8.660341e+02 
8.826223e-03 8.916629e+02 
8.910180e-03 9.070072e+02 
9.006973e-03 9.176709e+02 
9.153423e-03 9.257519e+02 
9.353702e-03 9.293300e+02 
9.577453e-03 9.278304e+02 
9.900870e-03 9.191144e+02 
1.030127e-02 9.019982e+02 
1.081466e-02 8.746346e+02 
1.135043e-02 8.429430e+02 
1.198060e-02 8.044777e+02 
1.280480e-02 7.547990e+02 
1.396796e-02 6.891670e+02 
1.546650e-02 6.147232e+02 
1.730278e-02 5.380120e+02 
1.929954e-02 4.698229e+02 
2.159608e-02 4.062343e+02 
2.401260e-02 3.516425e+02 
2.609792e-02 3.119896e+02 
2.828273e-02 2.763282e+02 
3.181106e-02 2.297035e+02 
3.586967e-02 1.891692e+02 
3.875780e-02 1.659823e+02 
4.164575e-02 1.459712e+02 
4.391148e-02 1.320543e+02 
4.583615e-02 1.211777e+02 
4.732904e-02 1.130921e+02 
4.849287e-02 1.067557e+02 
4.933707e-02 1.019126e+02 
4.970253e-02 9.966154e+01 
5.002785e-02 9.751196e+01 
5.030498e-02 9.550906e+01 
5.053244e-02 9.369310e+01 
5.085678e-02 9.076252e+01 
5.154463e-02 8.400857e+01 
5.173457e-02 8.263850e+01 
5.189084e-02 8.190370e+01 
5.209245e-02 8.157008e+01 
5.228996e-02 8.190453e+01 
5.253060e-02 8.300673e+01 
5.313081e-02 8.677916e+01 
5.342264e-02 8.819750e+01 
5.372284e-02 8.918808e+01 
5.396235e-02 8.969845e+01 
5.449172e-02 9.024745e+01 
5.515951e-02 9.029062e+01 
5.595486e-02 8.984754e+01 
5.742519e-02 8.833036e+01 
5.889994e-02 8.633630e+01 
6.111770e-02 8.288823e+01 
6.425111e-02 7.780313e+01 
6.790228e-02 7.207144e+01 
7.261624e-02 6.526460e+01 
7.786487e-02 5.851573e+01 
8.551932e-02 5.016820e+01 
9.947635e-02 3.878272e+01 
1.117616e-01 3.161348e+01 
1.286966e-01 2.450687e+01 
1.864160e-01 1.242103e+01 
2.227512e-01 8.913398e+00 
2.685248e-01 6.251466e+00 
3.613609e-01 3.527208e+00 
5.354883e-01 1.638540e+00 
8.413951e-01 6.735270e-01 
1.477239e+00 2.206389e-01 
3.543651e+00 3.852284e-02 
1.070165e+01 4.227492e-03 
3.231848e+01 4.635788e-04 
9.760024e+01 5.083092e-05 
2.947480e+02 5.573506e-06 
8.901248e+02 6.111229e-07 
3.162278e+03 4.842062e-08 
1.000000e+04 4.842062e-09 
3.162278e+04 4.842060e-10 
1.000000e+05 4.842060e-11 
-1           -1           
-2           -2           
