% -----------------------------------------------------------------------
%   Program Name: re-cs-64.dat 
%   Author: the Geant4 Collaboration
%   Organization: the Geant4 Collaboration
%   Version: unknown
%   Date: circa 2006
%   Class: Public
%   Copyright (c) Copyright Holders of the Geant4 Collaboration, 1994-2006.
%   See http://cern.ch/geant4/license for details on the copyright holders.
%   All rights not expressly granted under this license are reserved.
% -----------------------------------------------------------------------
1.000000e-06 1.022394e-01 
1.053569e-06 1.308492e-01 
1.092367e-06 1.557289e-01 
1.128740e-06 1.827869e-01 
1.194809e-06 2.427639e-01 
1.252877e-06 3.098002e-01 
1.303913e-06 3.827816e-01 
1.327065e-06 4.214146e-01 
1.370474e-06 5.038824e-01 
1.408457e-06 5.885395e-01 
1.441692e-06 6.742084e-01 
1.470773e-06 7.593949e-01 
1.496218e-06 8.431687e-01 
1.518483e-06 9.253278e-01 
1.557447e-06 1.089774e+00 
1.586670e-06 1.233552e+00 
1.608587e-06 1.356895e+00 
1.641463e-06 1.569354e+00 
1.657900e-06 1.690065e+00 
1.682581e-06 1.895642e+00 
1.707308e-06 2.137486e+00 
1.727914e-06 2.374313e+00 
1.744398e-06 2.593981e+00 
1.756762e-06 2.781300e+00 
1.770841e-06 3.024049e+00 
1.783161e-06 3.269234e+00 
1.793940e-06 3.517155e+00 
1.803372e-06 3.768304e+00 
1.811625e-06 4.023370e+00 
1.818847e-06 4.283383e+00 
1.825166e-06 4.549744e+00 
1.830695e-06 4.823958e+00 
1.835532e-06 5.106980e+00 
1.843469e-06 5.696374e+00 
1.849951e-06 6.342143e+00 
1.854813e-06 6.956406e+00 
1.858459e-06 7.503120e+00 
1.863244e-06 8.341015e+00 
1.873998e-06 1.067363e+01 
1.878600e-06 1.177684e+01 
1.883201e-06 1.284745e+01 
1.884351e-06 1.309936e+01 
1.887802e-06 1.379203e+01 
1.888953e-06 1.399643e+01 
1.892404e-06 1.450761e+01 
1.893554e-06 1.463890e+01 
1.895279e-06 1.479433e+01 
1.897005e-06 1.489626e+01 
1.898155e-06 1.493272e+01 
1.899881e-06 1.493799e+01 
1.901606e-06 1.488205e+01 
1.903907e-06 1.471013e+01 
1.906207e-06 1.442680e+01 
1.908508e-06 1.403490e+01 
1.910521e-06 1.360759e+01 
1.912175e-06 1.320198e+01 
1.913792e-06 1.276174e+01 
1.915698e-06 1.219429e+01 
1.920155e-06 1.070642e+01 
1.922213e-06 9.969210e+00 
1.924756e-06 9.039156e+00 
1.926917e-06 8.248563e+00 
1.927922e-06 7.884952e+00 
1.930142e-06 7.098443e+00 
1.932463e-06 6.312439e+00 
1.934988e-06 5.513325e+00 
1.938109e-06 4.625162e+00 
1.943505e-06 3.390819e+00 
1.946269e-06 2.915335e+00 
1.948041e-06 2.665857e+00 
1.949478e-06 2.494417e+00 
1.950849e-06 2.355579e+00 
1.952220e-06 2.240009e+00 
1.953047e-06 2.181125e+00 
1.953991e-06 2.123460e+00 
1.955406e-06 2.055205e+00 
1.956822e-06 2.007613e+00 
1.957972e-06 1.983177e+00 
1.959697e-06 1.968667e+00 
1.960560e-06 1.970671e+00 
1.961646e-06 1.981316e+00 
1.962973e-06 2.005762e+00 
1.963842e-06 2.028070e+00 
1.965553e-06 2.085244e+00 
1.967210e-06 2.155656e+00 
2.018575e-06 6.952444e+00 
2.023544e-06 7.587888e+00 
2.026028e-06 7.905453e+00 
2.028512e-06 8.216823e+00 
2.033481e-06 8.797891e+00 
2.034723e-06 8.929757e+00 
2.038449e-06 9.279343e+00 
2.039691e-06 9.377616e+00 
2.043418e-06 9.605954e+00 
2.044660e-06 9.657370e+00 
2.046523e-06 9.709049e+00 
2.048386e-06 9.728584e+00 
2.049628e-06 9.723037e+00 
2.051491e-06 9.686134e+00 
2.053355e-06 9.614505e+00 
2.055839e-06 9.465151e+00 
2.058323e-06 9.256002e+00 
2.060807e-06 8.990746e+00 
2.063292e-06 8.674895e+00 
2.063913e-06 8.588834e+00 
2.067717e-06 8.010180e+00 
2.068881e-06 7.818569e+00 
2.073539e-06 7.012768e+00 
2.075140e-06 6.729731e+00 
2.078818e-06 6.089753e+00 
2.085688e-06 5.021697e+00 
2.088134e-06 4.706462e+00 
2.090308e-06 4.461867e+00 
2.092404e-06 4.260002e+00 
2.093102e-06 4.200369e+00 
2.095587e-06 4.019855e+00 
2.097450e-06 3.916787e+00 
2.098692e-06 3.863286e+00 
2.101952e-06 3.778895e+00 
2.103039e-06 3.768061e+00 
2.108008e-06 3.818233e+00 
2.109250e-06 3.853872e+00 
2.112976e-06 4.007456e+00 
2.115460e-06 4.143115e+00 
2.118692e-06 4.351159e+00 
2.131407e-06 5.368647e+00 
2.136547e-06 5.815388e+00 
2.213634e-06 1.253932e+01 
2.224531e-06 1.364420e+01 
2.229980e-06 1.419467e+01 
2.235429e-06 1.472574e+01 
2.240877e-06 1.522358e+01 
2.246326e-06 1.567781e+01 
2.251774e-06 1.608454e+01 
2.257223e-06 1.644852e+01 
2.273569e-06 1.746089e+01 
2.279017e-06 1.785847e+01 
2.284466e-06 1.833060e+01 
2.289914e-06 1.889703e+01 
2.295363e-06 1.956969e+01 
2.300811e-06 2.035233e+01 
2.306260e-06 2.124180e+01 
2.317157e-06 2.330670e+01 
2.359817e-06 3.414271e+01 
2.370434e-06 3.760512e+01 
2.380388e-06 4.125692e+01 
2.389720e-06 4.511358e+01 
2.398468e-06 4.918597e+01 
2.406670e-06 5.348311e+01 
2.414359e-06 5.801339e+01 
2.421568e-06 6.278494e+01 
2.428325e-06 6.780571e+01 
2.434661e-06 7.308358e+01 
2.440601e-06 7.862658e+01 
2.446169e-06 8.444361e+01 
2.451389e-06 9.054524e+01 
2.456283e-06 9.694469e+01 
2.465460e-06 1.112055e+02 
2.473489e-06 1.269990e+02 
2.480515e-06 1.445165e+02 
2.486662e-06 1.638723e+02 
2.492041e-06 1.850256e+02 
2.496748e-06 2.077504e+02 
2.500866e-06 2.316612e+02 
2.504470e-06 2.562735e+02 
2.507623e-06 2.810739e+02 
2.510382e-06 3.055780e+02 
2.514908e-06 3.521187e+02 
2.521377e-06 4.340505e+02 
2.531543e-06 6.037742e+02 
2.535921e-06 6.924856e+02 
2.539035e-06 7.607535e+02 
2.542148e-06 8.327420e+02 
2.548374e-06 9.847799e+02 
2.549153e-06 1.004242e+03 
2.554601e-06 1.140511e+03 
2.556741e-06 1.193019e+03 
2.560827e-06 1.289187e+03 
2.562968e-06 1.336449e+03 
2.565011e-06 1.378938e+03 
2.567054e-06 1.418410e+03 
2.569778e-06 1.465597e+03 
2.572405e-06 1.504382e+03 
2.574837e-06 1.533723e+03 
2.576880e-06 1.553080e+03 
2.579507e-06 1.570418e+03 
2.583009e-06 1.579657e+03 
2.585928e-06 1.574866e+03 
2.587012e-06 1.570172e+03 
2.590104e-06 1.548192e+03 
2.592968e-06 1.516796e+03 
2.595377e-06 1.482563e+03 
2.598355e-06 1.431088e+03 
2.600504e-06 1.388213e+03 
2.604608e-06 1.294859e+03 
2.606851e-06 1.238492e+03 
2.608509e-06 1.194916e+03 
2.611418e-06 1.115318e+03 
2.614185e-06 1.037060e+03 
2.616866e-06 9.599879e+02 
2.619590e-06 8.815548e+02 
2.622436e-06 8.005818e+02 
2.626206e-06 6.965970e+02 
2.628930e-06 6.248809e+02 
2.629708e-06 6.050302e+02 
2.633357e-06 5.163034e+02 
2.635546e-06 4.668039e+02 
2.642161e-06 3.360737e+02 
2.644168e-06 3.022732e+02 
2.647999e-06 2.453831e+02 
2.654980e-06 1.667343e+02 
2.657399e-06 1.466293e+02 
2.659479e-06 1.321073e+02 
2.660996e-06 1.230701e+02 
2.662478e-06 1.154802e+02 
2.664043e-06 1.087514e+02 
2.664987e-06 1.053147e+02 
2.665921e-06 1.023732e+02 
2.666840e-06 9.991371e+01 
2.667745e-06 9.790979e+01 
2.668635e-06 9.633694e+01 
2.670389e-06 9.438494e+01 
2.672087e-06 9.392401e+01 
2.675378e-06 9.699430e+01 
2.687720e-06 1.569134e+02 
2.692348e-06 2.018928e+02 
2.703041e-06 3.690932e+02 
2.708128e-06 4.885613e+02 
2.712022e-06 6.019156e+02 
2.715004e-06 7.032678e+02 
2.719265e-06 8.724590e+02 
2.722433e-06 1.018392e+03 
2.725949e-06 1.202041e+03 
2.729387e-06 1.404707e+03 
2.731451e-06 1.537569e+03 
2.734804e-06 1.771710e+03 
2.738157e-06 2.028130e+03 
2.745283e-06 2.642105e+03 
2.746855e-06 2.788788e+03 
2.750391e-06 3.130905e+03 
2.752775e-06 3.369212e+03 
2.754151e-06 3.508806e+03 
2.758277e-06 3.932986e+03 
2.761683e-06 4.283718e+03 
2.764984e-06 4.617914e+03 
2.768389e-06 4.950342e+03 
2.771690e-06 5.254195e+03 
2.774624e-06 5.504107e+03 
2.777866e-06 5.752982e+03 
2.778816e-06 5.819740e+03 
2.782746e-06 6.062780e+03 
2.785814e-06 6.211974e+03 
2.789389e-06 6.336843e+03 
2.792295e-06 6.397538e+03 
2.798726e-06 6.398338e+03 
2.800560e-06 6.365156e+03 
2.805510e-06 6.205239e+03 
2.808023e-06 6.087281e+03 
2.810819e-06 5.929683e+03 
2.812617e-06 5.814973e+03 
2.815780e-06 5.590492e+03 
2.819067e-06 5.331145e+03 
2.821813e-06 5.098165e+03 
2.825343e-06 4.782393e+03 
2.828696e-06 4.471361e+03 
2.832050e-06 4.155319e+03 
2.835822e-06 3.800280e+03 
2.838756e-06 3.528589e+03 
2.846101e-06 2.883473e+03 
2.847298e-06 2.784684e+03 
2.855673e-06 2.154725e+03 
2.861345e-06 1.794520e+03 
2.876303e-06 1.096761e+03 
2.879741e-06 9.820734e+02 
2.883180e-06 8.816382e+02 
2.886618e-06 7.940064e+02 
2.890056e-06 7.177543e+02 
2.893494e-06 6.515189e+02 
2.896933e-06 5.940243e+02 
2.900371e-06 5.440988e+02 
2.903809e-06 5.006845e+02 
2.910686e-06 4.297435e+02 
2.917562e-06 3.750315e+02 
2.924439e-06 3.320009e+02 
2.931315e-06 2.974145e+02 
2.937775e-06 2.705953e+02 
2.944033e-06 2.485860e+02 
2.950095e-06 2.301841e+02 
2.955968e-06 2.145618e+02 
2.967346e-06 1.891087e+02 
2.978013e-06 1.696570e+02 
2.988014e-06 1.543461e+02 
2.997389e-06 1.420179e+02 
3.006179e-06 1.319090e+02 
3.014419e-06 1.234937e+02 
3.029869e-06 1.099658e+02 
3.043388e-06 1.000558e+02 
3.055217e-06 9.255636e+01 
3.065568e-06 8.673816e+01 
3.083681e-06 7.792635e+01 
3.097266e-06 7.225552e+01 
3.117644e-06 6.494186e+01 
3.138022e-06 5.877154e+01 
3.161193e-06 5.285220e+01 
3.184365e-06 4.786313e+01 
3.207536e-06 4.360878e+01 
3.238432e-06 3.882620e+01 
3.269327e-06 3.483550e+01 
3.292498e-06 3.225159e+01 
3.385326e-06 2.408577e+01 
3.429452e-06 2.092979e+01 
3.437851e-06 2.043437e+01 
3.446251e-06 2.000202e+01 
3.454651e-06 1.964394e+01 
3.462499e-06 1.938213e+01 
3.470347e-06 1.919013e+01 
3.479850e-06 1.904068e+01 
3.496650e-06 1.892042e+01 
3.514751e-06 1.880168e+01 
3.521657e-06 1.871263e+01 
3.528563e-06 1.858674e+01 
3.538649e-06 1.833130e+01 
3.547049e-06 1.805665e+01 
3.555449e-06 1.773498e+01 
3.572248e-06 1.700090e+01 
3.623456e-06 1.476694e+01 
3.694051e-06 1.230039e+01 
3.729297e-06 1.122779e+01 
3.738960e-06 1.097890e+01 
3.747942e-06 1.077419e+01 
3.759756e-06 1.054807e+01 
3.774888e-06 1.032742e+01 
3.813509e-06 9.928046e+00 
3.822648e-06 9.814935e+00 
3.834045e-06 9.641938e+00 
3.847751e-06 9.379329e+00 
3.856863e-06 9.171600e+00 
3.865975e-06 8.940132e+00 
3.884199e-06 8.425270e+00 
3.910584e-06 7.662522e+00 
3.920162e-06 7.420302e+00 
3.929740e-06 7.215155e+00 
3.939319e-06 7.056272e+00 
3.945921e-06 6.976578e+00 
3.952524e-06 6.921637e+00 
3.960289e-06 6.887064e+00 
3.968053e-06 6.880810e+00 
3.977632e-06 6.902175e+00 
3.996788e-06 6.979401e+00 
4.006367e-06 7.001973e+00 
4.013550e-06 7.000556e+00 
4.024326e-06 6.960363e+00 
4.035101e-06 6.869968e+00 
4.045271e-06 6.739491e+00 
4.055035e-06 6.577188e+00 
4.074565e-06 6.165487e+00 
4.082993e-06 5.959840e+00 
4.098453e-06 5.549009e+00 
4.113623e-06 5.110399e+00 
4.123388e-06 4.811695e+00 
4.133153e-06 4.501147e+00 
4.142917e-06 4.179532e+00 
4.152682e-06 3.847915e+00 
4.162446e-06 3.508131e+00 
4.176374e-06 3.016525e+00 
4.183337e-06 2.772785e+00 
4.190311e-06 2.535077e+00 
4.206080e-06 2.052715e+00 
4.210939e-06 1.930837e+00 
4.215266e-06 1.838118e+00 
4.221852e-06 1.733044e+00 
4.227010e-06 1.688341e+00 
4.229589e-06 1.680702e+00 
4.232168e-06 1.684085e+00 
4.234486e-06 1.697328e+00 
4.236910e-06 1.722307e+00 
4.240545e-06 1.782971e+00 
4.243272e-06 1.848315e+00 
4.245568e-06 1.917612e+00 
4.252852e-06 2.233161e+00 
4.256009e-06 2.419818e+00 
4.261475e-06 2.822773e+00 
4.265788e-06 3.218154e+00 
4.272583e-06 3.992854e+00 
4.283727e-06 5.706129e+00 
4.290172e-06 6.967087e+00 
4.295477e-06 8.158995e+00 
4.302411e-06 9.925252e+00 
4.306961e-06 1.120825e+01 
4.312060e-06 1.275546e+01 
4.316731e-06 1.426554e+01 
4.321498e-06 1.588619e+01 
4.326512e-06 1.766181e+01 
4.330658e-06 1.917135e+01 
4.335163e-06 2.083803e+01 
4.340367e-06 2.277432e+01 
4.341941e-06 2.335828e+01 
4.348088e-06 2.560704e+01 
4.353370e-06 2.747021e+01 
4.357267e-06 2.878280e+01 
4.362655e-06 3.048338e+01 
4.364450e-06 3.101578e+01 
4.375321e-06 3.379148e+01 
4.376615e-06 3.406464e+01 
4.385674e-06 3.559253e+01 
4.389677e-06 3.604306e+01 
4.393499e-06 3.634066e+01 
4.398850e-06 3.653975e+01 
4.404231e-06 3.648877e+01 
4.408624e-06 3.626798e+01 
4.414391e-06 3.574984e+01 
4.419952e-06 3.502717e+01 
4.421806e-06 3.474235e+01 
4.427779e-06 3.369321e+01 
4.434013e-06 3.241700e+01 
4.436091e-06 3.195820e+01 
4.443970e-06 3.010666e+01 
4.446596e-06 2.946055e+01 
4.457101e-06 2.681263e+01 
4.461070e-06 2.581038e+01 
4.476827e-06 2.200537e+01 
4.497425e-06 1.780568e+01 
4.506006e-06 1.636971e+01 
4.516490e-06 1.485890e+01 
4.525476e-06 1.375911e+01 
4.535886e-06 1.268194e+01 
4.544239e-06 1.194920e+01 
4.556768e-06 1.103263e+01 
4.569297e-06 1.029468e+01 
4.582916e-06 9.653164e+00 
4.596534e-06 9.144879e+00 
4.605212e-06 8.877696e+00 
4.618229e-06 8.543758e+00 
4.631247e-06 8.272058e+00 
4.647950e-06 7.982294e+00 
4.677805e-06 7.511789e+00 
4.685698e-06 7.379251e+00 
4.700707e-06 7.105981e+00 
4.710853e-06 6.903996e+00 
4.729439e-06 6.500914e+00 
4.743582e-06 6.172038e+00 
4.762153e-06 5.723093e+00 
4.774316e-06 5.425062e+00 
4.806178e-06 4.680165e+00 
4.814670e-06 4.510025e+00 
4.823136e-06 4.364815e+00 
4.829436e-06 4.277898e+00 
4.842628e-06 4.174495e+00 
4.847126e-06 4.169141e+00 
4.859164e-06 4.246102e+00 
4.862220e-06 4.288937e+00 
4.871386e-06 4.478820e+00 
4.874662e-06 4.569643e+00 
4.879577e-06 4.728697e+00 
4.884492e-06 4.914726e+00 
4.890820e-06 5.192214e+00 
4.899862e-06 5.655784e+00 
4.918363e-06 6.777591e+00 
4.928840e-06 7.450947e+00 
4.931568e-06 7.623414e+00 
4.943141e-06 8.314465e+00 
4.945993e-06 8.470341e+00 
4.954550e-06 8.891151e+00 
4.959439e-06 9.095094e+00 
4.968772e-06 9.400104e+00 
4.972172e-06 9.481933e+00 
4.978122e-06 9.586256e+00 
4.983815e-06 9.639697e+00 
4.990357e-06 9.646412e+00 
4.996125e-06 9.606157e+00 
5.002436e-06 9.516304e+00 
5.010006e-06 9.352272e+00 
5.012991e-06 9.272728e+00 
5.025240e-06 8.875555e+00 
5.036191e-06 8.451505e+00 
5.060024e-06 7.449421e+00 
5.079188e-06 6.692386e+00 
5.086826e-06 6.423502e+00 
5.107082e-06 5.834062e+00 
5.111577e-06 5.730705e+00 
5.125152e-06 5.484920e+00 
5.138208e-06 5.345999e+00 
5.145477e-06 5.310214e+00 
5.152211e-06 5.302697e+00 
5.159053e-06 5.318902e+00 
5.164963e-06 5.350702e+00 
5.176322e-06 5.451447e+00 
5.190148e-06 5.624622e+00 
5.213297e-06 5.948915e+00 
5.225973e-06 6.095910e+00 
5.230528e-06 6.137834e+00 
5.241860e-06 6.211551e+00 
5.247368e-06 6.230570e+00 
5.255630e-06 6.238397e+00 
5.263892e-06 6.222877e+00 
5.274915e-06 6.171282e+00 
5.286775e-06 6.087303e+00 
5.319023e-06 5.822740e+00 
5.336427e-06 5.716681e+00 
5.349139e-06 5.666631e+00 
5.361958e-06 5.637148e+00 
5.388743e-06 5.616561e+00 
5.425250e-06 5.597447e+00 
5.456506e-06 5.555138e+00 
5.558061e-06 5.385346e+00 
5.616511e-06 5.271987e+00 
5.685381e-06 5.119973e+00 
5.731284e-06 5.041726e+00 
6.091292e-06 4.588576e+00 
6.717599e-06 3.914964e+00 
7.140847e-06 3.570403e+00 
7.702730e-06 3.133745e+00 
8.687881e-06 2.481509e+00 
8.934166e-06 2.319355e+00 
9.149666e-06 2.173037e+00 
9.338228e-06 2.037582e+00 
9.503220e-06 1.912612e+00 
9.660509e-06 1.788301e+00 
9.773910e-06 1.695920e+00 
9.885531e-06 1.602707e+00 
1.002064e-05 1.487616e+00 
1.015203e-05 1.375323e+00 
1.032529e-05 1.238141e+00 
1.036690e-05 1.210300e+00 
1.040331e-05 1.188865e+00 
1.043516e-05 1.172928e+00 
1.048743e-05 1.153783e+00 
1.052745e-05 1.146089e+00 
1.057059e-05 1.146025e+00 
1.059950e-05 1.152147e+00 
1.062662e-05 1.164155e+00 
1.065219e-05 1.183280e+00 
1.067456e-05 1.208718e+00 
1.069095e-05 1.234332e+00 
1.070079e-05 1.253256e+00 
1.071063e-05 1.275352e+00 
1.072375e-05 1.310611e+00 
1.073686e-05 1.353802e+00 
1.074998e-05 1.406663e+00 
1.076310e-05 1.471345e+00 
1.077621e-05 1.550514e+00 
1.078933e-05 1.647469e+00 
1.080245e-05 1.766271e+00 
1.081557e-05 1.911894e+00 
1.082868e-05 2.090379e+00 
1.084180e-05 2.308993e+00 
1.085492e-05 2.576376e+00 
1.086803e-05 2.902676e+00 
1.088115e-05 3.299646e+00 
1.089427e-05 3.780696e+00 
1.090738e-05 4.360876e+00 
1.092050e-05 5.056777e+00 
1.093690e-05 6.116813e+00 
1.098584e-05 1.089418e+01 
1.100726e-05 1.392387e+01 
1.102114e-05 1.623959e+01 
1.102947e-05 1.776710e+01 
1.104301e-05 2.047329e+01 
1.105655e-05 2.345314e+01 
1.108533e-05 3.063088e+01 
1.109167e-05 3.235074e+01 
1.111071e-05 3.773918e+01 
1.112113e-05 4.079565e+01 
1.113780e-05 4.575680e+01 
1.115145e-05 4.981207e+01 
1.116162e-05 5.277339e+01 
1.117090e-05 5.540147e+01 
1.118284e-05 5.863002e+01 
1.119132e-05 6.079348e+01 
1.120345e-05 6.365048e+01 
1.121465e-05 6.600126e+01 
1.122073e-05 6.714479e+01 
1.123660e-05 6.964444e+01 
1.124899e-05 7.106336e+01 
1.126203e-05 7.201275e+01 
1.127460e-05 7.237822e+01 
1.130154e-05 7.132147e+01 
1.131346e-05 7.007674e+01 
1.132905e-05 6.778518e+01 
1.133986e-05 6.579529e+01 
1.134898e-05 6.389116e+01 
1.135783e-05 6.186544e+01 
1.136820e-05 5.930340e+01 
1.138152e-05 5.576799e+01 
1.139337e-05 5.246095e+01 
1.140480e-05 4.918472e+01 
1.142215e-05 4.416820e+01 
1.143569e-05 4.032110e+01 
1.145684e-05 3.463565e+01 
1.149155e-05 2.678374e+01 
1.150243e-05 2.482051e+01 
1.151113e-05 2.344774e+01 
1.152000e-05 2.223755e+01 
1.152588e-05 2.154318e+01 
1.153381e-05 2.074572e+01 
1.154210e-05 2.008599e+01 
1.154900e-05 1.967245e+01 
1.155533e-05 1.940243e+01 
1.155797e-05 1.932065e+01 
1.157685e-05 1.925377e+01 
1.158451e-05 1.948022e+01 
1.159196e-05 1.983540e+01 
1.160083e-05 2.042547e+01 
1.160980e-05 2.119605e+01 
1.161835e-05 2.208516e+01 
1.163597e-05 2.433917e+01 
1.166469e-05 2.897102e+01 
1.168484e-05 3.266485e+01 
1.170159e-05 3.583267e+01 
1.171666e-05 3.864484e+01 
1.173426e-05 4.175897e+01 
1.174743e-05 4.388971e+01 
1.175227e-05 4.461996e+01 
1.176610e-05 4.651540e+01 
1.177528e-05 4.760284e+01 
1.180372e-05 4.998246e+01 
1.181605e-05 5.051489e+01 
1.183578e-05 5.071990e+01 
1.185057e-05 5.036400e+01 
1.186491e-05 4.962743e+01 
1.187765e-05 4.867612e+01 
1.188585e-05 4.793106e+01 
1.189404e-05 4.709163e+01 
1.191038e-05 4.517300e+01 
1.191582e-05 4.447139e+01 
1.192997e-05 4.253423e+01 
1.194411e-05 4.047122e+01 
1.195118e-05 3.940802e+01 
1.197239e-05 3.616139e+01 
1.200068e-05 3.189014e+01 
1.206884e-05 2.314371e+01 
1.208704e-05 2.132120e+01 
1.209797e-05 2.033525e+01 
1.211253e-05 1.914052e+01 
1.212710e-05 1.807428e+01 
1.215623e-05 1.628165e+01 
1.218536e-05 1.485867e+01 
1.221450e-05 1.370843e+01 
1.224363e-05 1.274931e+01 
1.227276e-05 1.192083e+01 
1.230269e-05 1.116437e+01 
1.236016e-05 9.904406e+00 
1.241842e-05 8.843952e+00 
1.246483e-05 8.145972e+00 
1.250000e-05 7.696603e+00 
1.253765e-05 7.282150e+00 
1.257241e-05 6.951379e+00 
1.262454e-05 6.529485e+00 
1.270788e-05 5.987899e+00 
1.280149e-05 5.507087e+00 
1.290018e-05 5.095918e+00 
1.299543e-05 4.764872e+00 
1.312524e-05 4.387714e+00 
1.326659e-05 4.045029e+00 
1.343997e-05 3.690877e+00 
1.364308e-05 3.343474e+00 
1.401450e-05 2.819011e+00 
1.427916e-05 2.486884e+00 
1.436163e-05 2.404087e+00 
1.438122e-05 2.388962e+00 
1.445440e-05 2.356682e+00 
1.448742e-05 2.357175e+00 
1.452281e-05 2.368818e+00 
1.457333e-05 2.402885e+00 
1.466440e-05 2.485835e+00 
1.469980e-05 2.510351e+00 
1.473520e-05 2.522644e+00 
1.477945e-05 2.515520e+00 
1.481042e-05 2.494315e+00 
1.484651e-05 2.453687e+00 
1.488924e-05 2.387633e+00 
1.494759e-05 2.279804e+00 
1.502573e-05 2.138750e+00 
1.506986e-05 2.075221e+00 
1.510668e-05 2.035147e+00 
1.513561e-05 2.012499e+00 
1.515874e-05 1.999920e+00 
1.520446e-05 1.988492e+00 
1.523942e-05 1.990334e+00 
1.526040e-05 1.995128e+00 
1.530543e-05 2.012802e+00 
1.545521e-05 2.100806e+00 
1.551360e-05 2.124659e+00 
1.553584e-05 2.129140e+00 
1.558830e-05 2.126777e+00 
1.563210e-05 2.109713e+00 
1.567686e-05 2.078809e+00 
1.573568e-05 2.022610e+00 
1.585647e-05 1.894338e+00 
1.587606e-05 1.876619e+00 
1.593571e-05 1.833381e+00 
1.598707e-05 1.810537e+00 
1.601809e-05 1.803092e+00 
1.607654e-05 1.800445e+00 
1.613125e-05 1.808667e+00 
1.620248e-05 1.829865e+00 
1.631290e-05 1.876783e+00 
1.647817e-05 1.966584e+00 
1.677820e-05 2.151048e+00 
1.686141e-05 2.211390e+00 
1.693643e-05 2.277191e+00 
1.701586e-05 2.363174e+00 
1.706269e-05 2.422645e+00 
1.714631e-05 2.544447e+00 
1.735063e-05 2.904976e+00 
1.752317e-05 3.256390e+00 
1.778132e-05 3.870608e+00 
1.821158e-05 5.159924e+00 
1.844876e-05 6.047286e+00 
1.867415e-05 7.051018e+00 
1.894461e-05 8.479604e+00 
1.916999e-05 9.888826e+00 
1.953354e-05 1.268387e+01 
1.983243e-05 1.558087e+01 
2.018366e-05 1.990314e+01 
2.037617e-05 2.278259e+01 
2.053600e-05 2.551308e+01 
2.074098e-05 2.954227e+01 
2.096558e-05 3.476771e+01 
2.107264e-05 3.762082e+01 
2.128008e-05 4.394508e+01 
2.147455e-05 5.099414e+01 
2.165687e-05 5.881370e+01 
2.182779e-05 6.745490e+01 
2.198803e-05 7.697279e+01 
2.213826e-05 8.742259e+01 
2.227909e-05 9.885431e+01 
2.241113e-05 1.113129e+02 
2.253491e-05 1.248415e+02 
2.265095e-05 1.394836e+02 
2.275974e-05 1.552828e+02 
2.286174e-05 1.722806e+02 
2.295736e-05 1.905157e+02 
2.304700e-05 2.100215e+02 
2.313104e-05 2.308237e+02 
2.320982e-05 2.529387e+02 
2.328369e-05 2.763754e+02 
2.337491e-05 3.096385e+02 
2.344229e-05 3.378710e+02 
2.353577e-05 3.833976e+02 
2.358926e-05 4.134567e+02 
2.363941e-05 4.448132e+02 
2.368642e-05 4.774461e+02 
2.377458e-05 5.489104e+02 
2.385171e-05 6.254842e+02 
2.391920e-05 7.068397e+02 
2.397825e-05 7.924997e+02 
2.402992e-05 8.817776e+02 
2.407514e-05 9.737656e+02 
2.411470e-05 1.067376e+03 
2.414932e-05 1.161417e+03 
2.417961e-05 1.254680e+03 
2.423261e-05 1.447756e+03 
2.427237e-05 1.623010e+03 
2.430218e-05 1.775255e+03 
2.432454e-05 1.902958e+03 
2.435809e-05 2.119333e+03 
2.439163e-05 2.369824e+03 
2.445167e-05 2.920749e+03 
2.449670e-05 3.438303e+03 
2.457174e-05 4.548837e+03 
2.469182e-05 7.144160e+03 
2.474704e-05 8.738227e+03 
2.476086e-05 9.179473e+03 
2.485763e-05 1.272997e+04 
2.491851e-05 1.532707e+04 
2.492612e-05 1.566679e+04 
2.497939e-05 1.810540e+04 
2.501628e-05 1.982160e+04 
2.505954e-05 2.180590e+04 
2.508592e-05 2.297392e+04 
2.511555e-05 2.422300e+04 
2.514825e-05 2.549755e+04 
2.517211e-05 2.634141e+04 
2.519838e-05 2.717072e+04 
2.522977e-05 2.800579e+04 
2.527108e-05 2.881186e+04 
2.530022e-05 2.916208e+04 
2.533202e-05 2.932604e+04 
2.536389e-05 2.925692e+04 
2.539374e-05 2.898092e+04 
2.542459e-05 2.848736e+04 
2.544099e-05 2.814237e+04 
2.547605e-05 2.722565e+04 
2.550463e-05 2.631364e+04 
2.553233e-05 2.530660e+04 
2.556282e-05 2.408015e+04 
2.559237e-05 2.279682e+04 
2.561720e-05 2.166432e+04 
2.564912e-05 2.015979e+04 
2.567956e-05 1.869902e+04 
2.571001e-05 1.723700e+04 
2.574425e-05 1.561741e+04 
2.577089e-05 1.439254e+04 
2.583177e-05 1.176465e+04 
2.587268e-05 1.016750e+04 
2.589266e-05 9.442968e+03 
2.593832e-05 7.929934e+03 
2.599163e-05 6.416425e+03 
2.606496e-05 4.756289e+03 
2.612574e-05 3.707166e+03 
2.616130e-05 3.210365e+03 
2.619242e-05 2.836816e+03 
2.621965e-05 2.551408e+03 
2.624347e-05 2.329970e+03 
2.628517e-05 1.997866e+03 
2.631644e-05 1.788573e+03 
2.636334e-05 1.527126e+03 
2.641025e-05 1.316512e+03 
2.644275e-05 1.194346e+03 
2.647525e-05 1.088053e+03 
2.654026e-05 9.131811e+02 
2.660725e-05 7.723120e+02 
2.667073e-05 6.651229e+02 
2.673622e-05 5.740985e+02 
2.680170e-05 4.979857e+02 
2.706364e-05 2.870585e+02 
2.716751e-05 2.296796e+02 
2.726010e-05 1.866457e+02 
2.745656e-05 1.146100e+02 
2.752969e-05 9.339524e+01 
2.766521e-05 6.140356e+01 
2.773297e-05 4.890088e+01 
2.783462e-05 3.439931e+01 
2.788544e-05 2.898901e+01 
2.791085e-05 2.672328e+01 
2.793626e-05 2.474143e+01 
2.795320e-05 2.357451e+01 
2.797861e-05 2.205079e+01 
2.800402e-05 2.079388e+01 
2.803790e-05 1.952515e+01 
2.805484e-05 1.906339e+01 
2.807178e-05 1.871642e+01 
2.808656e-05 1.850778e+01 
2.810068e-05 1.839123e+01 
2.811901e-05 1.836204e+01 
2.813748e-05 1.847542e+01 
2.815072e-05 1.864756e+01 
2.815911e-05 1.879695e+01 
2.817380e-05 1.913600e+01 
2.820683e-05 2.028051e+01 
2.822312e-05 2.105411e+01 
2.823087e-05 2.147436e+01 
2.824464e-05 2.230840e+01 
2.826635e-05 2.386698e+01 
2.829039e-05 2.597490e+01 
2.830265e-05 2.722062e+01 
2.832349e-05 2.963422e+01 
2.834690e-05 3.283716e+01 
2.836646e-05 3.596516e+01 
2.839159e-05 4.068202e+01 
2.843497e-05 5.103190e+01 
2.846750e-05 6.106711e+01 
2.848908e-05 6.904214e+01 
2.852667e-05 8.597173e+01 
2.856426e-05 1.076259e+02 
2.860760e-05 1.400395e+02 
2.873760e-05 3.099084e+02 
2.879105e-05 4.265277e+02 
2.883409e-05 5.482150e+02 
2.886585e-05 6.568749e+02 
2.889456e-05 7.707138e+02 
2.893363e-05 9.521453e+02 
2.897398e-05 1.175144e+03 
2.911670e-05 2.300861e+03 
2.913844e-05 2.521735e+03 
2.917532e-05 2.926331e+03 
2.920160e-05 3.236502e+03 
2.926624e-05 4.068213e+03 
2.929101e-05 4.408539e+03 
2.931498e-05 4.746539e+03 
2.934466e-05 5.173389e+03 
2.937941e-05 5.679220e+03 
2.940864e-05 6.104009e+03 
2.943992e-05 6.551530e+03 
2.947364e-05 7.018391e+03 
2.950925e-05 7.484440e+03 
2.954208e-05 7.881190e+03 
2.958703e-05 8.359329e+03 
2.962068e-05 8.658868e+03 
2.964194e-05 8.819209e+03 
2.967522e-05 9.021903e+03 
2.970668e-05 9.156453e+03 
2.972713e-05 9.213217e+03 
2.976130e-05 9.253320e+03 
2.978915e-05 9.235550e+03 
2.982191e-05 9.157963e+03 
2.985323e-05 9.028930e+03 
2.988027e-05 8.877014e+03 
2.991063e-05 8.665208e+03 
2.994686e-05 8.361465e+03 
2.996860e-05 8.155856e+03 
3.000505e-05 7.778017e+03 
3.004020e-05 7.382182e+03 
3.008366e-05 6.862967e+03 
3.012421e-05 6.361543e+03 
3.017048e-05 5.784865e+03 
3.018590e-05 5.594121e+03 
3.025739e-05 4.738130e+03 
3.031151e-05 4.137504e+03 
3.036909e-05 3.557910e+03 
3.054412e-05 2.218494e+03 
3.059603e-05 1.937776e+03 
3.064282e-05 1.723782e+03 
3.067703e-05 1.588249e+03 
3.070347e-05 1.494357e+03 
3.074869e-05 1.353430e+03 
3.080000e-05 1.219528e+03 
3.086096e-05 1.089918e+03 
3.090664e-05 1.009759e+03 
3.100363e-05 8.756554e+02 
3.108759e-05 7.881743e+02 
3.118522e-05 7.087097e+02 
3.130049e-05 6.354984e+02 
3.143912e-05 5.667914e+02 
3.156901e-05 5.152150e+02 
3.170193e-05 4.712969e+02 
3.187604e-05 4.232832e+02 
3.210966e-05 3.705746e+02 
3.226773e-05 3.408205e+02 
3.242580e-05 3.155600e+02 
3.251578e-05 3.032432e+02 
3.268461e-05 2.842467e+02 
3.275916e-05 2.775385e+02 
3.284122e-05 2.713011e+02 
3.304416e-05 2.607451e+02 
3.317760e-05 2.572324e+02 
3.326956e-05 2.560994e+02 
3.358976e-05 2.555343e+02 
3.366952e-05 2.550218e+02 
3.380801e-05 2.530170e+02 
3.391042e-05 2.506570e+02 
3.445453e-05 2.350609e+02 
3.475590e-05 2.288124e+02 
3.519557e-05 2.208815e+02 
3.578383e-05 2.098332e+02 
3.635068e-05 2.005516e+02 
3.723382e-05 1.885028e+02 
3.852563e-05 1.743083e+02 
3.996347e-05 1.616597e+02 
4.120975e-05 1.524642e+02 
4.270071e-05 1.431412e+02 
4.510159e-05 1.307054e+02 
5.036737e-05 1.102010e+02 
5.098724e-05 1.085046e+02 
5.186700e-05 1.073197e+02 
5.231109e-05 1.062707e+02 
5.297910e-05 1.042525e+02 
5.360277e-05 1.027252e+02 
5.570942e-05 9.844869e+01 
5.800000e-05 9.456855e+01 
6.008830e-05 9.176833e+01 
6.255327e-05 8.918694e+01 
6.553600e-05 8.696542e+01 
6.960070e-05 8.547316e+01 
7.310489e-05 8.509478e+01 
7.680000e-05 8.537545e+01 
8.810489e-05 8.735341e+01 
9.170955e-05 8.758560e+01 
9.470250e-05 8.747152e+01 
9.680985e-05 8.716533e+01 
9.903030e-05 8.659789e+01 
1.016913e-04 8.548877e+01 
1.040738e-04 8.409046e+01 
1.060325e-04 8.263712e+01 
1.078707e-04 8.097790e+01 
1.095959e-04 7.917664e+01 
1.119866e-04 7.629877e+01 
1.151481e-04 7.215530e+01 
1.161449e-04 7.194423e+01 
1.163923e-04 7.218990e+01 
1.171793e-04 7.390617e+01 
1.180437e-04 7.717529e+01 
1.188682e-04 8.120506e+01 
1.196546e-04 8.571020e+01 
1.204019e-04 9.061960e+01 
1.211315e-04 9.609509e+01 
1.220000e-04 1.036578e+02 
1.224742e-04 1.083515e+02 
1.233009e-04 1.176635e+02 
1.240767e-04 1.279505e+02 
1.248048e-04 1.392697e+02 
1.254880e-04 1.516812e+02 
1.261293e-04 1.652413e+02 
1.267311e-04 1.799985e+02 
1.273615e-04 1.980066e+02 
1.278427e-04 2.138575e+02 
1.284701e-04 2.378615e+02 
1.288400e-04 2.541232e+02 
1.292629e-04 2.750122e+02 
1.296783e-04 2.983422e+02 
1.300679e-04 3.232053e+02 
1.304330e-04 3.496251e+02 
1.307754e-04 3.776174e+02 
1.310964e-04 4.071925e+02 
1.315000e-04 4.498619e+02 
1.319438e-04 5.054744e+02 
1.323576e-04 5.678308e+02 
1.326421e-04 6.182324e+02 
1.330379e-04 7.016281e+02 
1.334329e-04 8.055256e+02 
1.337112e-04 8.957276e+02 
1.339862e-04 1.003510e+03 
1.342267e-04 1.117663e+03 
1.344372e-04 1.236963e+03 
1.346214e-04 1.359757e+03 
1.347826e-04 1.484133e+03 
1.349236e-04 1.608114e+03 
1.351704e-04 1.865451e+03 
1.353555e-04 2.098343e+03 
1.354943e-04 2.299220e+03 
1.357025e-04 2.648696e+03 
1.359107e-04 3.063759e+03 
1.367031e-04 5.385922e+03 
1.369143e-04 6.230440e+03 
1.370401e-04 6.779845e+03 
1.372301e-04 7.673486e+03 
1.374174e-04 8.622876e+03 
1.377540e-04 1.046952e+04 
1.377960e-04 1.070985e+04 
1.380905e-04 1.242091e+04 
1.382062e-04 1.309521e+04 
1.384271e-04 1.435738e+04 
1.385275e-04 1.491075e+04 
1.386982e-04 1.580752e+04 
1.388290e-04 1.644523e+04 
1.389357e-04 1.692754e+04 
1.390758e-04 1.749949e+04 
1.392222e-04 1.801290e+04 
1.393916e-04 1.848649e+04 
1.394579e-04 1.863367e+04 
1.396551e-04 1.893689e+04 
1.398043e-04 1.902644e+04 
1.400097e-04 1.894730e+04 
1.401581e-04 1.874482e+04 
1.402939e-04 1.845598e+04 
1.404622e-04 1.796803e+04 
1.405672e-04 1.759585e+04 
1.407982e-04 1.661560e+04 
1.409503e-04 1.586796e+04 
1.411092e-04 1.502050e+04 
1.412632e-04 1.415289e+04 
1.414248e-04 1.321407e+04 
1.416145e-04 1.210522e+04 
1.418206e-04 1.093052e+04 
1.423083e-04 8.506195e+03 
1.424660e-04 7.884805e+03 
1.428134e-04 6.875369e+03 
1.429231e-04 6.666692e+03 
1.429794e-04 6.580403e+03 
1.431063e-04 6.438380e+03 
1.431855e-04 6.385891e+03 
1.432876e-04 6.358473e+03 
1.433925e-04 6.375969e+03 
1.435042e-04 6.443145e+03 
1.436231e-04 6.566367e+03 
1.437563e-04 6.762306e+03 
1.439003e-04 7.034883e+03 
1.440878e-04 7.468451e+03 
1.445590e-04 8.794040e+03 
1.447835e-04 9.454450e+03 
1.449691e-04 9.972308e+03 
1.451396e-04 1.040596e+04 
1.453136e-04 1.079113e+04 
1.454869e-04 1.110494e+04 
1.456536e-04 1.133214e+04 
1.457252e-04 1.140567e+04 
1.459715e-04 1.154375e+04 
1.460829e-04 1.154692e+04 
1.462422e-04 1.148822e+04 
1.463446e-04 1.141235e+04 
1.465144e-04 1.122420e+04 
1.466324e-04 1.105069e+04 
1.467874e-04 1.077485e+04 
1.469367e-04 1.046305e+04 
1.471610e-04 9.925334e+03 
1.473354e-04 9.462448e+03 
1.475535e-04 8.847263e+03 
1.476851e-04 8.464409e+03 
1.480333e-04 7.443852e+03 
1.482118e-04 6.932138e+03 
1.486419e-04 5.781220e+03 
1.494157e-04 4.130018e+03 
1.496154e-04 3.798899e+03 
1.498861e-04 3.408032e+03 
1.501567e-04 3.077626e+03 
1.503577e-04 2.866941e+03 
1.507202e-04 2.550334e+03 
1.511278e-04 2.272987e+03 
1.515169e-04 2.066951e+03 
1.517628e-04 1.959280e+03 
1.519961e-04 1.870014e+03 
1.523201e-04 1.762963e+03 
1.526769e-04 1.663184e+03 
1.530403e-04 1.576707e+03 
1.534242e-04 1.498079e+03 
1.538609e-04 1.420780e+03 
1.542797e-04 1.355863e+03 
1.550417e-04 1.254497e+03 
1.557742e-04 1.172298e+03 
1.563801e-04 1.113765e+03 
1.570499e-04 1.058435e+03 
1.576155e-04 1.019041e+03 
1.582747e-04 9.807543e+02 
1.588566e-04 9.525869e+02 
1.597458e-04 9.166637e+02 
1.603245e-04 8.961923e+02 
1.616707e-04 8.535430e+02 
1.632212e-04 8.119762e+02 
1.650573e-04 7.739837e+02 
1.666310e-04 7.497270e+02 
1.680311e-04 7.330192e+02 
1.702283e-04 7.133334e+02 
1.726000e-04 6.980033e+02 
1.752871e-04 6.840486e+02 
1.792500e-04 6.663317e+02 
1.876425e-04 6.348717e+02 
1.961867e-04 6.079284e+02 
2.042559e-04 5.873748e+02 
2.121871e-04 5.706457e+02 
2.207246e-04 5.563092e+02 
2.305125e-04 5.440214e+02 
2.583838e-04 5.177970e+02 
2.641674e-04 5.160292e+02 
2.674920e-04 5.165031e+02 
2.702845e-04 5.207902e+02 
2.730157e-04 5.256917e+02 
2.749264e-04 5.250017e+02 
2.785136e-04 5.186785e+02 
2.802836e-04 5.193806e+02 
2.810139e-04 5.207559e+02 
2.849691e-04 5.332748e+02 
2.896530e-04 5.457713e+02 
3.016140e-04 5.647991e+02 
3.116584e-04 5.770274e+02 
3.218840e-04 5.959086e+02 
3.396604e-04 6.207163e+02 
3.612431e-04 6.431401e+02 
3.766831e-04 6.550918e+02 
3.816022e-04 6.611568e+02 
3.925602e-04 6.820656e+02 
4.102630e-04 7.071573e+02 
4.466836e-04 7.441285e+02 
4.915796e-04 7.785446e+02 
5.401321e-04 8.064805e+02 
5.895994e-04 8.256799e+02 
6.425737e-04 8.369763e+02 
6.943832e-04 8.391879e+02 
7.455899e-04 8.333030e+02 
8.013793e-04 8.153779e+02 
8.562192e-04 7.888909e+02 
9.022201e-04 7.592447e+02 
9.495110e-04 7.206336e+02 
9.901406e-04 6.790594e+02 
1.021821e-03 6.395577e+02 
1.050147e-03 5.976338e+02 
1.074608e-03 5.546501e+02 
1.093327e-03 5.160441e+02 
1.110843e-03 4.743949e+02 
1.125285e-03 4.349677e+02 
1.136686e-03 4.012639e+02 
1.146503e-03 3.915357e+02 
1.154319e-03 4.718528e+02 
1.155079e-03 4.891451e+02 
1.159353e-03 6.344104e+02 
1.160765e-03 7.031197e+02 
1.163608e-03 8.759287e+02 
1.166452e-03 1.093683e+03 
1.169494e-03 1.366956e+03 
1.173134e-03 1.719129e+03 
1.176365e-03 2.015857e+03 
1.177559e-03 2.113553e+03 
1.180461e-03 2.309660e+03 
1.181009e-03 2.338949e+03 
1.183887e-03 2.448530e+03 
1.186766e-03 2.484083e+03 
1.189714e-03 2.456103e+03 
1.191790e-03 2.409764e+03 
1.197725e-03 2.249337e+03 
1.199993e-03 2.205086e+03 
1.201678e-03 2.183417e+03 
1.203714e-03 2.169686e+03 
1.206803e-03 2.167860e+03 
1.209902e-03 2.172048e+03 
1.214281e-03 2.145745e+03 
1.215012e-03 2.134505e+03 
1.217959e-03 2.064212e+03 
1.220906e-03 1.953601e+03 
1.224840e-03 1.755450e+03 
1.229386e-03 1.494009e+03 
1.235096e-03 1.195741e+03 
1.238013e-03 1.078216e+03 
1.240938e-03 9.891166e+02 
1.243849e-03 9.278251e+02 
1.248080e-03 8.797993e+02 
1.252323e-03 8.668948e+02 
1.257040e-03 8.766899e+02 
1.261292e-03 8.958548e+02 
1.272406e-03 9.549505e+02 
1.279689e-03 9.913282e+02 
1.292746e-03 1.051446e+03 
1.314389e-03 1.143230e+03 
1.330646e-03 1.205372e+03 
1.348963e-03 1.266205e+03 
1.371737e-03 1.329772e+03 
1.390285e-03 1.371509e+03 
1.410806e-03 1.406700e+03 
1.429665e-03 1.428972e+03 
1.449870e-03 1.443666e+03 
1.467975e-03 1.448872e+03 
1.500774e-03 1.445093e+03 
1.509106e-03 1.448801e+03 
1.516949e-03 1.458328e+03 
1.527693e-03 1.481353e+03 
1.552227e-03 1.549762e+03 
1.574375e-03 1.606369e+03 
1.583058e-03 1.625490e+03 
1.595937e-03 1.648727e+03 
1.613349e-03 1.670937e+03 
1.655588e-03 1.703408e+03 
1.679741e-03 1.733401e+03 
1.717908e-03 1.791712e+03 
1.731459e-03 1.809628e+03 
1.748810e-03 1.827868e+03 
1.770960e-03 1.844166e+03 
1.797683e-03 1.855573e+03 
1.847084e-03 1.863003e+03 
1.858904e-03 1.870426e+03 
1.877186e-03 1.891134e+03 
1.909802e-03 1.931578e+03 
1.931777e-03 1.949157e+03 
1.957011e-03 1.963076e+03 
2.030746e-03 1.988736e+03 
2.107036e-03 2.002475e+03 
2.215485e-03 2.007589e+03 
2.368816e-03 2.000986e+03 
2.564853e-03 1.974469e+03 
2.742846e-03 1.941494e+03 
2.995185e-03 1.882809e+03 
3.219678e-03 1.828471e+03 
3.445432e-03 1.766710e+03 
3.729333e-03 1.689509e+03 
3.900000e-03 1.644489e+03 
4.105590e-03 1.589706e+03 
4.474300e-03 1.492561e+03 
4.684088e-03 1.438723e+03 
4.903959e-03 1.383735e+03 
5.109736e-03 1.333393e+03 
5.328135e-03 1.280995e+03 
5.556543e-03 1.226423e+03 
5.778506e-03 1.173953e+03 
5.966105e-03 1.128994e+03 
6.137244e-03 1.087360e+03 
6.283179e-03 1.050994e+03 
6.423327e-03 1.014904e+03 
6.543649e-03 9.823522e+02 
6.646193e-03 9.528024e+02 
6.737632e-03 9.245439e+02 
6.816270e-03 8.981545e+02 
6.878842e-03 8.750477e+02 
6.929692e-03 8.541755e+02 
6.979708e-03 8.308075e+02 
7.021276e-03 8.081687e+02 
7.065877e-03 7.796022e+02 
7.127778e-03 7.344040e+02 
7.161434e-03 7.115946e+02 
7.190378e-03 6.968939e+02 
7.211961e-03 6.904968e+02 
7.234148e-03 6.887564e+02 
7.254824e-03 6.916436e+02 
7.277015e-03 6.991167e+02 
7.302890e-03 7.122355e+02 
7.368043e-03 7.531766e+02 
7.389261e-03 7.655393e+02 
7.414537e-03 7.783937e+02 
7.446035e-03 7.912547e+02 
7.476081e-03 8.004439e+02 
7.509680e-03 8.077251e+02 
7.554042e-03 8.135583e+02 
7.602699e-03 8.161484e+02 
7.651584e-03 8.153732e+02 
7.698276e-03 8.115591e+02 
7.740444e-03 8.054829e+02 
7.868328e-03 7.799097e+02 
7.909366e-03 7.767376e+02 
7.947684e-03 7.793392e+02 
7.980805e-03 7.858569e+02 
8.085511e-03 8.171230e+02 
8.137097e-03 8.286082e+02 
8.168532e-03 8.329532e+02 
8.298935e-03 8.410969e+02 
8.350620e-03 8.479036e+02 
8.433494e-03 8.668355e+02 
8.506862e-03 8.850780e+02 
8.547341e-03 8.933605e+02 
8.592609e-03 9.007065e+02 
8.642448e-03 9.067931e+02 
8.710104e-03 9.126777e+02 
8.869263e-03 9.202417e+02 
9.047961e-03 9.227534e+02 
9.353562e-03 9.191971e+02 
9.588556e-03 9.120592e+02 
9.980682e-03 8.947774e+02 
1.040815e-02 8.719324e+02 
1.100653e-02 8.364799e+02 
1.169205e-02 7.940350e+02 
1.264970e-02 7.359320e+02 
1.373048e-02 6.754180e+02 
1.525253e-02 6.002522e+02 
1.720196e-02 5.203423e+02 
1.945792e-02 4.463412e+02 
2.132585e-02 3.963056e+02 
2.363860e-02 3.445945e+02 
2.554996e-02 3.082962e+02 
2.765327e-02 2.737692e+02 
3.002695e-02 2.407070e+02 
3.377786e-02 1.991903e+02 
3.641942e-02 1.759020e+02 
3.791432e-02 1.642577e+02 
3.944903e-02 1.531790e+02 
4.186959e-02 1.372331e+02 
4.382286e-02 1.254565e+02 
4.537711e-02 1.165394e+02 
4.652087e-02 1.100260e+02 
4.743597e-02 1.046186e+02 
4.815281e-02 9.999589e+01 
4.844764e-02 9.787618e+01 
4.869125e-02 9.595124e+01 
4.906525e-02 9.255402e+01 
4.950483e-02 8.791545e+01 
4.984273e-02 8.458995e+01 
5.003948e-02 8.322396e+01 
5.019573e-02 8.260564e+01 
5.035203e-02 8.245034e+01 
5.052344e-02 8.279141e+01 
5.072630e-02 8.375071e+01 
5.136559e-02 8.799975e+01 
5.160791e-02 8.924866e+01 
5.188000e-02 9.024206e+01 
5.230937e-02 9.112567e+01 
5.287834e-02 9.153405e+01 
5.350000e-02 9.145194e+01 
5.437514e-02 9.084261e+01 
5.588415e-02 8.908994e+01 
5.762848e-02 8.649817e+01 
6.017435e-02 8.229399e+01 
6.385816e-02 7.612238e+01 
6.761313e-02 7.018400e+01 
7.261321e-02 6.302001e+01 
7.791362e-02 5.634685e+01 
8.629781e-02 4.754430e+01 
9.988631e-02 3.699698e+01 
1.127685e-01 2.986898e+01 
1.302433e-01 2.301453e+01 
1.859504e-01 1.196771e+01 
2.235502e-01 8.489059e+00 
2.693883e-01 5.955641e+00 
3.636582e-01 3.338732e+00 
5.498375e-01 1.490407e+00 
8.759917e-01 5.956865e-01 
1.546860e+00 1.927696e-01 
4.068655e+00 2.798330e-02 
1.228714e+01 3.070229e-03 
3.710658e+01 3.366673e-04 
1.120601e+02 3.691512e-05 
3.384160e+02 4.047666e-06 
1.258925e+03 2.924869e-07 
3.981072e+03 2.924869e-08 
1.258925e+04 2.924869e-09 
3.981072e+04 2.924870e-10 
1.000000e+05 4.635610e-11 
-1           -1           
-2           -2           
