% -----------------------------------------------------------------------
%   Program Name: re-cs-66.dat 
%   Author: the Geant4 Collaboration
%   Organization: the Geant4 Collaboration
%   Version: unknown
%   Date: circa 2006
%   Class: Public
%   Copyright (c) Copyright Holders of the Geant4 Collaboration, 1994-2006.
%   See http://cern.ch/geant4/license for details on the copyright holders.
%   All rights not expressly granted under this license are reserved.
% -----------------------------------------------------------------------
1.000000e-06 1.333295e-01 
1.122974e-06 2.343631e-01 
1.163687e-06 2.803292e-01 
1.201855e-06 3.307810e-01 
1.237637e-06 3.856022e-01 
1.271183e-06 4.446306e-01 
1.302633e-06 5.076627e-01 
1.332117e-06 5.744583e-01 
1.385672e-06 7.182233e-01 
1.409966e-06 7.945952e-01 
1.432741e-06 8.742481e-01 
1.475446e-06 1.044829e+00 
1.512812e-06 1.220686e+00 
1.545507e-06 1.399526e+00 
1.574116e-06 1.578453e+00 
1.599149e-06 1.754987e+00 
1.621052e-06 1.928365e+00 
1.659383e-06 2.275483e+00 
1.688131e-06 2.578359e+00 
1.709692e-06 2.836931e+00 
1.742034e-06 3.281109e+00 
1.783111e-06 3.954624e+00 
1.813683e-06 4.562798e+00 
1.844254e-06 5.286148e+00 
1.861724e-06 5.762091e+00 
1.883964e-06 6.442426e+00 
1.903425e-06 7.115428e+00 
1.920452e-06 7.776807e+00 
1.935352e-06 8.420724e+00 
1.961425e-06 9.708564e+00 
1.980981e-06 1.083497e+01 
1.995647e-06 1.179371e+01 
2.017647e-06 1.344377e+01 
2.044667e-06 1.588344e+01 
2.064748e-06 1.808585e+01 
2.084830e-06 2.072122e+01 
2.099891e-06 2.304815e+01 
2.114952e-06 2.574627e+01 
2.130013e-06 2.890092e+01 
2.140053e-06 3.131010e+01 
2.151277e-06 3.434840e+01 
2.161798e-06 3.758724e+01 
2.171663e-06 4.103301e+01 
2.180910e-06 4.469269e+01 
2.189580e-06 4.857297e+01 
2.197708e-06 5.268018e+01 
2.205328e-06 5.702056e+01 
2.212471e-06 6.160048e+01 
2.219168e-06 6.642651e+01 
2.225447e-06 7.150534e+01 
2.231333e-06 7.684370e+01 
2.236851e-06 8.244856e+01 
2.242025e-06 8.832762e+01 
2.246875e-06 9.449020e+01 
2.251422e-06 1.009482e+02 
2.259947e-06 1.153162e+02 
2.267407e-06 1.311898e+02 
2.273934e-06 1.487558e+02 
2.279646e-06 1.681329e+02 
2.284643e-06 1.892909e+02 
2.289016e-06 2.120165e+02 
2.292842e-06 2.359349e+02 
2.296190e-06 2.605679e+02 
2.299119e-06 2.854044e+02 
2.301683e-06 3.099588e+02 
2.305888e-06 3.566301e+02 
2.311898e-06 4.388712e+02 
2.321320e-06 6.088513e+02 
2.325335e-06 6.965949e+02 
2.328190e-06 7.639869e+02 
2.331044e-06 8.349271e+02 
2.336754e-06 9.843069e+02 
2.337467e-06 1.003382e+03 
2.342463e-06 1.136597e+03 
2.344426e-06 1.187745e+03 
2.348173e-06 1.281085e+03 
2.350135e-06 1.326756e+03 
2.352009e-06 1.367667e+03 
2.353882e-06 1.405512e+03 
2.356380e-06 1.450470e+03 
2.358789e-06 1.487066e+03 
2.361019e-06 1.514370e+03 
2.362892e-06 1.532025e+03 
2.365301e-06 1.547213e+03 
2.368513e-06 1.553702e+03 
2.371189e-06 1.546770e+03 
2.372183e-06 1.541326e+03 
2.374451e-06 1.523140e+03 
2.376985e-06 1.493594e+03 
2.378995e-06 1.463525e+03 
2.381730e-06 1.413824e+03 
2.384115e-06 1.362939e+03 
2.385828e-06 1.322519e+03 
2.388317e-06 1.258784e+03 
2.390126e-06 1.209278e+03 
2.392802e-06 1.132181e+03 
2.395187e-06 1.060562e+03 
2.397099e-06 1.001880e+03 
2.399558e-06 9.256793e+02 
2.402056e-06 8.483899e+02 
2.404665e-06 7.688747e+02 
2.408122e-06 6.672055e+02 
2.410620e-06 5.974144e+02 
2.411334e-06 5.781501e+02 
2.414679e-06 4.923758e+02 
2.416686e-06 4.448014e+02 
2.422753e-06 3.205471e+02 
2.430603e-06 2.052798e+02 
2.433053e-06 1.796805e+02 
2.434857e-06 1.638510e+02 
2.436573e-06 1.511221e+02 
2.438031e-06 1.420516e+02 
2.439347e-06 1.352115e+02 
2.440534e-06 1.301191e+02 
2.441697e-06 1.261077e+02 
2.442458e-06 1.240011e+02 
2.443207e-06 1.223254e+02 
2.443945e-06 1.210593e+02 
2.467183e-06 2.874278e+02 
2.474854e-06 4.565475e+02 
2.478502e-06 5.660536e+02 
2.481296e-06 6.647558e+02 
2.483577e-06 7.558159e+02 
2.486572e-06 8.906785e+02 
2.490151e-06 1.076348e+03 
2.492780e-06 1.230697e+03 
2.494666e-06 1.351098e+03 
2.496551e-06 1.479747e+03 
2.499616e-06 1.706548e+03 
2.502681e-06 1.955021e+03 
2.509194e-06 2.550211e+03 
2.510631e-06 2.692444e+03 
2.514402e-06 3.080890e+03 
2.517299e-06 3.390776e+03 
2.521071e-06 3.802305e+03 
2.524184e-06 4.142655e+03 
2.527201e-06 4.467039e+03 
2.530313e-06 4.789806e+03 
2.533330e-06 5.084939e+03 
2.536012e-06 5.327789e+03 
2.538975e-06 5.569770e+03 
2.539843e-06 5.634710e+03 
2.543435e-06 5.871306e+03 
2.546240e-06 6.016764e+03 
2.549507e-06 6.138820e+03 
2.552163e-06 6.198487e+03 
2.558041e-06 6.201044e+03 
2.559717e-06 6.169352e+03 
2.564363e-06 6.010078e+03 
2.567281e-06 5.860084e+03 
2.570110e-06 5.681937e+03 
2.573222e-06 5.453272e+03 
2.576239e-06 5.204257e+03 
2.578921e-06 4.964767e+03 
2.581507e-06 4.721496e+03 
2.585434e-06 4.336830e+03 
2.588499e-06 4.030410e+03 
2.591947e-06 3.686133e+03 
2.594629e-06 3.422658e+03 
2.600759e-06 2.848914e+03 
2.602866e-06 2.664088e+03 
2.606889e-06 2.332590e+03 
2.612252e-06 1.938286e+03 
2.618706e-06 1.539109e+03 
2.628561e-06 1.079385e+03 
2.634134e-06 8.887349e+02 
2.636903e-06 8.095408e+02 
2.639662e-06 7.396644e+02 
2.642410e-06 6.780860e+02 
2.645148e-06 6.238499e+02 
2.650602e-06 5.337956e+02 
2.656012e-06 4.636032e+02 
2.661381e-06 4.083645e+02 
2.666708e-06 3.643030e+02 
2.671993e-06 3.285924e+02 
2.677237e-06 2.991595e+02 
2.682440e-06 2.745012e+02 
2.687602e-06 2.535316e+02 
2.692724e-06 2.354628e+02 
2.697806e-06 2.197167e+02 
2.707890e-06 1.934817e+02 
2.717817e-06 1.725823e+02 
2.727588e-06 1.555451e+02 
2.737207e-06 1.414060e+02 
2.746676e-06 1.295026e+02 
2.755997e-06 1.193616e+02 
2.765172e-06 1.106338e+02 
2.774203e-06 1.030554e+02 
2.783094e-06 9.642217e+01 
2.791846e-06 9.057344e+01 
2.809075e-06 8.067299e+01 
2.825767e-06 7.270282e+01 
2.841937e-06 6.616680e+01 
2.857601e-06 6.072790e+01 
2.872776e-06 5.614535e+01 
2.887477e-06 5.224258e+01 
2.901718e-06 4.888709e+01 
2.915515e-06 4.597563e+01 
2.942245e-06 4.110498e+01 
2.967305e-06 3.727274e+01 
2.990798e-06 3.419587e+01 
3.012824e-06 3.168465e+01 
3.033472e-06 2.960626e+01 
3.052830e-06 2.786385e+01 
3.089127e-06 2.502427e+01 
3.120886e-06 2.290538e+01 
3.148675e-06 2.128644e+01 
3.172991e-06 2.002371e+01 
3.215544e-06 1.808598e+01 
3.247458e-06 1.682046e+01 
3.295330e-06 1.516589e+01 
3.376117e-06 1.285465e+01 
3.507779e-06 9.983956e+00 
3.606177e-06 8.219793e+00 
3.679976e-06 6.964087e+00 
3.707651e-06 6.489257e+00 
3.731866e-06 6.062561e+00 
3.753054e-06 5.675172e+00 
3.771594e-06 5.320795e+00 
3.787816e-06 4.994870e+00 
3.802011e-06 4.694035e+00 
3.814431e-06 4.415808e+00 
3.825299e-06 4.158417e+00 
3.834808e-06 3.920692e+00 
3.843129e-06 3.701933e+00 
3.857690e-06 3.293247e+00 
3.868610e-06 2.966484e+00 
3.876801e-06 2.713715e+00 
3.882944e-06 2.523231e+00 
3.891006e-06 2.278583e+00 
3.901373e-06 1.991044e+00 
3.903773e-06 1.932051e+00 
3.910975e-06 1.781342e+00 
3.915777e-06 1.709435e+00 
3.918177e-06 1.684307e+00 
3.920578e-06 1.667509e+00 
3.927780e-06 1.676301e+00 
3.930181e-06 1.702252e+00 
3.931381e-06 1.720132e+00 
3.935582e-06 1.810827e+00 
3.937683e-06 1.873940e+00 
3.939784e-06 1.949944e+00 
3.940984e-06 1.999471e+00 
3.945185e-06 2.210220e+00 
3.948336e-06 2.409392e+00 
3.951982e-06 2.687831e+00 
3.955509e-06 3.010117e+00 
3.960691e-06 3.585632e+00 
3.974370e-06 5.759963e+00 
3.983552e-06 7.803188e+00 
3.988755e-06 9.175264e+00 
3.993566e-06 1.057719e+01 
3.998452e-06 1.212445e+01 
4.003245e-06 1.375153e+01 
4.007877e-06 1.541143e+01 
4.012528e-06 1.714756e+01 
4.016804e-06 1.878721e+01 
4.020950e-06 2.039808e+01 
4.024506e-06 2.178263e+01 
4.030387e-06 2.404353e+01 
4.034817e-06 2.569197e+01 
4.039543e-06 2.736846e+01 
4.042867e-06 2.848057e+01 
4.048854e-06 3.030947e+01 
4.051458e-06 3.102420e+01 
4.060581e-06 3.307764e+01 
4.065272e-06 3.383298e+01 
4.069021e-06 3.428058e+01 
4.074062e-06 3.465935e+01 
4.078601e-06 3.478247e+01 
4.082308e-06 3.473351e+01 
4.087172e-06 3.447430e+01 
4.090300e-06 3.419740e+01 
4.093427e-06 3.384017e+01 
4.099506e-06 3.293808e+01 
4.106804e-06 3.154974e+01 
4.109237e-06 3.102711e+01 
4.116535e-06 2.932652e+01 
4.118968e-06 2.872638e+01 
4.128699e-06 2.624184e+01 
4.131716e-06 2.546312e+01 
4.140768e-06 2.316920e+01 
4.158818e-06 1.906578e+01 
4.166353e-06 1.761354e+01 
4.173651e-06 1.636587e+01 
4.180722e-06 1.530246e+01 
4.187572e-06 1.439970e+01 
4.200843e-06 1.296264e+01 
4.213285e-06 1.191820e+01 
4.224949e-06 1.113756e+01 
4.235884e-06 1.053417e+01 
4.256387e-06 9.631642e+00 
4.274328e-06 9.002251e+00 
4.305724e-06 8.111045e+00 
4.352818e-06 7.036778e+00 
4.399931e-06 6.071456e+00 
4.410761e-06 5.843945e+00 
4.421591e-06 5.608441e+00 
4.432421e-06 5.362612e+00 
4.443251e-06 5.105470e+00 
4.454081e-06 4.838528e+00 
4.466600e-06 4.525045e+00 
4.485378e-06 4.084515e+00 
4.492123e-06 3.951304e+00 
4.500498e-06 3.818423e+00 
4.508786e-06 3.734611e+00 
4.511548e-06 3.719500e+00 
4.522599e-06 3.735570e+00 
4.525361e-06 3.760788e+00 
4.533649e-06 3.892627e+00 
4.536411e-06 3.956045e+00 
4.540555e-06 4.069853e+00 
4.544699e-06 4.206097e+00 
4.549879e-06 4.407424e+00 
4.554109e-06 4.596436e+00 
4.559661e-06 4.875719e+00 
4.577850e-06 5.981924e+00 
4.587519e-06 6.631546e+00 
4.588900e-06 6.724472e+00 
4.599950e-06 7.444567e+00 
4.601331e-06 7.529804e+00 
4.611000e-06 8.079543e+00 
4.617216e-06 8.378960e+00 
4.622050e-06 8.576917e+00 
4.628051e-06 8.776039e+00 
4.632951e-06 8.898412e+00 
4.636626e-06 8.965909e+00 
4.642139e-06 9.028141e+00 
4.647651e-06 9.044538e+00 
4.651426e-06 9.030377e+00 
4.655201e-06 8.996635e+00 
4.663489e-06 8.859557e+00 
4.666251e-06 8.796483e+00 
4.677301e-06 8.472629e+00 
4.688352e-06 8.063010e+00 
4.695582e-06 7.766261e+00 
4.706571e-06 7.295370e+00 
4.721897e-06 6.641721e+00 
4.746179e-06 5.718248e+00 
4.757861e-06 5.352179e+00 
4.769543e-06 5.049190e+00 
4.781225e-06 4.816793e+00 
4.792907e-06 4.661118e+00 
4.798748e-06 4.613233e+00 
4.804589e-06 4.585408e+00 
4.810430e-06 4.577262e+00 
4.814811e-06 4.583602e+00 
4.821382e-06 4.611890e+00 
4.827954e-06 4.660588e+00 
4.836715e-06 4.751896e+00 
4.863000e-06 5.114656e+00 
4.874682e-06 5.263893e+00 
4.883755e-06 5.353677e+00 
4.889199e-06 5.393144e+00 
4.895216e-06 5.422745e+00 
4.904241e-06 5.438451e+00 
4.913267e-06 5.420635e+00 
4.921411e-06 5.378889e+00 
4.933093e-06 5.285859e+00 
4.944925e-06 5.167213e+00 
4.971060e-06 4.902987e+00 
4.985077e-06 4.795790e+00 
4.997506e-06 4.728867e+00 
5.009540e-06 4.686346e+00 
5.027591e-06 4.649358e+00 
5.061813e-06 4.594023e+00 
5.086468e-06 4.530811e+00 
5.214172e-06 4.125466e+00 
5.259613e-06 3.966980e+00 
5.361632e-06 3.596348e+00 
5.424482e-06 3.392677e+00 
5.464728e-06 3.251125e+00 
5.485217e-06 3.175667e+00 
5.529829e-06 3.005557e+00 
5.570015e-06 2.844636e+00 
5.610200e-06 2.676133e+00 
5.688982e-06 2.326929e+00 
5.739924e-06 2.083516e+00 
5.788531e-06 1.833949e+00 
5.806784e-06 1.735336e+00 
5.828275e-06 1.615524e+00 
5.860511e-06 1.427966e+00 
5.876629e-06 1.330610e+00 
5.892748e-06 1.230931e+00 
5.907252e-06 1.139367e+00 
5.921756e-06 1.046237e+00 
5.936260e-06 9.518607e-01 
5.950765e-06 8.567431e-01 
5.965269e-06 7.616673e-01 
5.979773e-06 6.678585e-01 
5.994277e-06 5.772662e-01 
6.001529e-06 5.340998e-01 
6.016034e-06 4.548899e-01 
6.023286e-06 4.205209e-01 
6.030538e-06 3.911787e-01 
6.037790e-06 3.684372e-01 
6.045042e-06 3.543142e-01 
6.052294e-06 3.513786e-01 
6.059546e-06 3.628725e-01 
6.063172e-06 3.752609e-01 
6.066798e-06 3.928468e-01 
6.070425e-06 4.162870e-01 
6.076207e-06 4.676011e-01 
6.078583e-06 4.943111e-01 
6.081303e-06 5.293642e-01 
6.084929e-06 5.842397e-01 
6.087648e-06 6.320727e-01 
6.089688e-06 6.720207e-01 
6.094277e-06 7.758622e-01 
6.099206e-06 9.113782e-01 
6.107657e-06 1.211658e+00 
6.119350e-06 1.802504e+00 
6.128215e-06 2.420546e+00 
6.133073e-06 2.833734e+00 
6.139320e-06 3.453238e+00 
6.145495e-06 4.174046e+00 
6.151482e-06 4.986535e+00 
6.158245e-06 6.052618e+00 
6.162791e-06 6.864342e+00 
6.169275e-06 8.164138e+00 
6.173166e-06 9.028097e+00 
6.176955e-06 9.932611e+00 
6.182639e-06 1.140949e+01 
6.189270e-06 1.331934e+01 
6.191046e-06 1.386554e+01 
6.200372e-06 1.697364e+01 
6.206203e-06 1.911982e+01 
6.219584e-06 2.459398e+01 
6.224469e-06 2.676346e+01 
6.234742e-06 3.156549e+01 
6.241957e-06 3.508322e+01 
6.248951e-06 3.855600e+01 
6.255405e-06 4.177323e+01 
6.261661e-06 4.486314e+01 
6.267898e-06 4.787591e+01 
6.274470e-06 5.093255e+01 
6.279739e-06 5.326475e+01 
6.288802e-06 5.695598e+01 
6.296092e-06 5.956737e+01 
6.305199e-06 6.229696e+01 
6.311186e-06 6.373205e+01 
6.314362e-06 6.436988e+01 
6.322143e-06 6.555595e+01 
6.327849e-06 6.607747e+01 
6.330861e-06 6.623263e+01 
6.340842e-06 6.615771e+01 
6.348058e-06 6.555489e+01 
6.355051e-06 6.455611e+01 
6.362748e-06 6.302203e+01 
6.370209e-06 6.114593e+01 
6.376840e-06 5.919898e+01 
6.383234e-06 5.711107e+01 
6.392944e-06 5.362896e+01 
6.400523e-06 5.072345e+01 
6.414022e-06 4.533870e+01 
6.430837e-06 3.864344e+01 
6.438746e-06 3.562304e+01 
6.457497e-06 2.904237e+01 
6.493459e-06 1.933454e+01 
6.501382e-06 1.771965e+01 
6.509305e-06 1.627560e+01 
6.517228e-06 1.498933e+01 
6.525152e-06 1.384672e+01 
6.533075e-06 1.283326e+01 
6.548921e-06 1.113695e+01 
6.564767e-06 9.794052e+00 
6.580614e-06 8.714475e+00 
6.596460e-06 7.826962e+00 
6.608793e-06 7.234238e+00 
6.641326e-06 5.944164e+00 
6.691538e-06 4.380012e+00 
6.723230e-06 3.523861e+00 
6.739077e-06 3.121755e+00 
6.755193e-06 2.734697e+00 
6.779593e-06 2.220312e+00 
6.787727e-06 2.080786e+00 
6.795860e-06 1.965476e+00 
6.803993e-06 1.881173e+00 
6.812127e-06 1.836065e+00 
6.816193e-06 1.831171e+00 
6.820260e-06 1.839818e+00 
6.824327e-06 1.863447e+00 
6.830427e-06 1.930360e+00 
6.833477e-06 1.979474e+00 
6.836527e-06 2.039994e+00 
6.840593e-06 2.139737e+00 
6.843644e-06 2.229841e+00 
6.847647e-06 2.369480e+00 
6.851828e-06 2.543118e+00 
6.856254e-06 2.760125e+00 
6.861106e-06 3.040358e+00 
6.866698e-06 3.422466e+00 
6.874373e-06 4.058964e+00 
6.893718e-06 6.313853e+00 
6.903773e-06 7.892369e+00 
6.911234e-06 9.253835e+00 
6.918567e-06 1.075071e+01 
6.924516e-06 1.207864e+01 
6.931041e-06 1.364784e+01 
6.940895e-06 1.622496e+01 
6.946117e-06 1.768110e+01 
6.953734e-06 1.990021e+01 
6.959747e-06 2.171662e+01 
6.966634e-06 2.384737e+01 
6.972610e-06 2.572210e+01 
6.979389e-06 2.785469e+01 
6.986735e-06 3.014431e+01 
6.991177e-06 3.150369e+01 
7.000266e-06 3.418945e+01 
7.007600e-06 3.622582e+01 
7.011010e-06 3.712303e+01 
7.019260e-06 3.913883e+01 
7.025759e-06 4.055219e+01 
7.042138e-06 4.331702e+01 
7.047576e-06 4.395791e+01 
7.057958e-06 4.477504e+01 
7.066527e-06 4.504354e+01 
7.074832e-06 4.495941e+01 
7.082214e-06 4.461177e+01 
7.086960e-06 4.425993e+01 
7.095924e-06 4.334175e+01 
7.105416e-06 4.204625e+01 
7.108579e-06 4.154951e+01 
7.117016e-06 4.008934e+01 
7.125453e-06 3.846521e+01 
7.129672e-06 3.760489e+01 
7.142327e-06 3.489332e+01 
7.159201e-06 3.115452e+01 
7.176075e-06 2.752147e+01 
7.208366e-06 2.154066e+01 
7.219320e-06 1.990139e+01 
7.225893e-06 1.901927e+01 
7.234656e-06 1.795962e+01 
7.243420e-06 1.702828e+01 
7.252183e-06 1.621759e+01 
7.260946e-06 1.551800e+01 
7.269710e-06 1.491861e+01 
7.278473e-06 1.440775e+01 
7.296000e-06 1.360388e+01 
7.313527e-06 1.301424e+01 
7.331054e-06 1.255829e+01 
7.383634e-06 1.145579e+01 
7.401161e-06 1.108715e+01 
7.436214e-06 1.032344e+01 
7.491800e-06 9.170149e+00 
7.528232e-06 8.535518e+00 
7.564664e-06 8.010408e+00 
7.619312e-06 7.385049e+00 
7.692176e-06 6.740975e+00 
7.776506e-06 6.145557e+00 
7.925597e-06 5.261602e+00 
8.020620e-06 4.682073e+00 
8.064864e-06 4.399228e+00 
8.091778e-06 4.244700e+00 
8.104565e-06 4.182579e+00 
8.124416e-06 4.107969e+00 
8.144266e-06 4.067728e+00 
8.155030e-06 4.062957e+00 
8.165794e-06 4.071249e+00 
8.178630e-06 4.098739e+00 
8.188258e-06 4.131849e+00 
8.202699e-06 4.200545e+00 
8.217140e-06 4.289499e+00 
8.245020e-06 4.501597e+00 
8.264827e-06 4.665122e+00 
8.284633e-06 4.819886e+00 
8.304440e-06 4.949964e+00 
8.323901e-06 5.041773e+00 
8.335577e-06 5.076617e+00 
8.349718e-06 5.097346e+00 
8.363859e-06 5.094852e+00 
8.383666e-06 5.055317e+00 
8.402324e-06 4.985441e+00 
8.422175e-06 4.884905e+00 
8.449402e-06 4.719815e+00 
8.539260e-06 4.151849e+00 
8.607819e-06 3.793425e+00 
8.650194e-06 3.611649e+00 
8.671381e-06 3.535948e+00 
8.692568e-06 3.473065e+00 
8.713755e-06 3.424699e+00 
8.731341e-06 3.396135e+00 
8.748927e-06 3.377730e+00 
8.777316e-06 3.366090e+00 
8.840877e-06 3.369919e+00 
8.865185e-06 3.358512e+00 
8.882400e-06 3.340188e+00 
8.899129e-06 3.313002e+00 
8.918076e-06 3.270927e+00 
8.947717e-06 3.184012e+00 
8.990755e-06 3.031120e+00 
9.034160e-06 2.883912e+00 
9.056862e-06 2.824899e+00 
9.079099e-06 2.786175e+00 
9.101337e-06 2.770328e+00 
9.114184e-06 2.772603e+00 
9.127031e-06 2.783494e+00 
9.142845e-06 2.808554e+00 
9.166566e-06 2.868394e+00 
9.190287e-06 2.949845e+00 
9.234762e-06 3.129738e+00 
9.257000e-06 3.214996e+00 
9.279775e-06 3.287302e+00 
9.291663e-06 3.316669e+00 
9.306478e-06 3.343891e+00 
9.329213e-06 3.364062e+00 
9.346834e-06 3.361697e+00 
9.368188e-06 3.339386e+00 
9.389919e-06 3.298001e+00 
9.412112e-06 3.240664e+00 
9.454391e-06 3.105329e+00 
9.504353e-06 2.928846e+00 
9.586942e-06 2.651330e+00 
9.619002e-06 2.559595e+00 
9.635201e-06 2.518841e+00 
9.657480e-06 2.470295e+00 
9.682569e-06 2.427317e+00 
9.704949e-06 2.400018e+00 
9.735600e-06 2.378675e+00 
9.757702e-06 2.372836e+00 
9.848371e-06 2.375316e+00 
9.874721e-06 2.367567e+00 
9.901071e-06 2.351908e+00 
9.942479e-06 2.313133e+00 
1.003404e-05 2.205966e+00 
1.009444e-05 2.147029e+00 
1.021268e-05 2.053477e+00 
1.032267e-05 1.963381e+00 
1.043486e-05 1.865133e+00 
1.052283e-05 1.778996e+00 
1.065955e-05 1.639930e+00 
1.074668e-05 1.563725e+00 
1.086145e-05 1.476713e+00 
1.119712e-05 1.226007e+00 
1.139049e-05 1.085489e+00 
1.183413e-05 7.870776e-01 
1.215000e-05 5.976388e-01 
1.244515e-05 4.388388e-01 
1.273503e-05 3.038989e-01 
1.300790e-05 1.982332e-01 
1.324325e-05 1.259540e-01 
1.350000e-05 6.835749e-02 
1.366875e-05 4.377204e-02 
1.371118e-05 3.952876e-02 
1.392345e-05 2.945431e-02 
1.400126e-05 3.077293e-02 
1.412244e-05 3.909988e-02 
1.449985e-05 1.149529e-01 
1.470000e-05 1.889380e-01 
1.487133e-05 2.732015e-01 
1.507448e-05 3.876827e-01 
1.520653e-05 4.323825e-01 
1.521395e-05 4.332605e-01 
1.545238e-05 3.795754e-01 
1.565280e-05 2.943677e-01 
1.582894e-05 2.255944e-01 
1.595000e-05 1.833894e-01 
1.605867e-05 1.495667e-01 
1.620000e-05 1.118335e-01 
1.630447e-05 8.891032e-02 
1.640484e-05 7.123219e-02 
1.658049e-05 5.118357e-02 
1.669428e-05 4.644136e-02 
1.671222e-05 4.636043e-02 
1.678804e-05 4.816604e-02 
1.690982e-05 5.862345e-02 
1.710742e-05 9.638875e-02 
1.719164e-05 1.212144e-01 
1.730088e-05 1.623727e-01 
1.740218e-05 2.103043e-01 
1.752850e-05 2.842841e-01 
1.765482e-05 3.755537e-01 
1.778115e-05 4.860696e-01 
1.790747e-05 6.177948e-01 
1.807013e-05 8.218029e-01 
1.820356e-05 1.021808e+00 
1.833699e-05 1.255327e+00 
1.851490e-05 1.624568e+00 
1.869281e-05 2.068494e+00 
1.887072e-05 2.600313e+00 
1.895967e-05 2.904168e+00 
1.914983e-05 3.649488e+00 
1.932810e-05 4.482455e+00 
1.952737e-05 5.592592e+00 
1.979880e-05 7.479668e+00 
2.089296e-05 2.272706e+01 
2.112916e-05 2.879686e+01 
2.133376e-05 3.543900e+01 
2.150086e-05 4.207421e+01 
2.162719e-05 4.799243e+01 
2.172017e-05 5.294253e+01 
2.186116e-05 6.158411e+01 
2.200215e-05 7.186641e+01 
2.211046e-05 8.112845e+01 
2.223145e-05 9.319013e+01 
2.232708e-05 1.042627e+02 
2.243539e-05 1.187902e+02 
2.254861e-05 1.367166e+02 
2.265201e-05 1.561016e+02 
2.276032e-05 1.802632e+02 
2.286863e-05 2.094146e+02 
2.292279e-05 2.262941e+02 
2.297694e-05 2.450033e+02 
2.306492e-05 2.800219e+02 
2.313442e-05 3.125947e+02 
2.319095e-05 3.430037e+02 
2.324747e-05 3.776471e+02 
2.330876e-05 4.210009e+02 
2.336052e-05 4.633323e+02 
2.341705e-05 5.169619e+02 
2.347357e-05 5.802640e+02 
2.353737e-05 6.667899e+02 
2.358663e-05 7.479081e+02 
2.364315e-05 8.614107e+02 
2.369968e-05 1.003978e+03 
2.375620e-05 1.186016e+03 
2.378446e-05 1.296097e+03 
2.381273e-05 1.421709e+03 
2.384099e-05 1.565351e+03 
2.386925e-05 1.729855e+03 
2.389751e-05 1.918390e+03 
2.392578e-05 2.134456e+03 
2.396288e-05 2.466401e+03 
2.400085e-05 2.871817e+03 
2.405984e-05 3.658612e+03 
2.416932e-05 5.750962e+03 
2.422449e-05 7.173315e+03 
2.425779e-05 8.161190e+03 
2.434742e-05 1.129132e+04 
2.435488e-05 1.158013e+04 
2.440706e-05 1.370097e+04 
2.442756e-05 1.457272e+04 
2.447415e-05 1.660012e+04 
2.450676e-05 1.802800e+04 
2.453535e-05 1.926110e+04 
2.456706e-05 2.058329e+04 
2.459134e-05 2.154584e+04 
2.461861e-05 2.255748e+04 
2.464870e-05 2.356790e+04 
2.467066e-05 2.422199e+04 
2.470091e-05 2.499086e+04 
2.473691e-05 2.568272e+04 
2.476763e-05 2.606315e+04 
2.478077e-05 2.616377e+04 
2.481255e-05 2.624932e+04 
2.484226e-05 2.612565e+04 
2.487497e-05 2.576519e+04 
2.490230e-05 2.529099e+04 
2.492822e-05 2.470476e+04 
2.495207e-05 2.405703e+04 
2.498210e-05 2.310916e+04 
2.500736e-05 2.221260e+04 
2.503438e-05 2.116974e+04 
2.505508e-05 2.032384e+04 
2.508465e-05 1.906119e+04 
2.511650e-05 1.765518e+04 
2.515249e-05 1.604294e+04 
2.518231e-05 1.471437e+04 
2.521585e-05 1.325234e+04 
2.524194e-05 1.215311e+04 
2.530158e-05 9.813111e+03 
2.532208e-05 9.074187e+03 
2.534164e-05 8.403149e+03 
2.536167e-05 7.752168e+03 
2.540594e-05 6.444074e+03 
2.544104e-05 5.534241e+03 
2.548792e-05 4.488271e+03 
2.554738e-05 3.416522e+03 
2.565736e-05 2.050378e+03 
2.572020e-05 1.540699e+03 
2.575162e-05 1.340400e+03 
2.578304e-05 1.169693e+03 
2.581446e-05 1.024183e+03 
2.584589e-05 9.000176e+02 
2.587731e-05 7.938593e+02 
2.590873e-05 7.028518e+02 
2.594179e-05 6.207918e+02 
2.597157e-05 5.569921e+02 
2.600583e-05 4.935146e+02 
2.603441e-05 4.474322e+02 
2.609726e-05 3.638825e+02 
2.614756e-05 3.110468e+02 
2.616010e-05 2.994854e+02 
2.622438e-05 2.488089e+02 
2.625435e-05 2.295574e+02 
2.627074e-05 2.200904e+02 
2.633508e-05 1.895459e+02 
2.639943e-05 1.685828e+02 
2.641551e-05 1.647006e+02 
2.646377e-05 1.560157e+02 
2.648979e-05 1.530321e+02 
2.651462e-05 1.511788e+02 
2.653945e-05 1.502012e+02 
2.656837e-05 1.500302e+02 
2.659199e-05 1.505477e+02 
2.662299e-05 1.519442e+02 
2.666284e-05 1.545839e+02 
2.672569e-05 1.595341e+02 
2.678853e-05 1.638413e+02 
2.685024e-05 1.660145e+02 
2.687585e-05 1.660899e+02 
2.690030e-05 1.656574e+02 
2.692475e-05 1.647192e+02 
2.694489e-05 1.635681e+02 
2.696750e-05 1.618783e+02 
2.699672e-05 1.591039e+02 
2.703760e-05 1.542190e+02 
2.707399e-05 1.490486e+02 
2.711295e-05 1.428675e+02 
2.716138e-05 1.345970e+02 
2.719014e-05 1.295392e+02 
2.726695e-05 1.161804e+02 
2.733075e-05 1.058630e+02 
2.741486e-05 9.396721e+01 
2.746570e-05 8.779686e+01 
2.752395e-05 8.161103e+01 
2.760030e-05 7.475057e+01 
2.765465e-05 7.060007e+01 
2.771430e-05 6.665564e+01 
2.776449e-05 6.379911e+01 
2.780302e-05 6.188972e+01 
2.785882e-05 5.957214e+01 
2.791162e-05 5.788664e+01 
2.795220e-05 5.694154e+01 
2.799728e-05 5.626028e+01 
2.803779e-05 5.598615e+01 
2.807532e-05 5.602552e+01 
2.810346e-05 5.624784e+01 
2.812809e-05 5.658672e+01 
2.815623e-05 5.715403e+01 
2.818789e-05 5.805501e+01 
2.822647e-05 5.961578e+01 
2.825540e-05 6.121676e+01 
2.826504e-05 6.185211e+01 
2.830742e-05 6.541543e+01 
2.834876e-05 7.051781e+01 
2.836849e-05 7.372675e+01 
2.841076e-05 8.287656e+01 
2.845282e-05 9.612849e+01 
2.849013e-05 1.126446e+02 
2.853170e-05 1.381334e+02 
2.855170e-05 1.537206e+02 
2.856828e-05 1.685770e+02 
2.858819e-05 1.890021e+02 
2.862169e-05 2.307010e+02 
2.865850e-05 2.889967e+02 
2.873980e-05 4.772989e+02 
2.877881e-05 6.040024e+02 
2.881882e-05 7.636606e+02 
2.885556e-05 9.399754e+02 
2.888630e-05 1.111433e+03 
2.890747e-05 1.242952e+03 
2.892864e-05 1.385885e+03 
2.896415e-05 1.652133e+03 
2.899523e-05 1.912801e+03 
2.899967e-05 1.952161e+03 
2.907069e-05 2.652475e+03 
2.908346e-05 2.791814e+03 
2.914616e-05 3.528627e+03 
2.916905e-05 3.816069e+03 
2.921275e-05 4.384363e+03 
2.924174e-05 4.770213e+03 
2.926422e-05 5.071307e+03 
2.929647e-05 5.500932e+03 
2.933015e-05 5.940455e+03 
2.935897e-05 6.303005e+03 
2.939271e-05 6.704507e+03 
2.942351e-05 7.042979e+03 
2.946247e-05 7.423618e+03 
2.949649e-05 7.705224e+03 
2.952339e-05 7.890231e+03 
2.955744e-05 8.072861e+03 
2.958546e-05 8.177740e+03 
2.960644e-05 8.228587e+03 
2.964147e-05 8.260202e+03 
2.966865e-05 8.239045e+03 
2.972303e-05 8.081246e+03 
2.975596e-05 7.915733e+03 
2.978474e-05 7.731969e+03 
2.981909e-05 7.470193e+03 
2.983970e-05 7.293531e+03 
2.987616e-05 6.950541e+03 
2.991426e-05 6.558975e+03 
2.995856e-05 6.074042e+03 
2.999408e-05 5.672296e+03 
3.003403e-05 5.216392e+03 
3.006511e-05 4.864718e+03 
3.013613e-05 4.091790e+03 
3.016799e-05 3.766312e+03 
3.022881e-05 3.192078e+03 
3.030160e-05 2.596048e+03 
3.042639e-05 1.810864e+03 
3.047318e-05 1.587195e+03 
3.051998e-05 1.396842e+03 
3.057646e-05 1.205823e+03 
3.061362e-05 1.100167e+03 
3.065107e-05 1.007494e+03 
3.072596e-05 8.567056e+02 
3.076855e-05 7.876912e+02 
3.081114e-05 7.283844e+02 
3.088180e-05 6.472164e+02 
3.095626e-05 5.796368e+02 
3.101178e-05 5.384070e+02 
3.105895e-05 5.083485e+02 
3.110612e-05 4.821806e+02 
3.116445e-05 4.545128e+02 
3.125019e-05 4.220479e+02 
3.132566e-05 4.005927e+02 
3.139409e-05 3.862653e+02 
3.145160e-05 3.776031e+02 
3.151156e-05 3.714544e+02 
3.157152e-05 3.677920e+02 
3.165039e-05 3.658580e+02 
3.178828e-05 3.666018e+02 
3.189652e-05 3.672090e+02 
3.197559e-05 3.661884e+02 
3.202529e-05 3.646860e+02 
3.210125e-05 3.610773e+02 
3.216116e-05 3.572315e+02 
3.225287e-05 3.500864e+02 
3.246529e-05 3.316171e+02 
3.265199e-05 3.174422e+02 
3.283639e-05 3.065957e+02 
3.348638e-05 2.778646e+02 
3.381807e-05 2.636189e+02 
3.407013e-05 2.539435e+02 
3.456375e-05 2.381260e+02 
3.509445e-05 2.241925e+02 
3.561328e-05 2.126053e+02 
3.625744e-05 2.003490e+02 
3.694027e-05 1.895287e+02 
3.758374e-05 1.806591e+02 
3.845918e-05 1.702969e+02 
3.950580e-05 1.600951e+02 
4.057749e-05 1.513943e+02 
4.168694e-05 1.436474e+02 
4.307996e-05 1.353249e+02 
4.449843e-05 1.283572e+02 
4.611503e-05 1.218150e+02 
4.766498e-05 1.163699e+02 
4.940263e-05 1.110035e+02 
4.991292e-05 1.097297e+02 
5.076660e-05 1.086802e+02 
5.138052e-05 1.077529e+02 
5.258412e-05 1.051770e+02 
5.497956e-05 1.017423e+02 
5.740000e-05 9.937372e+01 
6.028504e-05 9.775075e+01 
6.405285e-05 9.740231e+01 
6.800918e-05 9.894250e+01 
7.245244e-05 1.019354e+02 
7.697049e-05 1.060253e+02 
8.317638e-05 1.127150e+02 
9.133243e-05 1.226029e+02 
9.659340e-05 1.292433e+02 
1.028692e-04 1.361961e+02 
1.080000e-04 1.410625e+02 
1.098509e-04 1.425238e+02 
1.135011e-04 1.447557e+02 
1.162162e-04 1.457783e+02 
1.180785e-04 1.460591e+02 
1.202600e-04 1.459168e+02 
1.221480e-04 1.453595e+02 
1.237148e-04 1.445060e+02 
1.257405e-04 1.427674e+02 
1.273615e-04 1.408586e+02 
1.287160e-04 1.388896e+02 
1.300000e-04 1.366774e+02 
1.318257e-04 1.328979e+02 
1.328052e-04 1.307452e+02 
1.336115e-04 1.294754e+02 
1.343678e-04 1.294838e+02 
1.346048e-04 1.298401e+02 
1.352358e-04 1.317322e+02 
1.358937e-04 1.351238e+02 
1.365138e-04 1.394721e+02 
1.370982e-04 1.444643e+02 
1.376466e-04 1.499273e+02 
1.381613e-04 1.558058e+02 
1.386443e-04 1.620882e+02 
1.393137e-04 1.722768e+02 
1.397258e-04 1.795911e+02 
1.401187e-04 1.874632e+02 
1.404870e-04 1.957838e+02 
1.408323e-04 2.045578e+02 
1.412538e-04 2.167912e+02 
1.414644e-04 2.236390e+02 
1.417441e-04 2.336239e+02 
1.420996e-04 2.480252e+02 
1.424954e-04 2.668361e+02 
1.429212e-04 2.913276e+02 
1.432955e-04 3.177607e+02 
1.436046e-04 3.442951e+02 
1.437836e-04 3.621796e+02 
1.440622e-04 3.946834e+02 
1.443059e-04 4.290074e+02 
1.445192e-04 4.647754e+02 
1.447058e-04 5.014903e+02 
1.450120e-04 5.754843e+02 
1.452620e-04 6.518673e+02 
1.454495e-04 7.208196e+02 
1.456957e-04 8.295586e+02 
1.458539e-04 9.121176e+02 
1.460121e-04 1.005919e+03 
1.461918e-04 1.127532e+03 
1.465961e-04 1.467869e+03 
1.470903e-04 2.026987e+03 
1.474560e-04 2.548983e+03 
1.476979e-04 2.942482e+03 
1.480597e-04 3.590685e+03 
1.481049e-04 3.675700e+03 
1.484214e-04 4.285758e+03 
1.485657e-04 4.567502e+03 
1.487832e-04 4.988271e+03 
1.489732e-04 5.343920e+03 
1.491215e-04 5.608477e+03 
1.492881e-04 5.886866e+03 
1.494272e-04 6.100568e+03 
1.496060e-04 6.345152e+03 
1.498306e-04 6.596082e+03 
1.499985e-04 6.737270e+03 
1.501433e-04 6.824375e+03 
1.503090e-04 6.882497e+03 
1.504859e-04 6.894132e+03 
1.506274e-04 6.865576e+03 
1.509705e-04 6.659647e+03 
1.510834e-04 6.551858e+03 
1.513295e-04 6.255145e+03 
1.514516e-04 6.079822e+03 
1.515876e-04 5.866064e+03 
1.517623e-04 5.567074e+03 
1.519120e-04 5.294335e+03 
1.520265e-04 5.078109e+03 
1.521903e-04 4.762496e+03 
1.524008e-04 4.354374e+03 
1.526269e-04 3.926759e+03 
1.531549e-04 3.051712e+03 
1.534136e-04 2.721799e+03 
1.535102e-04 2.619261e+03 
1.536064e-04 2.529129e+03 
1.539608e-04 2.304047e+03 
1.540761e-04 2.267848e+03 
1.541881e-04 2.249952e+03 
1.542542e-04 2.247245e+03 
1.543668e-04 2.255746e+03 
1.544551e-04 2.273606e+03 
1.545618e-04 2.307831e+03 
1.546621e-04 2.351909e+03 
1.547903e-04 2.424036e+03 
1.549375e-04 2.526530e+03 
1.551308e-04 2.688759e+03 
1.557496e-04 3.337012e+03 
1.558560e-04 3.455597e+03 
1.561074e-04 3.728205e+03 
1.562978e-04 3.920082e+03 
1.565037e-04 4.105503e+03 
1.566668e-04 4.231703e+03 
1.570388e-04 4.437120e+03 
1.571697e-04 4.479257e+03 
1.574196e-04 4.513902e+03 
1.576043e-04 4.501054e+03 
1.577217e-04 4.476424e+03 
1.578097e-04 4.449886e+03 
1.580078e-04 4.366339e+03 
1.581832e-04 4.267135e+03 
1.583883e-04 4.125090e+03 
1.585113e-04 4.028352e+03 
1.586872e-04 3.877821e+03 
1.588630e-04 3.715903e+03 
1.590852e-04 3.500173e+03 
1.592186e-04 3.367248e+03 
1.595889e-04 2.996228e+03 
1.596801e-04 2.906407e+03 
1.602972e-04 2.341985e+03 
1.607608e-04 1.988030e+03 
1.611383e-04 1.750406e+03 
1.612759e-04 1.674893e+03 
1.614809e-04 1.572676e+03 
1.618360e-04 1.422588e+03 
1.621810e-04 1.305271e+03 
1.625763e-04 1.199099e+03 
1.629172e-04 1.126727e+03 
1.633029e-04 1.061289e+03 
1.637455e-04 1.002264e+03 
1.642722e-04 9.478787e+02 
1.649774e-04 8.927686e+02 
1.659508e-04 8.367564e+02 
1.668330e-04 7.982086e+02 
1.678860e-04 7.624592e+02 
1.689850e-04 7.342114e+02 
1.703926e-04 7.082305e+02 
1.716518e-04 6.921060e+02 
1.729711e-04 6.803432e+02 
1.747500e-04 6.700899e+02 
1.766000e-04 6.637336e+02 
1.792500e-04 6.586723e+02 
1.875973e-04 6.489339e+02 
2.101945e-04 6.187422e+02 
2.174487e-04 6.109699e+02 
2.277719e-04 6.022407e+02 
2.412682e-04 5.959765e+02 
2.559470e-04 5.922708e+02 
2.723482e-04 5.865195e+02 
2.779916e-04 5.804655e+02 
2.812185e-04 5.740441e+02 
2.831047e-04 5.716730e+02 
2.840996e-04 5.722785e+02 
2.851557e-04 5.750751e+02 
2.863968e-04 5.814693e+02 
2.886820e-04 5.993158e+02 
2.900551e-04 6.101977e+02 
2.912427e-04 6.177206e+02 
2.929320e-04 6.245565e+02 
2.959948e-04 6.293160e+02 
3.130465e-04 6.466965e+02 
3.207516e-04 6.526006e+02 
3.237272e-04 6.566613e+02 
3.300906e-04 6.711136e+02 
3.371563e-04 6.834404e+02 
3.584058e-04 7.097670e+02 
3.811406e-04 7.306117e+02 
3.962119e-04 7.377917e+02 
3.993662e-04 7.419585e+02 
4.061134e-04 7.582420e+02 
4.130353e-04 7.720240e+02 
4.322175e-04 7.965860e+02 
4.650504e-04 8.283449e+02 
5.055336e-04 8.582037e+02 
5.500000e-04 8.822660e+02 
5.993491e-04 8.998462e+02 
6.542100e-04 9.092079e+02 
7.074943e-04 9.092668e+02 
7.674562e-04 8.993736e+02 
8.305676e-04 8.757140e+02 
8.709636e-04 8.555457e+02 
9.258967e-04 8.195003e+02 
9.698378e-04 7.832155e+02 
1.008949e-03 7.440118e+02 
1.045622e-03 6.998453e+02 
1.079991e-03 6.499428e+02 
1.103926e-03 6.090769e+02 
1.121875e-03 5.744893e+02 
1.141485e-03 5.321105e+02 
1.157313e-03 4.938546e+02 
1.169942e-03 4.599947e+02 
1.184021e-03 4.180517e+02 
1.194160e-03 3.845575e+02 
1.204347e-03 3.474884e+02 
1.212348e-03 3.155462e+02 
1.219806e-03 2.832088e+02 
1.226485e-03 2.522346e+02 
1.231989e-03 2.262683e+02 
1.236524e-03 2.064152e+02 
1.240261e-03 1.931756e+02 
1.242379e-03 1.878449e+02 
1.245481e-03 1.841801e+02 
1.248025e-03 1.859832e+02 
1.249144e-03 1.884442e+02 
1.251382e-03 1.969152e+02 
1.253408e-03 2.091630e+02 
1.255001e-03 2.222119e+02 
1.256481e-03 2.372375e+02 
1.257536e-03 2.497755e+02 
1.259066e-03 2.707601e+02 
1.259772e-03 2.815865e+02 
1.261370e-03 3.088944e+02 
1.264697e-03 3.783805e+02 
1.268992e-03 4.928557e+02 
1.271370e-03 5.669505e+02 
1.272583e-03 6.071379e+02 
1.274690e-03 6.798457e+02 
1.276487e-03 7.437794e+02 
1.277777e-03 7.900474e+02 
1.279013e-03 8.342468e+02 
1.280733e-03 8.946320e+02 
1.282389e-03 9.506268e+02 
1.283656e-03 9.914019e+02 
1.285361e-03 1.042634e+03 
1.287136e-03 1.090712e+03 
1.288019e-03 1.112365e+03 
1.289897e-03 1.153154e+03 
1.291377e-03 1.180063e+03 
1.293564e-03 1.211643e+03 
1.295697e-03 1.233912e+03 
1.298477e-03 1.253258e+03 
1.303872e-03 1.279377e+03 
1.306336e-03 1.296118e+03 
1.308395e-03 1.316221e+03 
1.311224e-03 1.355412e+03 
1.312801e-03 1.383452e+03 
1.315552e-03 1.442157e+03 
1.323029e-03 1.634306e+03 
1.326106e-03 1.706785e+03 
1.326703e-03 1.719215e+03 
1.330152e-03 1.776704e+03 
1.330933e-03 1.785901e+03 
1.333753e-03 1.806242e+03 
1.335696e-03 1.808432e+03 
1.338123e-03 1.798365e+03 
1.339829e-03 1.783682e+03 
1.342248e-03 1.753988e+03 
1.345366e-03 1.704586e+03 
1.352991e-03 1.567524e+03 
1.357874e-03 1.492349e+03 
1.360371e-03 1.461682e+03 
1.363574e-03 1.430628e+03 
1.368637e-03 1.399073e+03 
1.376425e-03 1.381731e+03 
1.387053e-03 1.389743e+03 
1.400883e-03 1.418644e+03 
1.418630e-03 1.463081e+03 
1.448288e-03 1.534239e+03 
1.476688e-03 1.591288e+03 
1.503355e-03 1.630927e+03 
1.520726e-03 1.646963e+03 
1.541035e-03 1.655743e+03 
1.560479e-03 1.656275e+03 
1.580866e-03 1.649065e+03 
1.596839e-03 1.636066e+03 
1.620231e-03 1.603760e+03 
1.629252e-03 1.595445e+03 
1.635310e-03 1.597149e+03 
1.640931e-03 1.606566e+03 
1.645646e-03 1.621041e+03 
1.653213e-03 1.655813e+03 
1.667620e-03 1.740472e+03 
1.673387e-03 1.771322e+03 
1.678204e-03 1.793059e+03 
1.684251e-03 1.814620e+03 
1.693708e-03 1.837373e+03 
1.702007e-03 1.850126e+03 
1.716827e-03 1.865831e+03 
1.740303e-03 1.883231e+03 
1.758672e-03 1.889946e+03 
1.790683e-03 1.887011e+03 
1.801613e-03 1.889352e+03 
1.810341e-03 1.897683e+03 
1.822059e-03 1.919685e+03 
1.844689e-03 1.976037e+03 
1.852390e-03 1.991059e+03 
1.862087e-03 2.004894e+03 
1.881098e-03 2.021051e+03 
1.910118e-03 2.036104e+03 
1.935291e-03 2.044012e+03 
1.994065e-03 2.043662e+03 
2.007239e-03 2.049367e+03 
2.024952e-03 2.067403e+03 
2.053624e-03 2.104392e+03 
2.078986e-03 2.127419e+03 
2.103296e-03 2.142094e+03 
2.171594e-03 2.166665e+03 
2.261388e-03 2.182206e+03 
2.351328e-03 2.187750e+03 
2.471301e-03 2.183354e+03 
2.649263e-03 2.161634e+03 
2.848968e-03 2.123253e+03 
3.073940e-03 2.069567e+03 
3.271053e-03 2.015222e+03 
3.507519e-03 1.947500e+03 
3.733930e-03 1.882820e+03 
3.873691e-03 1.842689e+03 
4.351829e-03 1.703847e+03 
4.549193e-03 1.650373e+03 
4.954502e-03 1.543238e+03 
5.165650e-03 1.489548e+03 
5.385690e-03 1.434536e+03 
5.639622e-03 1.372544e+03 
5.876678e-03 1.315286e+03 
6.131986e-03 1.254397e+03 
6.343901e-03 1.203986e+03 
6.540638e-03 1.156926e+03 
6.714308e-03 1.114462e+03 
6.870799e-03 1.075111e+03 
7.000000e-03 1.041256e+03 
7.115206e-03 1.009123e+03 
7.218018e-03 9.785727e+02 
7.297962e-03 9.530455e+02 
7.355472e-03 9.332419e+02 
7.422518e-03 9.079621e+02 
7.481689e-03 8.826836e+02 
7.528749e-03 8.594007e+02 
7.566952e-03 8.375310e+02 
7.617927e-03 8.037261e+02 
7.687948e-03 7.551607e+02 
7.714185e-03 7.407863e+02 
7.732360e-03 7.334826e+02 
7.747977e-03 7.293490e+02 
7.771511e-03 7.272595e+02 
7.792821e-03 7.297312e+02 
7.818293e-03 7.376285e+02 
7.847782e-03 7.519226e+02 
7.927600e-03 7.994065e+02 
7.969650e-03 8.201869e+02 
7.998718e-03 8.313243e+02 
8.034671e-03 8.416709e+02 
8.078287e-03 8.500668e+02 
8.126004e-03 8.553608e+02 
8.172289e-03 8.575872e+02 
8.228366e-03 8.571529e+02 
8.281190e-03 8.538093e+02 
8.334296e-03 8.474230e+02 
8.378120e-03 8.397351e+02 
8.491151e-03 8.147583e+02 
8.531649e-03 8.089640e+02 
8.556278e-03 8.077264e+02 
8.598607e-03 8.103751e+02 
8.636186e-03 8.173331e+02 
8.743358e-03 8.455751e+02 
8.800915e-03 8.561067e+02 
8.864939e-03 8.615681e+02 
8.939871e-03 8.647734e+02 
9.001471e-03 8.706255e+02 
9.079646e-03 8.853397e+02 
9.177901e-03 9.074318e+02 
9.261718e-03 9.213730e+02 
9.319632e-03 9.278229e+02 
9.444405e-03 9.361242e+02 
9.613634e-03 9.407346e+02 
9.794593e-03 9.410825e+02 
1.002252e-02 9.373943e+02 
1.027432e-02 9.296333e+02 
1.068502e-02 9.113141e+02 
1.128496e-02 8.784625e+02 
1.195791e-02 8.383614e+02 
1.274934e-02 7.901733e+02 
1.369156e-02 7.348278e+02 
1.506973e-02 6.616202e+02 
1.681931e-02 5.819926e+02 
1.899984e-02 5.009445e+02 
2.131548e-02 4.322092e+02 
2.362127e-02 3.763407e+02 
2.530026e-02 3.416378e+02 
2.746313e-02 3.026674e+02 
2.984040e-02 2.663956e+02 
3.498711e-02 2.068204e+02 
3.796659e-02 1.806919e+02 
4.097765e-02 1.582437e+02 
4.390217e-02 1.394449e+02 
4.622557e-02 1.262468e+02 
4.806148e-02 1.165733e+02 
4.948360e-02 1.092523e+02 
5.055104e-02 1.036205e+02 
5.132555e-02 9.924167e+01 
5.163600e-02 9.733520e+01 
5.192804e-02 9.540043e+01 
5.218513e-02 9.352895e+01 
5.257864e-02 9.024178e+01 
5.332780e-02 8.326240e+01 
5.356508e-02 8.169492e+01 
5.374615e-02 8.102010e+01 
5.391531e-02 8.085648e+01 
5.409430e-02 8.115592e+01 
5.427443e-02 8.186111e+01 
5.503795e-02 8.624438e+01 
5.529200e-02 8.734137e+01 
5.552262e-02 8.806730e+01 
5.588779e-02 8.879137e+01 
5.648165e-02 8.925895e+01 
5.718765e-02 8.919447e+01 
5.812192e-02 8.856579e+01 
5.967169e-02 8.687682e+01 
6.148982e-02 8.436381e+01 
6.422058e-02 8.017717e+01 
6.780317e-02 7.460112e+01 
7.244360e-02 6.782902e+01 
7.865349e-02 5.976246e+01 
8.655506e-02 5.111645e+01 
9.791817e-02 4.148691e+01 
1.112113e-01 3.322667e+01 
1.291105e-01 2.539552e+01 
1.857340e-01 1.304125e+01 
2.212098e-01 9.421402e+00 
2.687664e-01 6.512886e+00 
3.510043e-01 3.895633e+00 
5.084521e-01 1.893539e+00 
7.914399e-01 7.938022e-01 
1.347258e+00 2.768115e-01 
2.947480e+00 5.815350e-02 
8.901248e+00 6.384395e-03 
2.688134e+01 7.001329e-04 
8.118035e+01 7.676922e-05 
2.451607e+02 8.417592e-06 
7.403736e+02 9.229707e-07 
2.511886e+03 8.018437e-08 
7.943282e+03 8.018437e-09 
2.511886e+04 8.018440e-10 
7.943282e+04 8.018440e-11 
1.000000e+05 5.059290e-11 
-1           -1           
-2           -2           
