% -----------------------------------------------------------------------
%   Program Name: re-cs-40.dat 
%   Author: the Geant4 Collaboration
%   Organization: the Geant4 Collaboration
%   Version: unknown
%   Date: circa 2006
%   Class: Public
%   Copyright (c) Copyright Holders of the Geant4 Collaboration, 1994-2006.
%   See http://cern.ch/geant4/license for details on the copyright holders.
%   All rights not expressly granted under this license are reserved.
% -----------------------------------------------------------------------
1.000000e-06 6.187563e-02 
1.162256e-06 1.238668e-01 
1.198576e-06 1.434740e-01 
1.236032e-06 1.665246e-01 
1.274658e-06 1.937023e-01 
1.314491e-06 2.258479e-01 
1.355569e-06 2.640015e-01 
1.397930e-06 3.094557e-01 
1.441380e-06 3.634879e-01 
1.483472e-06 4.241143e-01 
1.524249e-06 4.918188e-01 
1.563751e-06 5.668742e-01 
1.602019e-06 6.499442e-01 
1.639092e-06 7.417438e-01 
1.675005e-06 8.429034e-01 
1.709797e-06 9.540601e-01 
1.743501e-06 1.075879e+00 
1.776152e-06 1.209053e+00 
1.807782e-06 1.354304e+00 
1.838424e-06 1.512387e+00 
1.868109e-06 1.684083e+00 
1.896866e-06 1.870175e+00 
1.924724e-06 2.071325e+00 
1.951712e-06 2.288234e+00 
1.977856e-06 2.522037e+00 
2.003183e-06 2.773801e+00 
2.027719e-06 3.044499e+00 
2.051488e-06 3.335070e+00 
2.074514e-06 3.646509e+00 
2.118431e-06 4.336677e+00 
2.159645e-06 5.124443e+00 
2.198324e-06 6.019594e+00 
2.216761e-06 6.510938e+00 
2.234623e-06 7.034681e+00 
2.251926e-06 7.593398e+00 
2.285451e-06 8.831780e+00 
2.316881e-06 1.021585e+01 
2.346347e-06 1.176368e+01 
2.373971e-06 1.348916e+01 
2.400000e-06 1.541609e+01 
2.424147e-06 1.752653e+01 
2.446908e-06 1.986775e+01 
2.468247e-06 2.244429e+01 
2.488252e-06 2.527132e+01 
2.507007e-06 2.836404e+01 
2.524590e-06 3.173766e+01 
2.541073e-06 3.540725e+01 
2.556527e-06 3.938761e+01 
2.571014e-06 4.369321e+01 
2.584596e-06 4.833804e+01 
2.597330e-06 5.333550e+01 
2.609267e-06 5.869832e+01 
2.620459e-06 6.443846e+01 
2.630950e-06 7.056705e+01 
2.640787e-06 7.709440e+01 
2.650008e-06 8.403008e+01 
2.658653e-06 9.138307e+01 
2.666758e-06 9.916181e+01 
2.674356e-06 1.073741e+02 
2.681479e-06 1.160271e+02 
2.688157e-06 1.251272e+02 
2.694418e-06 1.346804e+02 
2.700287e-06 1.446935e+02 
2.705790e-06 1.551752e+02 
2.710949e-06 1.661367e+02 
2.720621e-06 1.904040e+02 
2.729085e-06 2.169357e+02 
2.736490e-06 2.458373e+02 
2.742970e-06 2.770697e+02 
2.748640e-06 3.103775e+02 
2.753601e-06 3.452878e+02 
2.757942e-06 3.811702e+02 
2.761740e-06 4.173260e+02 
2.765064e-06 4.530736e+02 
2.767972e-06 4.878118e+02 
2.773061e-06 5.571131e+02 
2.789187e-06 8.570088e+02 
2.795192e-06 9.998158e+02 
2.800339e-06 1.132944e+03 
2.802055e-06 1.178965e+03 
2.808918e-06 1.367198e+03 
2.809776e-06 1.390819e+03 
2.815781e-06 1.552879e+03 
2.818140e-06 1.613628e+03 
2.822644e-06 1.722039e+03 
2.825004e-06 1.773773e+03 
2.827256e-06 1.819273e+03 
2.829508e-06 1.860565e+03 
2.832510e-06 1.908482e+03 
2.835406e-06 1.946437e+03 
2.839802e-06 1.987956e+03 
2.843234e-06 2.006980e+03 
2.847094e-06 2.015409e+03 
2.851330e-06 2.011381e+03 
2.865232e-06 1.962863e+03 
2.868925e-06 1.962305e+03 
2.870686e-06 1.967060e+03 
2.874118e-06 1.988392e+03 
2.875834e-06 2.006053e+03 
2.878783e-06 2.049013e+03 
2.881180e-06 2.096910e+03 
2.883731e-06 2.161817e+03 
2.885478e-06 2.215042e+03 
2.888906e-06 2.341001e+03 
2.892056e-06 2.482436e+03 
2.895665e-06 2.674471e+03 
2.899923e-06 2.939905e+03 
2.909749e-06 3.680320e+03 
2.914595e-06 4.083587e+03 
2.918596e-06 4.418351e+03 
2.922757e-06 4.755313e+03 
2.926312e-06 5.024781e+03 
2.930070e-06 5.282295e+03 
2.933547e-06 5.488469e+03 
2.936947e-06 5.654743e+03 
2.940316e-06 5.780751e+03 
2.941240e-06 5.808162e+03 
2.948145e-06 5.909786e+03 
2.950077e-06 5.905057e+03 
2.955431e-06 5.817354e+03 
2.958794e-06 5.708828e+03 
2.962054e-06 5.567620e+03 
2.965642e-06 5.375486e+03 
2.969119e-06 5.157530e+03 
2.972209e-06 4.942007e+03 
2.975190e-06 4.718657e+03 
2.979716e-06 4.358535e+03 
2.983248e-06 4.066848e+03 
2.987222e-06 3.735009e+03 
2.990313e-06 3.478534e+03 
2.997377e-06 2.913594e+03 
2.999806e-06 2.729922e+03 
3.004442e-06 2.398615e+03 
3.009740e-06 2.054949e+03 
3.016399e-06 1.679871e+03 
3.028690e-06 1.150169e+03 
3.032555e-06 1.022925e+03 
3.036299e-06 9.151640e+02 
3.039926e-06 8.238879e+02 
3.043440e-06 7.464692e+02 
3.046844e-06 6.806455e+02 
3.050141e-06 6.244951e+02 
3.056531e-06 5.337633e+02 
3.062520e-06 4.662171e+02 
3.068136e-06 4.147950e+02 
3.073400e-06 3.747456e+02 
3.078336e-06 3.428689e+02 
3.082963e-06 3.169910e+02 
3.091639e-06 2.765584e+02 
3.099230e-06 2.477248e+02 
3.105872e-06 2.262462e+02 
3.111684e-06 2.097292e+02 
3.121855e-06 1.848630e+02 
3.129484e-06 1.688990e+02 
3.140926e-06 1.482761e+02 
3.160128e-06 1.202327e+02 
3.175646e-06 1.017141e+02 
3.183405e-06 9.341630e+01 
3.191164e-06 8.559795e+01 
3.198923e-06 7.816746e+01 
3.206683e-06 7.106664e+01 
3.214442e-06 6.428382e+01 
3.226080e-06 5.483274e+01 
3.235665e-06 4.800487e+01 
3.240571e-06 4.499061e+01 
3.245478e-06 4.239520e+01 
3.247831e-06 4.132136e+01 
3.250184e-06 4.036955e+01 
3.258145e-06 3.815809e+01 
3.259140e-06 3.800027e+01 
3.266106e-06 3.769547e+01 
3.268842e-06 3.797081e+01 
3.274066e-06 3.912312e+01 
3.276459e-06 3.992086e+01 
3.279878e-06 4.134325e+01 
3.282076e-06 4.242447e+01 
3.285983e-06 4.464289e+01 
3.292059e-06 4.873693e+01 
3.302426e-06 5.688367e+01 
3.305909e-06 5.974340e+01 
3.313870e-06 6.607491e+01 
3.322001e-06 7.175411e+01 
3.324804e-06 7.344042e+01 
3.330157e-06 7.620592e+01 
3.333981e-06 7.780028e+01 
3.337103e-06 7.886733e+01 
3.339445e-06 7.953361e+01 
3.344714e-06 8.064356e+01 
3.352588e-06 8.146326e+01 
3.364823e-06 8.153261e+01 
3.383239e-06 8.124593e+01 
3.406176e-06 8.151351e+01 
3.414534e-06 8.115573e+01 
3.418191e-06 8.082702e+01 
3.426419e-06 7.963785e+01 
3.433340e-06 7.814481e+01 
3.437519e-06 7.704130e+01 
3.444350e-06 7.496307e+01 
3.452506e-06 7.215768e+01 
3.465807e-06 6.727872e+01 
3.487668e-06 5.981038e+01 
3.504384e-06 5.501809e+01 
3.569295e-06 4.043364e+01 
3.581903e-06 3.823477e+01 
3.594116e-06 3.633766e+01 
3.617780e-06 3.323495e+01 
3.639965e-06 3.085351e+01 
3.660763e-06 2.895090e+01 
3.680261e-06 2.738459e+01 
3.716821e-06 2.486588e+01 
3.748810e-06 2.300010e+01 
3.776801e-06 2.157228e+01 
3.825785e-06 1.942012e+01 
3.862523e-06 1.803463e+01 
3.917629e-06 1.624249e+01 
4.002071e-06 1.396972e+01 
4.168304e-06 1.059596e+01 
4.336776e-06 7.820239e+00 
4.368799e-06 7.292440e+00 
4.390148e-06 6.931978e+00 
4.411497e-06 6.559051e+00 
4.432846e-06 6.167690e+00 
4.443520e-06 5.962782e+00 
4.454194e-06 5.750163e+00 
4.464869e-06 5.528373e+00 
4.475543e-06 5.295673e+00 
4.486218e-06 5.050048e+00 
4.498241e-06 4.755195e+00 
4.507567e-06 4.511562e+00 
4.520385e-06 4.154136e+00 
4.531457e-06 3.826411e+00 
4.542529e-06 3.488468e+00 
4.558295e-06 3.022818e+00 
4.565336e-06 2.840207e+00 
4.570617e-06 2.722957e+00 
4.572377e-06 2.688758e+00 
4.583206e-06 2.550519e+00 
4.586816e-06 2.539140e+00 
4.590469e-06 2.549655e+00 
4.593264e-06 2.574425e+00 
4.595156e-06 2.600145e+00 
4.596567e-06 2.624306e+00 
4.599035e-06 2.677392e+00 
4.606439e-06 2.927373e+00 
4.609178e-06 3.057726e+00 
4.613286e-06 3.295327e+00 
4.616881e-06 3.547086e+00 
4.618097e-06 3.641996e+00 
4.629012e-06 4.725054e+00 
4.645265e-06 7.145693e+00 
4.650891e-06 8.201824e+00 
4.656230e-06 9.295905e+00 
4.661515e-06 1.045546e+01 
4.666676e-06 1.164786e+01 
4.671638e-06 1.283539e+01 
4.676083e-06 1.392068e+01 
4.682084e-06 1.539546e+01 
4.687155e-06 1.662915e+01 
4.692994e-06 1.800846e+01 
4.697535e-06 1.903284e+01 
4.708607e-06 2.126698e+01 
4.710596e-06 2.161931e+01 
4.720531e-06 2.310845e+01 
4.724926e-06 2.361081e+01 
4.729122e-06 2.399506e+01 
4.733318e-06 2.428438e+01 
4.738610e-06 2.451349e+01 
4.742931e-06 2.458981e+01 
4.746172e-06 2.458349e+01 
4.751034e-06 2.447613e+01 
4.755896e-06 2.425812e+01 
4.762271e-06 2.382011e+01 
4.764396e-06 2.363940e+01 
4.772858e-06 2.277298e+01 
4.775678e-06 2.243945e+01 
4.786355e-06 2.103021e+01 
4.799498e-06 1.911577e+01 
4.812342e-06 1.722912e+01 
4.839077e-06 1.377171e+01 
4.851244e-06 1.250869e+01 
4.861891e-06 1.156523e+01 
4.880522e-06 1.022570e+01 
4.894496e-06 9.422897e+00 
4.936416e-06 7.601889e+00 
4.958161e-06 6.852662e+00 
4.974978e-06 6.357267e+00 
4.982569e-06 6.164783e+00 
4.994773e-06 5.906341e+00 
5.006977e-06 5.721835e+00 
5.013981e-06 5.653223e+00 
5.020985e-06 5.613075e+00 
5.027761e-06 5.601306e+00 
5.032843e-06 5.609412e+00 
5.040466e-06 5.646931e+00 
5.048089e-06 5.711335e+00 
5.057920e-06 5.825328e+00 
5.085002e-06 6.201272e+00 
5.094371e-06 6.307773e+00 
5.100446e-06 6.360433e+00 
5.110024e-06 6.410988e+00 
5.116153e-06 6.420419e+00 
5.125347e-06 6.400113e+00 
5.134541e-06 6.340660e+00 
5.142973e-06 6.256569e+00 
5.153423e-06 6.123231e+00 
5.179424e-06 5.749796e+00 
5.186868e-06 5.657750e+00 
5.194313e-06 5.581877e+00 
5.199813e-06 5.538669e+00 
5.209593e-06 5.493441e+00 
5.213874e-06 5.487635e+00 
5.230605e-06 5.554028e+00 
5.240167e-06 5.657763e+00 
5.248516e-06 5.786866e+00 
5.261039e-06 6.043215e+00 
5.273561e-06 6.363895e+00 
5.298657e-06 7.120523e+00 
5.311205e-06 7.501721e+00 
5.323183e-06 7.829241e+00 
5.336300e-06 8.116001e+00 
5.340556e-06 8.188237e+00 
5.346940e-06 8.274812e+00 
5.353324e-06 8.333653e+00 
5.358708e-06 8.360865e+00 
5.366785e-06 8.362657e+00 
5.374862e-06 8.318306e+00 
5.384244e-06 8.212016e+00 
5.390634e-06 8.108782e+00 
5.397025e-06 7.983319e+00 
5.409805e-06 7.676745e+00 
5.422586e-06 7.315437e+00 
5.438655e-06 6.818249e+00 
5.458413e-06 6.193699e+00 
5.494390e-06 5.170113e+00 
5.507848e-06 4.857171e+00 
5.514527e-06 4.720081e+00 
5.525987e-06 4.516197e+00 
5.539455e-06 4.331622e+00 
5.548055e-06 4.247009e+00 
5.556654e-06 4.189166e+00 
5.561239e-06 4.169316e+00 
5.569262e-06 4.152707e+00 
5.575279e-06 4.154953e+00 
5.584305e-06 4.180567e+00 
5.593331e-06 4.230398e+00 
5.602029e-06 4.298001e+00 
5.610727e-06 4.380958e+00 
5.639399e-06 4.708537e+00 
5.655880e-06 4.890238e+00 
5.661826e-06 4.948082e+00 
5.679663e-06 5.086115e+00 
5.689635e-06 5.136780e+00 
5.704593e-06 5.176074e+00 
5.719551e-06 5.175485e+00 
5.738159e-06 5.132743e+00 
5.792321e-06 4.930924e+00 
5.821916e-06 4.858614e+00 
5.939369e-06 4.700157e+00 
5.953608e-06 4.673466e+00 
5.973631e-06 4.622688e+00 
5.997623e-06 4.533995e+00 
6.028521e-06 4.382231e+00 
6.045123e-06 4.298891e+00 
6.061668e-06 4.228490e+00 
6.072980e-06 4.192456e+00 
6.083038e-06 4.170376e+00 
6.097018e-06 4.155658e+00 
6.110998e-06 4.157436e+00 
6.166533e-06 4.217071e+00 
6.179549e-06 4.217597e+00 
6.192564e-06 4.208137e+00 
6.214424e-06 4.172581e+00 
6.253242e-06 4.081886e+00 
6.284864e-06 4.018843e+00 
6.305926e-06 3.989222e+00 
6.370044e-06 3.925712e+00 
6.400038e-06 3.888165e+00 
6.439581e-06 3.820332e+00 
6.547334e-06 3.592154e+00 
6.582324e-06 3.534172e+00 
6.641719e-06 3.460138e+00 
6.784409e-06 3.331879e+00 
6.886948e-06 3.249880e+00 
7.295552e-06 2.935531e+00 
7.562926e-06 2.772628e+00 
7.814011e-06 2.653067e+00 
8.077177e-06 2.557319e+00 
8.382247e-06 2.479170e+00 
8.609938e-06 2.440393e+00 
9.144670e-06 2.422450e+00 
9.772372e-06 2.514048e+00 
1.023904e-05 2.652030e+00 
1.068029e-05 2.839493e+00 
1.107475e-05 3.047131e+00 
1.143000e-05 3.267891e+00 
1.188502e-05 3.591202e+00 
1.253093e-05 4.116757e+00 
1.396739e-05 5.492197e+00 
1.432664e-05 5.861005e+00 
1.482224e-05 6.366031e+00 
1.531087e-05 6.858184e+00 
1.570000e-05 7.232890e+00 
1.605295e-05 7.549016e+00 
1.640590e-05 7.848615e+00 
1.666977e-05 8.046469e+00 
1.725454e-05 8.433375e+00 
1.754275e-05 8.586652e+00 
1.791166e-05 8.747583e+00 
1.812692e-05 8.820683e+00 
1.846233e-05 8.975561e+00 
1.877739e-05 9.322288e+00 
1.905461e-05 9.733191e+00 
1.949934e-05 1.050250e+01 
1.980456e-05 1.113999e+01 
2.024473e-05 1.221051e+01 
2.052684e-05 1.302039e+01 
2.080020e-05 1.392358e+01 
2.116246e-05 1.528907e+01 
2.153123e-05 1.691119e+01 
2.190000e-05 1.881921e+01 
2.222655e-05 2.078806e+01 
2.250264e-05 2.269960e+01 
2.278568e-05 2.494598e+01 
2.312411e-05 2.804162e+01 
2.339175e-05 3.086801e+01 
2.371374e-05 3.480685e+01 
2.403699e-05 3.945659e+01 
2.436345e-05 4.501982e+01 
2.466982e-05 5.122524e+01 
2.495735e-05 5.812663e+01 
2.522718e-05 6.577675e+01 
2.548042e-05 7.423535e+01 
2.571807e-05 8.356491e+01 
2.594465e-05 9.399986e+01 
2.615706e-05 1.054546e+02 
2.635620e-05 1.179969e+02 
2.654289e-05 1.317003e+02 
2.671791e-05 1.466382e+02 
2.688200e-05 1.628817e+02 
2.703582e-05 1.804996e+02 
2.718004e-05 1.995612e+02 
2.731524e-05 2.201368e+02 
2.744199e-05 2.422917e+02 
2.756082e-05 2.660828e+02 
2.770129e-05 2.987951e+02 
2.777666e-05 3.188014e+02 
2.787457e-05 3.478529e+02 
2.796637e-05 3.787807e+02 
2.805242e-05 4.116392e+02 
2.813310e-05 4.464779e+02 
2.820873e-05 4.833423e+02 
2.827964e-05 5.222739e+02 
2.834612e-05 5.633109e+02 
2.840844e-05 6.064891e+02 
2.846686e-05 6.518443e+02 
2.852164e-05 6.994155e+02 
2.857299e-05 7.492487e+02 
2.862113e-05 8.013985e+02 
2.871140e-05 9.169300e+02 
2.879038e-05 1.043235e+03 
2.885949e-05 1.180693e+03 
2.891996e-05 1.329132e+03 
2.897287e-05 1.487573e+03 
2.901917e-05 1.654191e+03 
2.905968e-05 1.826479e+03 
2.909513e-05 2.001537e+03 
2.912614e-05 2.176390e+03 
2.918042e-05 2.539810e+03 
2.922113e-05 2.868729e+03 
2.927456e-05 3.387600e+03 
2.934325e-05 4.226535e+03 
2.947599e-05 6.516613e+03 
2.952374e-05 7.583385e+03 
2.955993e-05 8.480379e+03 
2.962750e-05 1.034960e+04 
2.965002e-05 1.102414e+04 
2.972264e-05 1.333874e+04 
2.973172e-05 1.363973e+04 
2.979527e-05 1.578314e+04 
2.982023e-05 1.662882e+04 
2.986789e-05 1.821540e+04 
2.989399e-05 1.905402e+04 
2.993331e-05 2.025402e+04 
2.996824e-05 2.123436e+04 
3.000471e-05 2.215029e+04 
3.003129e-05 2.273581e+04 
3.006278e-05 2.332892e+04 
3.009029e-05 2.374968e+04 
3.013285e-05 2.420673e+04 
3.016607e-05 2.439106e+04 
3.020304e-05 2.441239e+04 
3.023960e-05 2.424212e+04 
3.026319e-05 2.403270e+04 
3.029857e-05 2.357739e+04 
3.032654e-05 2.310333e+04 
3.035760e-05 2.246709e+04 
3.038528e-05 2.181138e+04 
3.041799e-05 2.094076e+04 
3.044549e-05 2.013875e+04 
3.047493e-05 1.922176e+04 
3.050798e-05 1.813446e+04 
3.053558e-05 1.719180e+04 
3.057107e-05 1.595079e+04 
3.059411e-05 1.513665e+04 
3.063042e-05 1.385453e+04 
3.066673e-05 1.259039e+04 
3.070758e-05 1.121064e+04 
3.073936e-05 1.018104e+04 
3.081198e-05 8.012730e+03 
3.083694e-05 7.335539e+03 
3.086077e-05 6.724298e+03 
3.090295e-05 5.729165e+03 
3.094361e-05 4.876540e+03 
3.099272e-05 3.985357e+03 
3.102052e-05 3.546926e+03 
3.122230e-05 1.669369e+03 
3.123372e-05 1.625455e+03 
3.124906e-05 1.576032e+03 
3.126628e-05 1.533384e+03 
3.127450e-05 1.517747e+03 
3.128682e-05 1.499926e+03 
3.129915e-05 1.488781e+03 
3.133277e-05 1.491575e+03 
3.134480e-05 1.504108e+03 
3.136222e-05 1.532766e+03 
3.137660e-05 1.565611e+03 
3.145285e-05 1.872011e+03 
3.147626e-05 2.008081e+03 
3.151968e-05 2.307827e+03 
3.157074e-05 2.731131e+03 
3.162030e-05 3.203174e+03 
3.165435e-05 3.554964e+03 
3.169251e-05 3.968260e+03 
3.171808e-05 4.252515e+03 
3.174807e-05 4.589550e+03 
3.176996e-05 4.835519e+03 
3.179652e-05 5.131151e+03 
3.183084e-05 5.504010e+03 
3.186022e-05 5.810344e+03 
3.189323e-05 6.134967e+03 
3.192862e-05 6.454262e+03 
3.194550e-05 6.594309e+03 
3.198063e-05 6.857101e+03 
3.200880e-05 7.037283e+03 
3.208378e-05 7.369834e+03 
3.210867e-05 7.430189e+03 
3.215620e-05 7.474561e+03 
3.219543e-05 7.442204e+03 
3.223345e-05 7.353977e+03 
3.226663e-05 7.234217e+03 
3.229374e-05 7.109216e+03 
3.232931e-05 6.911723e+03 
3.236361e-05 6.689773e+03 
3.241347e-05 6.322249e+03 
3.245190e-05 6.011436e+03 
3.247111e-05 5.849519e+03 
3.251434e-05 5.474821e+03 
3.252875e-05 5.347952e+03 
3.260560e-05 4.671109e+03 
3.263699e-05 4.400819e+03 
3.269693e-05 3.906233e+03 
3.278001e-05 3.284698e+03 
3.290014e-05 2.545030e+03 
3.298072e-05 2.155780e+03 
3.302101e-05 1.990725e+03 
3.306130e-05 1.843518e+03 
3.310159e-05 1.712585e+03 
3.314189e-05 1.596305e+03 
3.322247e-05 1.401367e+03 
3.330305e-05 1.246864e+03 
3.338363e-05 1.122812e+03 
3.346422e-05 1.021346e+03 
3.354480e-05 9.365847e+02 
3.362538e-05 8.642930e+02 
3.370597e-05 8.014982e+02 
3.384153e-05 7.119383e+02 
3.394771e-05 6.527629e+02 
3.400813e-05 6.227083e+02 
3.409142e-05 5.851817e+02 
3.417480e-05 5.519009e+02 
3.427005e-05 5.188332e+02 
3.436649e-05 4.903834e+02 
3.446294e-05 4.665194e+02 
3.452595e-05 4.531094e+02 
3.459120e-05 4.407838e+02 
3.467450e-05 4.269872e+02 
3.475780e-05 4.149161e+02 
3.492374e-05 3.944175e+02 
3.514059e-05 3.718981e+02 
3.560353e-05 3.306106e+02 
3.595410e-05 3.012091e+02 
3.608938e-05 2.913005e+02 
3.618384e-05 2.852302e+02 
3.628657e-05 2.795217e+02 
3.640952e-05 2.739131e+02 
3.655323e-05 2.688554e+02 
3.674211e-05 2.640494e+02 
3.699913e-05 2.595112e+02 
3.748984e-05 2.524622e+02 
3.808855e-05 2.413166e+02 
3.862102e-05 2.324290e+02 
3.951610e-05 2.198121e+02 
4.035030e-05 2.096495e+02 
4.175620e-05 1.954996e+02 
4.356796e-05 1.807846e+02 
4.565107e-05 1.671030e+02 
4.896076e-05 1.495478e+02 
5.246723e-05 1.344226e+02 
5.439486e-05 1.267593e+02 
5.577378e-05 1.205114e+02 
5.604396e-05 1.198424e+02 
5.623098e-05 1.197181e+02 
5.658903e-05 1.201811e+02 
5.699784e-05 1.209724e+02 
5.716837e-05 1.210548e+02 
5.742793e-05 1.207174e+02 
5.778277e-05 1.194930e+02 
5.848174e-05 1.166670e+02 
5.899545e-05 1.152945e+02 
6.444307e-05 1.040573e+02 
6.950000e-05 9.577233e+01 
7.460000e-05 8.911913e+01 
7.852356e-05 8.493798e+01 
8.912509e-05 7.628814e+01 
9.900000e-05 7.003920e+01 
1.071519e-04 6.539629e+01 
1.161449e-04 6.055664e+01 
1.244515e-04 5.593747e+01 
1.318257e-04 5.153838e+01 
1.380384e-04 4.763742e+01 
1.431833e-04 4.422447e+01 
1.484562e-04 4.052404e+01 
1.540000e-04 3.640784e+01 
1.590961e-04 3.241960e+01 
1.637303e-04 2.861592e+01 
1.664348e-04 2.629651e+01 
1.690607e-04 2.399908e+01 
1.725131e-04 2.090302e+01 
1.751024e-04 1.851510e+01 
1.773796e-04 1.635160e+01 
1.794998e-04 1.422066e+01 
1.803835e-04 1.326946e+01 
1.817089e-04 1.176889e+01 
1.823714e-04 1.100259e+01 
1.841183e-04 9.128998e+00 
1.845629e-04 8.740389e+00 
1.850302e-04 8.392057e+00 
1.853965e-04 8.166294e+00 
1.857705e-04 7.979905e+00 
1.863211e-04 7.782821e+00 
1.868790e-04 7.663677e+00 
1.874243e-04 7.603551e+00 
1.885568e-04 7.543377e+00 
1.893185e-04 7.465981e+00 
1.900262e-04 7.322379e+00 
1.907070e-04 7.107596e+00 
1.911785e-04 6.918134e+00 
1.916297e-04 6.712289e+00 
1.922000e-04 6.430148e+00 
1.933694e-04 5.848432e+00 
1.944000e-04 5.432085e+00 
1.946500e-04 5.355539e+00 
1.953000e-04 5.214090e+00 
1.958500e-04 5.168826e+00 
1.962494e-04 5.184228e+00 
1.968806e-04 5.300000e+00 
1.972000e-04 5.404500e+00 
1.976947e-04 5.631637e+00 
1.980875e-04 5.871482e+00 
1.985000e-04 6.182948e+00 
1.986864e-04 6.344389e+00 
1.990000e-04 6.646020e+00 
1.992673e-04 6.933435e+00 
1.995495e-04 7.267718e+00 
1.998500e-04 7.659266e+00 
2.004242e-04 8.511431e+00 
2.010000e-04 9.505349e+00 
2.023096e-04 1.228637e+01 
2.032997e-04 1.485443e+01 
2.042495e-04 1.767082e+01 
2.050248e-04 2.020697e+01 
2.059299e-04 2.341536e+01 
2.065749e-04 2.585002e+01 
2.070996e-04 2.791391e+01 
2.085000e-04 3.374340e+01 
2.090498e-04 3.614535e+01 
2.105000e-04 4.274282e+01 
2.110000e-04 4.509682e+01 
2.129600e-04 5.465832e+01 
2.155000e-04 6.768073e+01 
2.178881e-04 8.037443e+01 
2.198000e-04 9.070974e+01 
2.220000e-04 1.026170e+02 
2.240000e-04 1.132926e+02 
2.246377e-04 1.166451e+02 
2.264644e-04 1.260625e+02 
2.280000e-04 1.337190e+02 
2.300000e-04 1.432708e+02 
2.313477e-04 1.494306e+02 
2.323000e-04 1.536516e+02 
2.350000e-04 1.650449e+02 
2.380000e-04 1.768174e+02 
2.416156e-04 1.900892e+02 
2.454709e-04 2.035119e+02 
2.520000e-04 2.253065e+02 
2.590547e-04 2.481492e+02 
2.650000e-04 2.666745e+02 
2.723854e-04 2.876820e+02 
2.766049e-04 2.984157e+02 
2.818383e-04 3.107193e+02 
2.879881e-04 3.233934e+02 
2.923170e-04 3.309712e+02 
2.958679e-04 3.365043e+02 
3.000000e-04 3.421093e+02 
3.038101e-04 3.459143e+02 
3.069966e-04 3.478559e+02 
3.095316e-04 3.482926e+02 
3.138324e-04 3.469302e+02 
3.148876e-04 3.476810e+02 
3.159294e-04 3.504028e+02 
3.166606e-04 3.541922e+02 
3.172687e-04 3.589228e+02 
3.180020e-04 3.669108e+02 
3.189007e-04 3.805034e+02 
3.198016e-04 3.983720e+02 
3.211617e-04 4.317036e+02 
3.222546e-04 4.605780e+02 
3.231571e-04 4.826469e+02 
3.238153e-04 4.962421e+02 
3.245981e-04 5.085019e+02 
3.254252e-04 5.160559e+02 
3.257166e-04 5.173449e+02 
3.261804e-04 5.179714e+02 
3.269448e-04 5.155375e+02 
3.277091e-04 5.096499e+02 
3.289232e-04 4.963251e+02 
3.298557e-04 4.857059e+02 
3.305762e-04 4.787845e+02 
3.320163e-04 4.711841e+02 
3.329324e-04 4.715910e+02 
3.337914e-04 4.756092e+02 
3.346293e-04 4.823762e+02 
3.358937e-04 4.960558e+02 
3.376904e-04 5.165777e+02 
3.385399e-04 5.244116e+02 
3.394164e-04 5.302923e+02 
3.402971e-04 5.337046e+02 
3.415220e-04 5.346197e+02 
3.433335e-04 5.306226e+02 
3.456595e-04 5.239979e+02 
3.467369e-04 5.222818e+02 
3.481845e-04 5.217402e+02 
3.540768e-04 5.302039e+02 
3.683247e-04 5.544600e+02 
3.807800e-04 5.726166e+02 
3.927764e-04 5.862654e+02 
4.107410e-04 6.008151e+02 
4.137189e-04 6.057252e+02 
4.312458e-04 6.441406e+02 
4.372460e-04 6.551211e+02 
4.470130e-04 6.683979e+02 
4.608000e-04 6.836116e+02 
4.731512e-04 6.947275e+02 
4.897788e-04 7.073173e+02 
5.263202e-04 7.294201e+02 
5.623414e-04 7.447429e+02 
6.006246e-04 7.565481e+02 
6.300499e-04 7.628187e+02 
6.870036e-04 7.693654e+02 
7.504353e-04 7.711595e+02 
8.222426e-04 7.655364e+02 
9.061237e-04 7.557295e+02 
1.002421e-03 7.425322e+02 
1.054458e-03 7.343039e+02 
1.168275e-03 7.110614e+02 
1.289389e-03 6.858746e+02 
1.353770e-03 6.710302e+02 
1.425946e-03 6.535208e+02 
1.496236e-03 6.361276e+02 
1.578023e-03 6.151222e+02 
1.652609e-03 5.942110e+02 
1.726156e-03 5.715923e+02 
1.789617e-03 5.507141e+02 
1.848737e-03 5.296076e+02 
1.901779e-03 5.085908e+02 
1.944012e-03 4.901067e+02 
1.980133e-03 4.726906e+02 
2.014818e-03 4.541502e+02 
2.044867e-03 4.361435e+02 
2.073570e-03 4.166340e+02 
2.095507e-03 3.995973e+02 
2.115673e-03 3.816515e+02 
2.132513e-03 3.642911e+02 
2.147415e-03 3.464359e+02 
2.159519e-03 3.299474e+02 
2.175620e-03 3.063307e+02 
2.186618e-03 2.914117e+02 
2.192378e-03 2.849933e+02 
2.198194e-03 2.799862e+02 
2.204443e-03 2.765867e+02 
2.208930e-03 2.755182e+02 
2.213969e-03 2.756953e+02 
2.219046e-03 2.772762e+02 
2.224667e-03 2.805026e+02 
2.230188e-03 2.849581e+02 
2.238549e-03 2.935974e+02 
2.250674e-03 3.088139e+02 
2.296302e-03 3.765516e+02 
2.318426e-03 4.118835e+02 
2.332044e-03 4.332893e+02 
2.344726e-03 4.523663e+02 
2.353321e-03 4.645278e+02 
2.361978e-03 4.759308e+02 
2.371374e-03 4.871765e+02 
2.382510e-03 4.988603e+02 
2.395819e-03 5.105315e+02 
2.406935e-03 5.185498e+02 
2.422214e-03 5.273693e+02 
2.440382e-03 5.350231e+02 
2.467924e-03 5.422366e+02 
2.490291e-03 5.483967e+02 
2.500784e-03 5.533291e+02 
2.516474e-03 5.643574e+02 
2.555033e-03 6.020136e+02 
2.567401e-03 6.130802e+02 
2.581624e-03 6.239233e+02 
2.596420e-03 6.332579e+02 
2.616025e-03 6.433906e+02 
2.638772e-03 6.530583e+02 
2.663024e-03 6.617220e+02 
2.696128e-03 6.716352e+02 
2.757176e-03 6.856585e+02 
2.833777e-03 6.978667e+02 
2.926928e-03 7.073018e+02 
3.005378e-03 7.122087e+02 
3.098232e-03 7.150674e+02 
3.239832e-03 7.143911e+02 
3.423824e-03 7.085573e+02 
3.641245e-03 6.971211e+02 
3.841078e-03 6.840860e+02 
4.137496e-03 6.614667e+02 
4.470573e-03 6.345392e+02 
4.812444e-03 6.066870e+02 
5.230461e-03 5.736452e+02 
5.884201e-03 5.253498e+02 
6.546597e-03 4.813447e+02 
7.171747e-03 4.443593e+02 
7.887132e-03 4.066473e+02 
8.748500e-03 3.668213e+02 
9.473737e-03 3.370772e+02 
1.021757e-02 3.095552e+02 
1.105372e-02 2.816833e+02 
1.189144e-02 2.565510e+02 
1.286143e-02 2.305246e+02 
1.381129e-02 2.076112e+02 
1.466920e-02 1.886762e+02 
1.537008e-02 1.741008e+02 
1.591189e-02 1.630941e+02 
1.635861e-02 1.539167e+02 
1.669468e-02 1.466856e+02 
1.697480e-02 1.401629e+02 
1.718312e-02 1.347107e+02 
1.728377e-02 1.317346e+02 
1.737051e-02 1.288761e+02 
1.744110e-02 1.262753e+02 
1.753699e-02 1.222621e+02 
1.766791e-02 1.160534e+02 
1.778418e-02 1.108473e+02 
1.784972e-02 1.087185e+02 
1.790878e-02 1.076221e+02 
1.795305e-02 1.073951e+02 
1.799079e-02 1.076125e+02 
1.804317e-02 1.084968e+02 
1.811027e-02 1.104325e+02 
1.830865e-02 1.181025e+02 
1.838125e-02 1.205677e+02 
1.847536e-02 1.231087e+02 
1.857746e-02 1.250981e+02 
1.865871e-02 1.262430e+02 
1.883649e-02 1.278706e+02 
1.905503e-02 1.289014e+02 
1.931446e-02 1.293557e+02 
1.971314e-02 1.290573e+02 
2.017837e-02 1.277910e+02 
2.084334e-02 1.250745e+02 
2.168036e-02 1.209788e+02 
2.290867e-02 1.145488e+02 
2.432408e-02 1.071095e+02 
2.639562e-02 9.688170e+01 
2.833124e-02 8.834233e+01 
3.111883e-02 7.765531e+01 
3.446013e-02 6.708616e+01 
3.712794e-02 6.000632e+01 
4.057746e-02 5.223009e+01 
4.746541e-02 4.043836e+01 
5.308357e-02 3.355174e+01 
5.928549e-02 2.772891e+01 
8.457795e-02 1.479299e+01 
1.078869e-01 9.564684e+00 
1.295767e-01 6.845699e+00 
1.581985e-01 4.721186e+00 
1.993917e-01 3.045715e+00 
2.639392e-01 1.776747e+00 
3.686061e-01 9.283498e-01 
5.372251e-01 4.432363e-01 
8.709636e-01 1.702648e-01 
1.859734e+00 3.754349e-02 
5.616308e+00 4.122400e-03 
1.696098e+01 4.520835e-04 
5.122134e+01 4.957083e-05 
1.546860e+02 5.435343e-06 
4.671441e+02 5.959737e-07 
1.584893e+03 5.177605e-08 
5.011872e+03 5.177605e-09 
1.584893e+04 5.177600e-10 
5.011872e+04 5.177600e-11 
1.000000e+05 1.300560e-11 
-1           -1           
-2           -2           
