% -----------------------------------------------------------------------
%   Program Name: re-cs-75.dat 
%   Author: the Geant4 Collaboration
%   Organization: the Geant4 Collaboration
%   Version: unknown
%   Date: circa 2006
%   Class: Public
%   Copyright (c) Copyright Holders of the Geant4 Collaboration, 1994-2006.
%   See http://cern.ch/geant4/license for details on the copyright holders.
%   All rights not expressly granted under this license are reserved.
% -----------------------------------------------------------------------
1.000000e-06 8.788178e-03 
1.069950e-06 1.166324e-02 
1.137867e-06 1.508058e-02 
1.210094e-06 1.959801e-02 
1.286907e-06 2.560499e-02 
1.368596e-06 3.362846e-02 
1.455469e-06 4.439787e-02 
1.500953e-06 5.114353e-02 
1.646110e-06 7.761544e-02 
1.697551e-06 8.944064e-02 
1.750600e-06 1.032946e-01 
1.805306e-06 1.195636e-01 
1.861722e-06 1.387165e-01 
1.919900e-06 1.613253e-01 
1.979897e-06 1.881272e-01 
2.105574e-06 2.574455e-01 
2.170084e-06 3.014119e-01 
2.232578e-06 3.507122e-01 
2.351769e-06 4.648682e-01 
2.408585e-06 5.304188e-01 
2.463626e-06 6.025363e-01 
2.516947e-06 6.816709e-01 
2.568601e-06 7.682362e-01 
2.618642e-06 8.626553e-01 
2.667118e-06 9.653603e-01 
2.714080e-06 1.076793e+00 
2.759574e-06 1.197404e+00 
2.846342e-06 1.467897e+00 
2.927771e-06 1.778305e+00 
3.004191e-06 2.132773e+00 
3.075909e-06 2.537209e+00 
3.110096e-06 2.761354e+00 
3.176333e-06 3.258786e+00 
3.238431e-06 3.816153e+00 
3.296647e-06 4.440609e+00 
3.351225e-06 5.136961e+00 
3.402392e-06 5.910089e+00 
3.450361e-06 6.764957e+00 
3.495332e-06 7.706600e+00 
3.537492e-06 8.740049e+00 
3.577017e-06 9.869897e+00 
3.614072e-06 1.110029e+01 
3.648810e-06 1.243633e+01 
3.681378e-06 1.388418e+01 
3.711910e-06 1.544975e+01 
3.740534e-06 1.713855e+01 
3.767369e-06 1.895616e+01 
3.792527e-06 2.090819e+01 
3.816112e-06 2.299947e+01 
3.840000e-06 2.542705e+01 
3.858953e-06 2.761857e+01 
3.878387e-06 3.015804e+01 
3.896606e-06 3.285877e+01 
3.913686e-06 3.572625e+01 
3.929699e-06 3.876592e+01 
3.944711e-06 4.198336e+01 
3.958785e-06 4.538440e+01 
3.971980e-06 4.897523e+01 
3.984349e-06 5.276239e+01 
3.995946e-06 5.675266e+01 
4.006817e-06 6.095293e+01 
4.017010e-06 6.537033e+01 
4.026565e-06 7.001254e+01 
4.035523e-06 7.488857e+01 
4.043921e-06 8.000950e+01 
4.059668e-06 9.144589e+01 
4.073446e-06 1.041567e+02 
4.085502e-06 1.183302e+02 
4.096051e-06 1.341122e+02 
4.105281e-06 1.515289e+02 
4.113358e-06 1.704446e+02 
4.120425e-06 1.905694e+02 
4.126608e-06 2.115050e+02 
4.132019e-06 2.328055e+02 
4.136753e-06 2.540333e+02 
4.144520e-06 2.947857e+02 
4.155621e-06 3.676561e+02 
4.171738e-06 5.083364e+02 
4.180157e-06 5.988391e+02 
4.185289e-06 6.593202e+02 
4.190421e-06 7.233344e+02 
4.200684e-06 8.593946e+02 
4.201967e-06 8.769043e+02 
4.210948e-06 1.000203e+03 
4.214476e-06 1.048095e+03 
4.221212e-06 1.136523e+03 
4.224740e-06 1.180414e+03 
4.228108e-06 1.220197e+03 
4.231475e-06 1.257512e+03 
4.235966e-06 1.302752e+03 
4.240296e-06 1.340742e+03 
4.244305e-06 1.370349e+03 
4.247673e-06 1.390698e+03 
4.252644e-06 1.412630e+03 
4.258658e-06 1.425451e+03 
4.263209e-06 1.424789e+03 
4.269471e-06 1.409126e+03 
4.274525e-06 1.384269e+03 
4.279371e-06 1.350679e+03 
4.284238e-06 1.307999e+03 
4.286275e-06 1.287680e+03 
4.293378e-06 1.206800e+03 
4.297968e-06 1.147453e+03 
4.301314e-06 1.101401e+03 
4.305727e-06 1.037817e+03 
4.309164e-06 9.866019e+02 
4.313585e-06 9.193747e+02 
4.318075e-06 8.503661e+02 
4.322766e-06 7.784861e+02 
4.328980e-06 6.851697e+02 
4.333470e-06 6.200775e+02 
4.339565e-06 5.360657e+02 
4.344376e-06 4.739557e+02 
4.354639e-06 3.557774e+02 
4.358588e-06 3.158419e+02 
4.361746e-06 2.861701e+02 
4.364903e-06 2.584920e+02 
4.369393e-06 2.225035e+02 
4.374355e-06 1.872041e+02 
4.378449e-06 1.614431e+02 
4.382741e-06 1.375167e+02 
4.386933e-06 1.169983e+02 
4.391039e-06 9.943913e+01 
4.396371e-06 8.005314e+01 
4.404061e-06 5.809768e+01 
4.411396e-06 4.275618e+01 
4.416088e-06 3.535093e+01 
4.419505e-06 3.098106e+01 
4.422012e-06 2.826944e+01 
4.424205e-06 2.621553e+01 
4.426365e-06 2.446234e+01 
4.428500e-06 2.297748e+01 
4.430602e-06 2.174183e+01 
4.432671e-06 2.073146e+01 
4.436745e-06 1.929419e+01 
4.440691e-06 1.853707e+01 
4.444513e-06 1.833931e+01 
4.451920e-06 1.928019e+01 
4.458863e-06 2.155699e+01 
4.484902e-06 4.044640e+01 
4.494666e-06 5.188238e+01 
4.510686e-06 7.744125e+01 
4.527959e-06 1.189765e+02 
4.536724e-06 1.484763e+02 
4.543297e-06 1.757984e+02 
4.548227e-06 1.998940e+02 
4.556250e-06 2.471630e+02 
4.568633e-06 3.452325e+02 
4.591095e-06 6.366713e+02 
4.599519e-06 7.973411e+02 
4.607942e-06 9.927976e+02 
4.615242e-06 1.193107e+03 
4.620454e-06 1.354705e+03 
4.630405e-06 1.707178e+03 
4.636422e-06 1.947842e+03 
4.647778e-06 2.453483e+03 
4.649197e-06 2.520839e+03 
4.659134e-06 3.011854e+03 
4.663037e-06 3.211475e+03 
4.671494e-06 3.648136e+03 
4.675026e-06 3.829252e+03 
4.680072e-06 4.083381e+03 
4.683317e-06 4.242247e+03 
4.688811e-06 4.499891e+03 
4.692502e-06 4.662810e+03 
4.697776e-06 4.878107e+03 
4.702651e-06 5.055505e+03 
4.705268e-06 5.141115e+03 
4.711922e-06 5.325079e+03 
4.717118e-06 5.432198e+03 
4.722585e-06 5.507775e+03 
4.728025e-06 5.543645e+03 
4.739153e-06 5.493263e+03 
4.742209e-06 5.450939e+03 
4.750457e-06 5.279430e+03 
4.754612e-06 5.163673e+03 
4.759236e-06 5.014211e+03 
4.762208e-06 4.907716e+03 
4.767539e-06 4.698816e+03 
4.771409e-06 4.534796e+03 
4.776939e-06 4.285976e+03 
4.782717e-06 4.012714e+03 
4.789728e-06 3.670515e+03 
4.795406e-06 3.390768e+03 
4.801794e-06 3.079135e+03 
4.806762e-06 2.842377e+03 
4.818118e-06 2.331605e+03 
4.822022e-06 2.168410e+03 
4.829475e-06 1.877337e+03 
4.837992e-06 1.579769e+03 
4.847858e-06 1.282946e+03 
4.857601e-06 1.038579e+03 
4.879506e-06 6.430039e+02 
4.887464e-06 5.422812e+02 
4.894924e-06 4.640487e+02 
4.901919e-06 4.026790e+02 
4.908476e-06 3.539781e+02 
4.914623e-06 3.148447e+02 
4.926149e-06 2.550953e+02 
4.936235e-06 2.140069e+02 
4.945060e-06 1.844090e+02 
4.960503e-06 1.429713e+02 
4.983668e-06 9.803866e+01 
4.993803e-06 8.355198e+01 
5.000318e-06 7.585251e+01 
5.003576e-06 7.249470e+01 
5.007603e-06 6.881483e+01 
5.011575e-06 6.571697e+01 
5.015366e-06 6.327253e+01 
5.019157e-06 6.135050e+01 
5.025319e-06 5.939811e+01 
5.028400e-06 5.899094e+01 
5.031481e-06 5.897823e+01 
5.043804e-06 6.306468e+01 
5.046335e-06 6.475129e+01 
5.048783e-06 6.666366e+01 
5.054292e-06 7.197672e+01 
5.057959e-06 7.628423e+01 
5.061422e-06 8.090864e+01 
5.070446e-06 9.538544e+01 
5.084453e-06 1.239221e+02 
5.091228e-06 1.397413e+02 
5.098346e-06 1.572307e+02 
5.104443e-06 1.725451e+02 
5.111777e-06 1.908700e+02 
5.117327e-06 2.043190e+02 
5.120277e-06 2.112212e+02 
5.125781e-06 2.234833e+02 
5.130840e-06 2.338795e+02 
5.142394e-06 2.536365e+02 
5.147135e-06 2.598737e+02 
5.154717e-06 2.673296e+02 
5.158954e-06 2.700944e+02 
5.162997e-06 2.717830e+02 
5.167041e-06 2.725479e+02 
5.172433e-06 2.721593e+02 
5.175899e-06 2.710868e+02 
5.179365e-06 2.693980e+02 
5.185527e-06 2.649652e+02 
5.191688e-06 2.588664e+02 
5.197850e-06 2.513208e+02 
5.204012e-06 2.425666e+02 
5.207093e-06 2.378135e+02 
5.214025e-06 2.264008e+02 
5.216336e-06 2.224212e+02 
5.228659e-06 2.003522e+02 
5.231740e-06 1.947391e+02 
5.240983e-06 1.780395e+02 
5.253307e-06 1.567734e+02 
5.281889e-06 1.154576e+02 
5.291292e-06 1.047006e+02 
5.300400e-06 9.555856e+01 
5.309224e-06 8.779921e+01 
5.317772e-06 8.119973e+01 
5.334335e-06 7.056153e+01 
5.349862e-06 6.259942e+01 
5.364418e-06 5.642648e+01 
5.378065e-06 5.147485e+01 
5.403653e-06 4.369737e+01 
5.493210e-06 2.348675e+01 
5.515599e-06 1.917736e+01 
5.523995e-06 1.764447e+01 
5.549708e-06 1.351443e+01 
5.557973e-06 1.249257e+01 
5.564171e-06 1.187748e+01 
5.568820e-06 1.151976e+01 
5.572307e-06 1.131839e+01 
5.574922e-06 1.120888e+01 
5.576883e-06 1.115181e+01 
5.579825e-06 1.110912e+01 
5.582767e-06 1.112130e+01 
5.585236e-06 1.117670e+01 
5.588054e-06 1.129347e+01 
5.592281e-06 1.158295e+01 
5.596509e-06 1.202011e+01 
5.603379e-06 1.307554e+01 
5.606814e-06 1.377603e+01 
5.610679e-06 1.471096e+01 
5.613071e-06 1.537058e+01 
5.615801e-06 1.620150e+01 
5.619896e-06 1.760835e+01 
5.626215e-06 2.016929e+01 
5.643243e-06 2.949591e+01 
5.653196e-06 3.654289e+01 
5.659913e-06 4.189375e+01 
5.666581e-06 4.761017e+01 
5.672814e-06 5.324823e+01 
5.678931e-06 5.898296e+01 
5.685030e-06 6.481895e+01 
5.690801e-06 7.036857e+01 
5.693335e-06 7.279267e+01 
5.699887e-06 7.896543e+01 
5.706093e-06 8.459937e+01 
5.709260e-06 8.736140e+01 
5.714720e-06 9.189774e+01 
5.720609e-06 9.640998e+01 
5.725185e-06 9.959914e+01 
5.732829e-06 1.042242e+02 
5.739208e-06 1.073441e+02 
5.748758e-06 1.106552e+02 
5.754409e-06 1.118192e+02 
5.761151e-06 1.124312e+02 
5.768157e-06 1.121929e+02 
5.773340e-06 1.114688e+02 
5.780141e-06 1.098591e+02 
5.786700e-06 1.076605e+02 
5.788886e-06 1.067996e+02 
5.799192e-06 1.019962e+02 
5.806063e-06 9.822708e+01 
5.816369e-06 9.197345e+01 
5.830110e-06 8.301759e+01 
5.840226e-06 7.633450e+01 
5.852843e-06 6.825993e+01 
5.889542e-06 4.859817e+01 
5.896842e-06 4.551059e+01 
5.910530e-06 4.042980e+01 
5.922506e-06 3.666709e+01 
5.943465e-06 3.132846e+01 
5.959184e-06 2.811466e+01 
6.006342e-06 2.087057e+01 
6.034000e-06 1.766516e+01 
6.041417e-06 1.692137e+01 
6.056251e-06 1.560017e+01 
6.071084e-06 1.452978e+01 
6.085918e-06 1.374454e+01 
6.093335e-06 1.346689e+01 
6.100752e-06 1.326783e+01 
6.106717e-06 1.316443e+01 
6.111191e-06 1.311936e+01 
6.117901e-06 1.310198e+01 
6.124612e-06 1.314135e+01 
6.129772e-06 1.320698e+01 
6.141383e-06 1.345032e+01 
6.160086e-06 1.402848e+01 
6.174920e-06 1.453070e+01 
6.189754e-06 1.495416e+01 
6.193462e-06 1.503609e+01 
6.204587e-06 1.520380e+01 
6.212670e-06 1.524068e+01 
6.220384e-06 1.520152e+01 
6.228099e-06 1.508613e+01 
6.233347e-06 1.496352e+01 
6.241217e-06 1.471349e+01 
6.249088e-06 1.438708e+01 
6.256505e-06 1.401427e+01 
6.263922e-06 1.358399e+01 
6.278756e-06 1.257866e+01 
6.293589e-06 1.143164e+01 
6.308423e-06 1.020650e+01 
6.319548e-06 9.273232e+00 
6.323257e-06 8.964208e+00 
6.339843e-06 7.623768e+00 
6.355448e-06 6.471793e+00 
6.371052e-06 5.485349e+00 
6.386657e-06 4.726157e+00 
6.402262e-06 4.264064e+00 
6.417866e-06 4.180845e+00 
6.421343e-06 4.223270e+00 
6.433510e-06 4.573476e+00 
6.436552e-06 4.714172e+00 
6.441115e-06 4.968428e+00 
6.445678e-06 5.277049e+00 
6.449580e-06 5.586204e+00 
6.454770e-06 6.065351e+00 
6.459106e-06 6.527564e+00 
6.466272e-06 7.421470e+00 
6.477408e-06 9.151356e+00 
6.494978e-06 1.277786e+01 
6.500546e-06 1.416250e+01 
6.513306e-06 1.775488e+01 
6.520496e-06 2.002188e+01 
6.529837e-06 2.319939e+01 
6.536151e-06 2.547557e+01 
6.542567e-06 2.787291e+01 
6.549400e-06 3.049575e+01 
6.557058e-06 3.348398e+01 
6.564791e-06 3.650814e+01 
6.572188e-06 3.935937e+01 
6.574325e-06 4.016887e+01 
6.582862e-06 4.330487e+01 
6.590598e-06 4.596743e+01 
6.595473e-06 4.753278e+01 
6.602711e-06 4.966575e+01 
6.606098e-06 5.057659e+01 
6.620728e-06 5.377605e+01 
6.627809e-06 5.485501e+01 
6.639131e-06 5.589700e+01 
6.647131e-06 5.611814e+01 
6.651697e-06 5.605536e+01 
6.655692e-06 5.589047e+01 
6.662683e-06 5.536351e+01 
6.667926e-06 5.477869e+01 
6.671859e-06 5.423974e+01 
6.680707e-06 5.273832e+01 
6.683656e-06 5.215654e+01 
6.695555e-06 4.945908e+01 
6.699521e-06 4.845364e+01 
6.711420e-06 4.520134e+01 
6.715387e-06 4.405794e+01 
6.731252e-06 3.933293e+01 
6.736065e-06 3.788371e+01 
6.750505e-06 3.360134e+01 
6.762982e-06 3.007162e+01 
6.773468e-06 2.728462e+01 
6.790791e-06 2.311042e+01 
6.815828e-06 1.809416e+01 
6.838802e-06 1.452235e+01 
6.845514e-06 1.365425e+01 
6.865653e-06 1.150321e+01 
6.872467e-06 1.092594e+01 
6.889300e-06 9.820807e+00 
6.893508e-06 9.615338e+00 
6.906133e-06 9.166462e+00 
6.910787e-06 9.063350e+00 
6.917769e-06 8.969936e+00 
6.924751e-06 8.947664e+00 
6.932306e-06 8.999664e+00 
6.936617e-06 9.062713e+00 
6.944163e-06 9.226851e+00 
6.949821e-06 9.390864e+00 
6.954065e-06 9.534352e+00 
6.963615e-06 9.911401e+00 
6.994373e-06 1.138851e+01 
7.007296e-06 1.198571e+01 
7.011262e-06 1.215164e+01 
7.026101e-06 1.266701e+01 
7.032046e-06 1.281780e+01 
7.043395e-06 1.300479e+01 
7.047279e-06 1.303721e+01 
7.054074e-06 1.305506e+01 
7.059171e-06 1.303669e+01 
7.066816e-06 1.296083e+01 
7.074461e-06 1.283216e+01 
7.083997e-06 1.260952e+01 
7.093533e-06 1.233539e+01 
7.124960e-06 1.134516e+01 
7.129168e-06 1.123223e+01 
7.141793e-06 1.096182e+01 
7.148411e-06 1.087021e+01 
7.154728e-06 1.081992e+01 
7.161046e-06 1.080834e+01 
7.165265e-06 1.082287e+01 
7.171595e-06 1.087842e+01 
7.181133e-06 1.103727e+01 
7.190962e-06 1.128918e+01 
7.200440e-06 1.160549e+01 
7.216770e-06 1.227267e+01 
7.228224e-06 1.278732e+01 
7.247806e-06 1.363395e+01 
7.263036e-06 1.416258e+01 
7.267387e-06 1.428071e+01 
7.280442e-06 1.452681e+01 
7.286088e-06 1.457805e+01 
7.291028e-06 1.459378e+01 
7.299674e-06 1.455441e+01 
7.306159e-06 1.446872e+01 
7.315885e-06 1.425179e+01 
7.325612e-06 1.393435e+01 
7.332659e-06 1.364683e+01 
7.345713e-06 1.300394e+01 
7.350065e-06 1.276257e+01 
7.363208e-06 1.197132e+01 
7.367728e-06 1.168276e+01 
7.379351e-06 1.091870e+01 
7.384876e-06 1.055036e+01 
7.397917e-06 9.688092e+00 
7.423193e-06 8.148440e+00 
7.433708e-06 7.595439e+00 
7.443508e-06 7.139418e+00 
7.451826e-06 6.801425e+00 
7.459054e-06 6.546037e+00 
7.466282e-06 6.327051e+00 
7.471410e-06 6.193879e+00 
7.480385e-06 6.004856e+00 
7.487115e-06 5.899173e+00 
7.497212e-06 5.796423e+00 
7.502260e-06 5.769014e+00 
7.507308e-06 5.756754e+00 
7.518924e-06 5.782149e+00 
7.524732e-06 5.820545e+00 
7.530540e-06 5.874348e+00 
7.539766e-06 5.988119e+00 
7.548991e-06 6.131652e+00 
7.571241e-06 6.564948e+00 
7.589731e-06 6.971963e+00 
7.606341e-06 7.333529e+00 
7.614646e-06 7.502612e+00 
7.622951e-06 7.659020e+00 
7.651954e-06 8.060240e+00 
7.657223e-06 8.103023e+00 
7.673033e-06 8.166777e+00 
7.679002e-06 8.164696e+00 
7.696910e-06 8.072166e+00 
7.702333e-06 8.019574e+00 
7.712229e-06 7.896754e+00 
7.718942e-06 7.795545e+00 
7.734958e-06 7.507517e+00 
7.755426e-06 7.084855e+00 
7.781152e-06 6.579057e+00 
7.796653e-06 6.351818e+00 
7.814260e-06 6.215306e+00 
7.833650e-06 6.256085e+00 
7.842145e-06 6.344115e+00 
7.850507e-06 6.473457e+00 
7.858548e-06 6.637013e+00 
7.864758e-06 6.788550e+00 
7.870776e-06 6.955202e+00 
7.879892e-06 7.241597e+00 
7.893052e-06 7.716201e+00 
7.909260e-06 8.370550e+00 
7.930088e-06 9.252771e+00 
7.948949e-06 1.001206e+01 
7.954060e-06 1.020167e+01 
7.968742e-06 1.069144e+01 
7.977367e-06 1.093469e+01 
7.993832e-06 1.129474e+01 
8.000955e-06 1.140581e+01 
8.015014e-06 1.154520e+01 
8.022768e-06 1.157798e+01 
8.036791e-06 1.156311e+01 
8.050813e-06 1.146286e+01 
8.070380e-06 1.120724e+01 
8.085631e-06 1.093837e+01 
8.097911e-06 1.069172e+01 
8.126708e-06 1.005899e+01 
8.197033e-06 8.574005e+00 
8.238353e-06 7.874493e+00 
8.254700e-06 7.634639e+00 
8.281863e-06 7.273757e+00 
8.382363e-06 6.144241e+00 
8.441613e-06 5.541367e+00 
8.453345e-06 5.438184e+00 
8.469497e-06 5.313104e+00 
8.488763e-06 5.197555e+00 
8.500000e-06 5.150866e+00 
8.515638e-06 5.115238e+00 
8.527758e-06 5.113071e+00 
8.548449e-06 5.162970e+00 
8.560403e-06 5.222065e+00 
8.572231e-06 5.300666e+00 
8.583820e-06 5.394804e+00 
8.609897e-06 5.651816e+00 
8.634499e-06 5.917448e+00 
8.653624e-06 6.110736e+00 
8.674627e-06 6.284054e+00 
8.693280e-06 6.387601e+00 
8.706719e-06 6.427330e+00 
8.720158e-06 6.436268e+00 
8.738044e-06 6.401547e+00 
8.755930e-06 6.319076e+00 
8.776814e-06 6.175662e+00 
8.797014e-06 6.006796e+00 
8.839464e-06 5.641948e+00 
8.857466e-06 5.512001e+00 
8.870804e-06 5.432057e+00 
8.887340e-06 5.354439e+00 
8.911336e-06 5.283718e+00 
8.935333e-06 5.255379e+00 
8.969016e-06 5.260433e+00 
9.006963e-06 5.281463e+00 
9.028409e-06 5.284337e+00 
9.049699e-06 5.276149e+00 
9.076455e-06 5.250604e+00 
9.192410e-06 5.068529e+00 
9.479636e-06 4.709553e+00 
9.537536e-06 4.650097e+00 
9.748448e-06 4.496349e+00 
9.978117e-06 4.380616e+00 
1.013403e-05 4.327193e+00 
1.029237e-05 4.297567e+00 
1.043552e-05 4.290208e+00 
1.061401e-05 4.300000e+00 
1.071776e-05 4.318889e+00 
1.094569e-05 4.388487e+00 
1.130532e-05 4.575876e+00 
1.147513e-05 4.699941e+00 
1.165989e-05 4.872375e+00 
1.200425e-05 5.269918e+00 
1.216251e-05 5.487358e+00 
1.276572e-05 6.485176e+00 
1.288250e-05 6.709823e+00 
1.334317e-05 7.716193e+00 
1.403157e-05 9.554418e+00 
1.524554e-05 1.372840e+01 
1.614794e-05 1.758720e+01 
1.661775e-05 1.984787e+01 
1.757924e-05 2.495014e+01 
1.850000e-05 3.034668e+01 
1.927525e-05 3.519060e+01 
2.000000e-05 3.986577e+01 
2.072324e-05 4.455818e+01 
2.130000e-05 4.824685e+01 
2.162719e-05 5.032924e+01 
2.210000e-05 5.325666e+01 
2.256362e-05 5.605621e+01 
2.304000e-05 5.881517e+01 
2.385183e-05 6.305589e+01 
2.460883e-05 6.652483e+01 
2.552613e-05 6.989747e+01 
2.646877e-05 7.238984e+01 
2.717344e-05 7.357685e+01 
2.756958e-05 7.395530e+01 
2.818383e-05 7.414285e+01 
2.933778e-05 7.374399e+01 
2.939393e-05 7.381687e+01 
3.073662e-05 7.885177e+01 
3.147732e-05 8.273090e+01 
3.236663e-05 8.872327e+01 
3.300000e-05 9.409703e+01 
3.350574e-05 9.932971e+01 
3.399891e-05 1.055415e+02 
3.447401e-05 1.128563e+02 
3.487063e-05 1.202073e+02 
3.527341e-05 1.291640e+02 
3.557644e-05 1.371861e+02 
3.578629e-05 1.435758e+02 
3.603460e-05 1.521960e+02 
3.634039e-05 1.646940e+02 
3.662976e-05 1.789374e+02 
3.686400e-05 1.927065e+02 
3.705574e-05 2.058801e+02 
3.728319e-05 2.243233e+02 
3.748666e-05 2.441308e+02 
3.765881e-05 2.640591e+02 
3.781822e-05 2.858720e+02 
3.795770e-05 3.083822e+02 
3.807975e-05 3.314699e+02 
3.818654e-05 3.550091e+02 
3.827999e-05 3.788479e+02 
3.836175e-05 4.027905e+02 
3.849589e-05 4.500014e+02 
3.855067e-05 4.727354e+02 
3.864652e-05 5.183534e+02 
3.871841e-05 5.581157e+02 
3.881277e-05 6.184947e+02 
3.893409e-05 7.112354e+02 
3.912575e-05 8.953053e+02 
3.931741e-05 1.129488e+03 
3.941324e-05 1.270195e+03 
3.950907e-05 1.433893e+03 
3.955699e-05 1.527409e+03 
3.960491e-05 1.630910e+03 
3.966287e-05 1.772382e+03 
3.970074e-05 1.876241e+03 
3.979657e-05 2.189067e+03 
3.985646e-05 2.428411e+03 
3.991930e-05 2.722592e+03 
3.998823e-05 3.102248e+03 
4.016286e-05 4.357413e+03 
4.024891e-05 5.126971e+03 
4.035340e-05 6.165377e+03 
4.038509e-05 6.495374e+03 
4.045294e-05 7.211218e+03 
4.050894e-05 7.798387e+03 
4.056322e-05 8.350265e+03 
4.060480e-05 8.753160e+03 
4.064963e-05 9.160664e+03 
4.070223e-05 9.593539e+03 
4.075072e-05 9.940203e+03 
4.081322e-05 1.030008e+04 
4.085989e-05 1.049753e+04 
4.091497e-05 1.064568e+04 
4.095932e-05 1.069540e+04 
4.100643e-05 1.067908e+04 
4.105025e-05 1.060040e+04 
4.106988e-05 1.054572e+04 
4.114013e-05 1.025574e+04 
4.117938e-05 1.003357e+04 
4.120585e-05 9.861509e+03 
4.124462e-05 9.579966e+03 
4.128226e-05 9.276277e+03 
4.133067e-05 8.848403e+03 
4.137369e-05 8.439287e+03 
4.141518e-05 8.025269e+03 
4.147818e-05 7.372643e+03 
4.152735e-05 6.853884e+03 
4.158267e-05 6.271720e+03 
4.162569e-05 5.826479e+03 
4.172403e-05 4.857288e+03 
4.179010e-05 4.258943e+03 
4.187154e-05 3.592796e+03 
4.195898e-05 2.972165e+03 
4.217488e-05 1.847123e+03 
4.222833e-05 1.647381e+03 
4.228179e-05 1.473593e+03 
4.233382e-05 1.326628e+03 
4.238586e-05 1.198962e+03 
4.243789e-05 1.088138e+03 
4.248993e-05 9.918718e+02 
4.254197e-05 9.080829e+02 
4.264604e-05 7.707188e+02 
4.269807e-05 7.140886e+02 
4.280214e-05 6.188610e+02 
4.293218e-05 5.246689e+02 
4.321843e-05 3.777401e+02 
4.330159e-05 3.466879e+02 
4.338556e-05 3.203732e+02 
4.349270e-05 2.945804e+02 
4.351475e-05 2.904171e+02 
4.362133e-05 2.761065e+02 
4.363465e-05 2.750128e+02 
4.372791e-05 2.717584e+02 
4.377214e-05 2.728876e+02 
4.384286e-05 2.781237e+02 
4.389593e-05 2.846425e+02 
4.393227e-05 2.902651e+02 
4.397309e-05 2.975777e+02 
4.404004e-05 3.114864e+02 
4.421125e-05 3.528225e+02 
4.426748e-05 3.663463e+02 
4.435803e-05 3.859423e+02 
4.437406e-05 3.890014e+02 
4.448064e-05 4.051139e+02 
4.451499e-05 4.085076e+02 
4.459028e-05 4.125066e+02 
4.464038e-05 4.124627e+02 
4.470015e-05 4.096018e+02 
4.473602e-05 4.064773e+02 
4.478025e-05 4.012689e+02 
4.483829e-05 3.923861e+02 
4.490360e-05 3.800740e+02 
4.500689e-05 3.571746e+02 
4.524457e-05 3.029842e+02 
4.535512e-05 2.838904e+02 
4.544133e-05 2.736715e+02 
4.549425e-05 2.696331e+02 
4.553910e-05 2.675484e+02 
4.560065e-05 2.666093e+02 
4.564631e-05 2.672461e+02 
4.571060e-05 2.698302e+02 
4.579121e-05 2.752977e+02 
4.602531e-05 2.968596e+02 
4.614277e-05 3.056051e+02 
4.616695e-05 3.069227e+02 
4.625641e-05 3.100111e+02 
4.631586e-05 3.103827e+02 
4.636441e-05 3.096585e+02 
4.642813e-05 3.073363e+02 
4.651006e-05 3.022255e+02 
4.657114e-05 2.970508e+02 
4.665793e-05 2.880816e+02 
4.668686e-05 2.847554e+02 
4.683361e-05 2.662482e+02 
4.698540e-05 2.460188e+02 
4.757794e-05 1.781356e+02 
4.843322e-05 1.137845e+02 
4.854048e-05 1.073043e+02 
4.888830e-05 8.822186e+01 
4.897663e-05 8.431170e+01 
4.904666e-05 8.173894e+01 
4.915200e-05 7.913358e+01 
4.927082e-05 7.886551e+01 
4.934386e-05 8.069826e+01 
4.941928e-05 8.473725e+01 
4.948457e-05 9.044531e+01 
4.954339e-05 9.774108e+01 
4.957705e-05 1.029892e+02 
4.962961e-05 1.129740e+02 
4.968377e-05 1.258705e+02 
4.971658e-05 1.351405e+02 
4.977303e-05 1.540047e+02 
4.980979e-05 1.684935e+02 
4.986483e-05 1.938447e+02 
4.989785e-05 2.113744e+02 
4.999801e-05 2.767460e+02 
5.013359e-05 4.001753e+02 
5.023253e-05 5.208166e+02 
5.030960e-05 6.353038e+02 
5.054841e-05 1.117153e+03 
5.058432e-05 1.206671e+03 
5.065875e-05 1.405658e+03 
5.069907e-05 1.520574e+03 
5.080093e-05 1.830191e+03 
5.084082e-05 1.957704e+03 
5.092760e-05 2.243211e+03 
5.096948e-05 2.383324e+03 
5.102085e-05 2.555417e+03 
5.105771e-05 2.678151e+03 
5.110864e-05 2.845207e+03 
5.115124e-05 2.981474e+03 
5.120188e-05 3.137606e+03 
5.125695e-05 3.298124e+03 
5.131654e-05 3.458247e+03 
5.139081e-05 3.633783e+03 
5.145516e-05 3.760750e+03 
5.150753e-05 3.844867e+03 
5.156780e-05 3.918684e+03 
5.168374e-05 3.987459e+03 
5.174326e-05 3.984526e+03 
5.182365e-05 3.940160e+03 
5.188486e-05 3.876739e+03 
5.194948e-05 3.784170e+03 
5.199988e-05 3.695424e+03 
5.204104e-05 3.613333e+03 
5.209507e-05 3.494069e+03 
5.216452e-05 3.324719e+03 
5.222497e-05 3.166062e+03 
5.230038e-05 2.958352e+03 
5.237891e-05 2.736293e+03 
5.240509e-05 2.662013e+03 
5.253943e-05 2.288275e+03 
5.259416e-05 2.143026e+03 
5.275431e-05 1.754913e+03 
5.294824e-05 1.374356e+03 
5.306015e-05 1.200925e+03 
5.313016e-05 1.108443e+03 
5.321056e-05 1.016035e+03 
5.332520e-05 9.068649e+02 
5.343604e-05 8.225728e+02 
5.356154e-05 7.472158e+02 
5.371036e-05 6.787649e+02 
5.388663e-05 6.183334e+02 
5.407153e-05 5.709063e+02 
5.430625e-05 5.255019e+02 
5.454576e-05 4.898862e+02 
5.483091e-05 4.564045e+02 
5.519570e-05 4.227276e+02 
5.564000e-05 3.907187e+02 
5.614978e-05 3.618395e+02 
5.686622e-05 3.292701e+02 
5.733842e-05 3.106452e+02 
5.777795e-05 2.957337e+02 
5.802952e-05 2.889002e+02 
5.821032e-05 2.849458e+02 
5.840408e-05 2.816078e+02 
5.865654e-05 2.784853e+02 
5.886376e-05 2.767072e+02 
5.989978e-05 2.719706e+02 
6.131403e-05 2.679839e+02 
6.197058e-05 2.654942e+02 
6.610000e-05 2.473118e+02 
6.986158e-05 2.317503e+02 
7.260463e-05 2.205718e+02 
7.483300e-05 2.113261e+02 
7.690808e-05 2.028035e+02 
7.900000e-05 1.942596e+02 
8.305201e-05 1.780782e+02 
8.471665e-05 1.713421e+02 
8.650000e-05 1.640617e+02 
8.689589e-05 1.629644e+02 
8.825794e-05 1.610655e+02 
8.870406e-05 1.601742e+02 
8.943698e-05 1.578682e+02 
9.098850e-05 1.524897e+02 
9.716280e-05 1.354785e+02 
1.029050e-04 1.226661e+02 
1.057333e-04 1.175540e+02 
1.080000e-04 1.140266e+02 
1.113148e-04 1.097704e+02 
1.139180e-04 1.071627e+02 
1.172507e-04 1.049614e+02 
1.211716e-04 1.036786e+02 
1.260000e-04 1.044676e+02 
1.297463e-04 1.067982e+02 
1.333521e-04 1.104051e+02 
1.380384e-04 1.169971e+02 
1.430000e-04 1.259950e+02 
1.484587e-04 1.380326e+02 
1.552107e-04 1.554924e+02 
1.603245e-04 1.703118e+02 
1.834165e-04 2.518816e+02 
1.918557e-04 2.863239e+02 
2.000000e-04 3.209292e+02 
2.100010e-04 3.639201e+02 
2.220000e-04 4.147583e+02 
2.330000e-04 4.594979e+02 
2.430000e-04 4.970149e+02 
2.499964e-04 5.200555e+02 
2.551202e-04 5.348922e+02 
2.570021e-04 5.435450e+02 
2.585209e-04 5.541008e+02 
2.621579e-04 5.861606e+02 
2.635352e-04 5.959171e+02 
2.653179e-04 6.051505e+02 
2.674300e-04 6.142689e+02 
2.687316e-04 6.209887e+02 
2.706053e-04 6.335338e+02 
2.728250e-04 6.508058e+02 
2.745153e-04 6.623568e+02 
2.757139e-04 6.686106e+02 
2.807709e-04 6.865807e+02 
2.904858e-04 7.296991e+02 
3.001431e-04 7.662769e+02 
3.114618e-04 8.041350e+02 
3.280000e-04 8.539997e+02 
3.489905e-04 9.125022e+02 
3.745468e-04 9.777018e+02 
3.976829e-04 1.030518e+03 
4.161645e-04 1.064013e+03 
4.237802e-04 1.080077e+03 
4.265817e-04 1.092055e+03 
4.323608e-04 1.121510e+03 
4.346283e-04 1.125880e+03 
4.413990e-04 1.119794e+03 
4.440061e-04 1.124658e+03 
4.480528e-04 1.142772e+03 
4.533235e-04 1.169371e+03 
4.612348e-04 1.198884e+03 
4.786099e-04 1.245079e+03 
5.174122e-04 1.325537e+03 
5.282992e-04 1.352016e+03 
5.527134e-04 1.399316e+03 
5.795617e-04 1.437736e+03 
6.062857e-04 1.467317e+03 
6.200845e-04 1.490737e+03 
6.330805e-04 1.516011e+03 
6.601246e-04 1.554583e+03 
6.958250e-04 1.592503e+03 
7.372800e-04 1.624204e+03 
7.852356e-04 1.649364e+03 
8.365656e-04 1.668703e+03 
8.963962e-04 1.682823e+03 
9.584346e-04 1.687675e+03 
1.025873e-03 1.684554e+03 
1.100430e-03 1.670707e+03 
1.180980e-03 1.639536e+03 
1.255844e-03 1.602729e+03 
1.338328e-03 1.554317e+03 
1.410534e-03 1.503112e+03 
1.480706e-03 1.443956e+03 
1.539100e-03 1.384085e+03 
1.594088e-03 1.317121e+03 
1.642952e-03 1.247983e+03 
1.680617e-03 1.186892e+03 
1.714293e-03 1.124087e+03 
1.746157e-03 1.055071e+03 
1.764423e-03 1.009550e+03 
1.786486e-03 9.464688e+02 
1.801461e-03 8.968594e+02 
1.818384e-03 8.310687e+02 
1.832109e-03 7.665188e+02 
1.841941e-03 7.122362e+02 
1.849635e-03 6.656559e+02 
1.861221e-03 5.957767e+02 
1.866622e-03 5.682294e+02 
1.870767e-03 5.516927e+02 
1.873057e-03 5.448104e+02 
1.875382e-03 5.397266e+02 
1.877447e-03 5.369719e+02 
1.879686e-03 5.359876e+02 
1.882301e-03 5.376073e+02 
1.884997e-03 5.424927e+02 
1.887785e-03 5.509916e+02 
1.890495e-03 5.625242e+02 
1.893497e-03 5.788323e+02 
1.895858e-03 5.940362e+02 
1.898634e-03 6.142331e+02 
1.907143e-03 6.870408e+02 
1.913006e-03 7.412367e+02 
1.917032e-03 7.778028e+02 
1.919913e-03 8.030011e+02 
1.923218e-03 8.305512e+02 
1.927525e-03 8.640267e+02 
1.931898e-03 8.952491e+02 
1.937228e-03 9.301950e+02 
1.949549e-03 1.005349e+03 
1.962050e-03 1.086866e+03 
1.980533e-03 1.222448e+03 
1.987431e-03 1.272071e+03 
1.996230e-03 1.330256e+03 
2.007504e-03 1.394231e+03 
2.018911e-03 1.447684e+03 
2.035870e-03 1.512557e+03 
2.060927e-03 1.591747e+03 
2.093266e-03 1.679105e+03 
2.124438e-03 1.749885e+03 
2.148751e-03 1.795516e+03 
2.188396e-03 1.856625e+03 
2.238721e-03 1.917116e+03 
2.260624e-03 1.934478e+03 
2.319989e-03 1.958746e+03 
2.339174e-03 1.980906e+03 
2.354297e-03 2.010703e+03 
2.375068e-03 2.066790e+03 
2.400808e-03 2.144267e+03 
2.413138e-03 2.177308e+03 
2.429210e-03 2.213018e+03 
2.447745e-03 2.244563e+03 
2.473350e-03 2.276251e+03 
2.501830e-03 2.301418e+03 
2.534095e-03 2.321488e+03 
2.563349e-03 2.333001e+03 
2.652118e-03 2.346824e+03 
2.677904e-03 2.363367e+03 
2.730549e-03 2.417972e+03 
2.751257e-03 2.434892e+03 
2.774647e-03 2.447994e+03 
2.808730e-03 2.458533e+03 
2.879920e-03 2.461529e+03 
2.911790e-03 2.473322e+03 
2.970648e-03 2.521264e+03 
2.995085e-03 2.536420e+03 
3.024870e-03 2.548976e+03 
3.123831e-03 2.570911e+03 
3.249026e-03 2.578381e+03 
3.410972e-03 2.566849e+03 
3.572878e-03 2.545806e+03 
3.748920e-03 2.513196e+03 
4.048030e-03 2.446058e+03 
4.355746e-03 2.366966e+03 
4.617444e-03 2.295360e+03 
5.138884e-03 2.150310e+03 
5.516890e-03 2.047361e+03 
5.925403e-03 1.940877e+03 
6.493816e-03 1.798717e+03 
7.053399e-03 1.666360e+03 
7.377848e-03 1.593096e+03 
7.671458e-03 1.529022e+03 
8.005684e-03 1.457764e+03 
8.315300e-03 1.393608e+03 
8.607518e-03 1.333440e+03 
8.877792e-03 1.278145e+03 
9.108637e-03 1.230419e+03 
9.315619e-03 1.186918e+03 
9.488280e-03 1.149584e+03 
9.645865e-03 1.114162e+03 
9.769079e-03 1.085015e+03 
9.880955e-03 1.056893e+03 
9.976641e-03 1.031001e+03 
1.005768e-02 1.007052e+03 
1.013736e-02 9.807205e+02 
1.020051e-02 9.567511e+02 
1.025149e-02 9.345397e+02 
1.031715e-02 9.017741e+02 
1.041595e-02 8.505405e+02 
1.045443e-02 8.351439e+02 
1.049257e-02 8.254901e+02 
1.051281e-02 8.231285e+02 
1.054761e-02 8.238184e+02 
1.058531e-02 8.309123e+02 
1.063202e-02 8.466829e+02 
1.072782e-02 8.874319e+02 
1.078279e-02 9.075729e+02 
1.082293e-02 9.191589e+02 
1.087035e-02 9.295552e+02 
1.092700e-02 9.381386e+02 
1.098911e-02 9.440321e+02 
1.106486e-02 9.477702e+02 
1.114336e-02 9.487721e+02 
1.123866e-02 9.469721e+02 
1.131983e-02 9.432707e+02 
1.141153e-02 9.369518e+02 
1.149363e-02 9.293005e+02 
1.157910e-02 9.189010e+02 
1.164926e-02 9.080227e+02 
1.175459e-02 8.873888e+02 
1.188326e-02 8.617015e+02 
1.194606e-02 8.548231e+02 
1.200351e-02 8.541408e+02 
1.206087e-02 8.584406e+02 
1.221512e-02 8.782540e+02 
1.230131e-02 8.845896e+02 
1.248373e-02 8.918329e+02 
1.260121e-02 9.042589e+02 
1.276475e-02 9.251792e+02 
1.289913e-02 9.357676e+02 
1.307970e-02 9.416274e+02 
1.330364e-02 9.422950e+02 
1.356363e-02 9.384531e+02 
1.395587e-02 9.273659e+02 
1.452829e-02 9.043950e+02 
1.524307e-02 8.705659e+02 
1.605265e-02 8.301566e+02 
1.712055e-02 7.770516e+02 
1.830473e-02 7.211266e+02 
2.044311e-02 6.319698e+02 
2.263015e-02 5.557481e+02 
2.473687e-02 4.941740e+02 
2.728585e-02 4.314871e+02 
3.041872e-02 3.687127e+02 
3.412758e-02 3.103116e+02 
3.710010e-02 2.726054e+02 
4.028676e-02 2.384529e+02 
4.698988e-02 1.835162e+02 
5.293586e-02 1.491951e+02 
5.688529e-02 1.309523e+02 
5.900930e-02 1.222222e+02 
6.221112e-02 1.101327e+02 
6.464414e-02 1.015676e+02 
6.649779e-02 9.516857e+01 
6.785762e-02 9.033337e+01 
6.846276e-02 8.805476e+01 
6.896390e-02 8.604455e+01 
6.936641e-02 8.429347e+01 
6.971015e-02 8.265086e+01 
7.019525e-02 8.002699e+01 
7.117748e-02 7.430020e+01 
7.146121e-02 7.313057e+01 
7.173573e-02 7.248406e+01 
7.194825e-02 7.235156e+01 
7.218076e-02 7.255597e+01 
7.251948e-02 7.336139e+01 
7.331067e-02 7.597414e+01 
7.372292e-02 7.700847e+01 
7.422567e-02 7.777787e+01 
7.492651e-02 7.820163e+01 
7.583734e-02 7.814696e+01 
7.683590e-02 7.767693e+01 
7.845768e-02 7.645520e+01 
8.097529e-02 7.405902e+01 
8.343326e-02 7.145144e+01 
8.736682e-02 6.716423e+01 
9.372161e-02 6.056746e+01 
1.018518e-01 5.316047e+01 
1.092000e-01 4.737742e+01 
1.198254e-01 4.038557e+01 
1.410304e-01 3.021651e+01 
1.830592e-01 1.883173e+01 
2.229565e-01 1.309595e+01 
2.706084e-01 9.098054e+00 
3.551286e-01 5.409133e+00 
4.988024e-01 2.799525e+00 
7.477390e-01 1.267270e+00 
1.228714e+00 4.755898e-01 
2.235892e+00 1.446941e-01 
6.752287e+00 1.591478e-02 
2.039158e+01 1.745506e-03 
6.158159e+01 1.913968e-04 
1.859734e+02 2.098631e-05 
5.616308e+02 2.301104e-06 
1.995262e+03 1.823216e-07 
6.309573e+03 1.823216e-08 
1.995262e+04 1.823216e-09 
6.309573e+04 1.823220e-10 
1.000000e+05 7.258350e-11 
-1           -1           
-2           -2           
