% -----------------------------------------------------------------------
%   Program Name: re-cs-43.dat 
%   Author: the Geant4 Collaboration
%   Organization: the Geant4 Collaboration
%   Version: unknown
%   Date: circa 2006
%   Class: Public
%   Copyright (c) Copyright Holders of the Geant4 Collaboration, 1994-2006.
%   See http://cern.ch/geant4/license for details on the copyright holders.
%   All rights not expressly granted under this license are reserved.
% -----------------------------------------------------------------------
1.000000e-06 9.279460e-03 
1.103182e-06 1.420558e-02 
1.173209e-06 1.864245e-02 
1.247680e-06 2.464529e-02 
1.326878e-06 3.282449e-02 
1.411104e-06 4.405824e-02 
1.500676e-06 5.961505e-02 
1.595934e-06 8.073266e-02 
1.645807e-06 9.414164e-02 
1.697238e-06 1.101654e-01 
1.750277e-06 1.293882e-01 
1.803557e-06 1.518971e-01 
1.855173e-06 1.772651e-01 
1.905176e-06 2.057353e-01 
1.953616e-06 2.375559e-01 
2.000543e-06 2.730120e-01 
2.048000e-06 3.141756e-01 
2.090042e-06 3.556818e-01 
2.132705e-06 4.035327e-01 
2.174035e-06 4.561374e-01 
2.214074e-06 5.138337e-01 
2.252861e-06 5.772878e-01 
2.326837e-06 7.198795e-01 
2.362100e-06 7.999198e-01 
2.396261e-06 8.867456e-01 
2.429355e-06 9.807758e-01 
2.461415e-06 1.082440e+00 
2.492473e-06 1.192178e+00 
2.522560e-06 1.310447e+00 
2.551707e-06 1.437720e+00 
2.579943e-06 1.574486e+00 
2.607297e-06 1.721252e+00 
2.659466e-06 2.046890e+00 
2.708427e-06 2.419025e+00 
2.731765e-06 2.624083e+00 
2.754375e-06 2.843221e+00 
2.776277e-06 3.077658e+00 
2.818714e-06 3.598969e+00 
2.858498e-06 4.183660e+00 
2.895796e-06 4.838922e+00 
2.930763e-06 5.570839e+00 
2.963544e-06 6.386432e+00 
2.994276e-06 7.292542e+00 
3.023088e-06 8.295843e+00 
3.050099e-06 9.403061e+00 
3.075422e-06 1.062097e+01 
3.099162e-06 1.195644e+01 
3.121418e-06 1.341640e+01 
3.142284e-06 1.500772e+01 
3.161845e-06 1.673714e+01 
3.180183e-06 1.861124e+01 
3.197376e-06 2.063634e+01 
3.213494e-06 2.281848e+01 
3.228604e-06 2.516339e+01 
3.242771e-06 2.767650e+01 
3.256051e-06 3.036296e+01 
3.268502e-06 3.322761e+01 
3.280175e-06 3.627499e+01 
3.291118e-06 3.950941e+01 
3.301377e-06 4.293492e+01 
3.310995e-06 4.655534e+01 
3.320011e-06 5.037420e+01 
3.328465e-06 5.439465e+01 
3.336390e-06 5.861972e+01 
3.343819e-06 6.305267e+01 
3.350784e-06 6.769754e+01 
3.357314e-06 7.255969e+01 
3.369558e-06 8.334075e+01 
3.380271e-06 9.515831e+01 
3.389645e-06 1.080776e+02 
3.397847e-06 1.221038e+02 
3.405024e-06 1.371439e+02 
3.411304e-06 1.529987e+02 
3.416799e-06 1.693876e+02 
3.421607e-06 1.859885e+02 
3.425814e-06 2.024799e+02 
3.432716e-06 2.340277e+02 
3.442580e-06 2.901194e+02 
3.456326e-06 3.921003e+02 
3.463768e-06 4.585224e+02 
3.470146e-06 5.205086e+02 
3.472272e-06 5.419434e+02 
3.480777e-06 6.295804e+02 
3.481840e-06 6.405657e+02 
3.489282e-06 7.157488e+02 
3.492205e-06 7.437866e+02 
3.497787e-06 7.934249e+02 
3.500710e-06 8.168095e+02 
3.503501e-06 8.371002e+02 
3.506291e-06 8.551666e+02 
3.510012e-06 8.754300e+02 
3.513600e-06 8.904696e+02 
3.516922e-06 9.002069e+02 
3.520909e-06 9.063908e+02 
3.524364e-06 9.068707e+02 
3.528085e-06 9.024553e+02 
3.532337e-06 8.915611e+02 
3.536822e-06 8.741556e+02 
3.542056e-06 8.479019e+02 
3.557430e-06 7.615999e+02 
3.561738e-06 7.439763e+02 
3.565270e-06 7.346714e+02 
3.568653e-06 7.313197e+02 
3.571719e-06 7.338572e+02 
3.572402e-06 7.352226e+02 
3.577618e-06 7.562778e+02 
3.579900e-06 7.718783e+02 
3.582833e-06 7.981104e+02 
3.585934e-06 8.337273e+02 
3.589035e-06 8.777305e+02 
3.591744e-06 9.231607e+02 
3.595545e-06 9.978911e+02 
3.599843e-06 1.097512e+03 
3.610674e-06 1.412274e+03 
3.617195e-06 1.635735e+03 
3.621340e-06 1.785736e+03 
3.626728e-06 1.984318e+03 
3.630347e-06 2.116760e+03 
3.632988e-06 2.211458e+03 
3.636834e-06 2.344484e+03 
3.640736e-06 2.471163e+03 
3.642053e-06 2.511613e+03 
3.646311e-06 2.632744e+03 
3.650475e-06 2.734957e+03 
3.654669e-06 2.819368e+03 
3.658595e-06 2.879848e+03 
3.659833e-06 2.895008e+03 
3.668425e-06 2.946488e+03 
3.670829e-06 2.943904e+03 
3.677491e-06 2.898941e+03 
3.681676e-06 2.843804e+03 
3.685732e-06 2.772359e+03 
3.690196e-06 2.675472e+03 
3.694523e-06 2.565876e+03 
3.698369e-06 2.457747e+03 
3.702077e-06 2.345895e+03 
3.707709e-06 2.165898e+03 
3.712104e-06 2.020370e+03 
3.717049e-06 1.855045e+03 
3.720895e-06 1.727417e+03 
3.729685e-06 1.446682e+03 
3.732707e-06 1.355514e+03 
3.738476e-06 1.191178e+03 
3.745069e-06 1.020857e+03 
3.754124e-06 8.194969e+02 
3.771558e-06 5.340812e+02 
3.779209e-06 4.455627e+02 
3.783012e-06 4.084256e+02 
3.786801e-06 3.754245e+02 
3.794348e-06 3.200211e+02 
3.801836e-06 2.763498e+02 
3.809266e-06 2.417597e+02 
3.816638e-06 2.141149e+02 
3.823952e-06 1.917498e+02 
3.831209e-06 1.733980e+02 
3.838409e-06 1.581142e+02 
3.845553e-06 1.452001e+02 
3.852641e-06 1.341418e+02 
3.859674e-06 1.245600e+02 
3.866652e-06 1.161718e+02 
3.880499e-06 1.021220e+02 
3.894129e-06 9.086829e+01 
3.907547e-06 8.165763e+01 
3.920754e-06 7.399118e+01 
3.933756e-06 6.752284e+01 
3.946554e-06 6.200339e+01 
3.959152e-06 5.724789e+01 
3.971554e-06 5.311562e+01 
3.983762e-06 4.949727e+01 
3.995778e-06 4.630646e+01 
4.019437e-06 4.090686e+01 
4.042356e-06 3.656418e+01 
4.064559e-06 3.300716e+01 
4.086067e-06 3.005091e+01 
4.106904e-06 2.756346e+01 
4.127090e-06 2.544805e+01 
4.146645e-06 2.363201e+01 
4.165589e-06 2.205881e+01 
4.202292e-06 1.943426e+01 
4.236702e-06 1.737728e+01 
4.268961e-06 1.573147e+01 
4.299203e-06 1.439267e+01 
4.327556e-06 1.328807e+01 
4.354136e-06 1.236461e+01 
4.403975e-06 1.086603e+01 
4.447584e-06 9.753687e+00 
4.485741e-06 8.906855e+00 
4.577558e-06 7.234480e+00 
4.823036e-06 4.297448e+00 
4.893227e-06 3.703454e+00 
4.951720e-06 3.257457e+00 
4.986815e-06 3.008568e+00 
5.098143e-06 2.277301e+00 
5.139891e-06 2.018309e+00 
5.176420e-06 1.796732e+00 
5.212386e-06 1.580029e+00 
5.236351e-06 1.434875e+00 
5.260823e-06 1.284889e+00 
5.282235e-06 1.151394e+00 
5.300972e-06 1.032326e+00 
5.317366e-06 9.261924e-01 
5.331711e-06 8.319507e-01 
5.344263e-06 7.488976e-01 
5.355245e-06 6.765247e-01 
5.364855e-06 6.143706e-01 
5.373264e-06 5.619041e-01 
5.387979e-06 4.784777e-01 
5.399016e-06 4.282445e-01 
5.407293e-06 4.017235e-01 
5.413501e-06 3.904763e-01 
5.418157e-06 3.881156e-01 
5.421649e-06 3.903460e-01 
5.426887e-06 4.010929e-01 
5.429506e-06 4.101975e-01 
5.432125e-06 4.220520e-01 
5.445496e-06 5.333940e-01 
5.448838e-06 5.768277e-01 
5.451345e-06 6.141352e-01 
5.453225e-06 6.449271e-01 
5.457456e-06 7.235462e-01 
5.463466e-06 8.592238e-01 
5.481494e-06 1.462759e+00 
5.488189e-06 1.771753e+00 
5.494151e-06 2.088788e+00 
5.499970e-06 2.436968e+00 
5.505133e-06 2.777750e+00 
5.509320e-06 3.075675e+00 
5.515385e-06 3.539771e+00 
5.520979e-06 3.999676e+00 
5.526759e-06 4.503308e+00 
5.531134e-06 4.900843e+00 
5.536161e-06 5.371586e+00 
5.541438e-06 5.877482e+00 
5.546475e-06 6.366773e+00 
5.552628e-06 6.965673e+00 
5.555294e-06 7.223344e+00 
5.562015e-06 7.861040e+00 
5.567673e-06 8.377193e+00 
5.571496e-06 8.711164e+00 
5.578172e-06 9.258054e+00 
5.582178e-06 9.560091e+00 
5.595620e-06 1.039930e+01 
5.598035e-06 1.051815e+01 
5.609902e-06 1.094556e+01 
5.614234e-06 1.103452e+01 
5.622504e-06 1.110365e+01 
5.628202e-06 1.107577e+01 
5.634300e-06 1.098066e+01 
5.639279e-06 1.085572e+01 
5.643013e-06 1.073591e+01 
5.648615e-06 1.051748e+01 
5.654217e-06 1.025705e+01 
5.660677e-06 9.911635e+00 
5.662830e-06 9.787174e+00 
5.672912e-06 9.155073e+00 
5.676272e-06 8.930113e+00 
5.689714e-06 7.990601e+00 
5.699535e-06 7.292688e+00 
5.705734e-06 6.859114e+00 
5.714754e-06 6.249010e+00 
5.730040e-06 5.298202e+00 
5.750756e-06 4.219081e+00 
5.761297e-06 3.767141e+00 
5.771509e-06 3.388100e+00 
5.781401e-06 3.071062e+00 
5.790984e-06 2.805610e+00 
5.809551e-06 2.387856e+00 
5.826958e-06 2.085063e+00 
5.843277e-06 1.856770e+00 
5.873875e-06 1.523211e+00 
5.944807e-06 9.882565e-01 
5.965233e-06 8.660114e-01 
5.982140e-06 7.712465e-01 
5.997400e-06 6.898164e-01 
6.010489e-06 6.226826e-01 
6.022689e-06 5.622594e-01 
6.034071e-06 5.078579e-01 
6.045811e-06 4.540379e-01 
6.058739e-06 3.981720e-01 
6.087049e-06 2.947561e-01 
6.094066e-06 2.748884e-01 
6.099869e-06 2.607231e-01 
6.104714e-06 2.506452e-01 
6.108639e-06 2.437389e-01 
6.113606e-06 2.367309e-01 
6.118305e-06 2.319921e-01 
6.124101e-06 2.288353e-01 
6.129898e-06 2.288126e-01 
6.137626e-06 2.339032e-01 
6.144912e-06 2.442501e-01 
6.148665e-06 2.517140e-01 
6.159926e-06 2.827337e-01 
6.166128e-06 3.051540e-01 
6.172049e-06 3.298374e-01 
6.190922e-06 4.262281e-01 
6.198748e-06 4.717703e-01 
6.206611e-06 5.190159e-01 
6.212791e-06 5.562895e-01 
6.217998e-06 5.872134e-01 
6.223204e-06 6.172466e-01 
6.226951e-06 6.380688e-01 
6.232570e-06 6.676941e-01 
6.238190e-06 6.949542e-01 
6.252895e-06 7.519331e-01 
6.254803e-06 7.575608e-01 
6.268161e-06 7.840615e-01 
6.273313e-06 7.879697e-01 
6.283147e-06 7.854661e-01 
6.287640e-06 7.800344e-01 
6.291572e-06 7.731486e-01 
6.298452e-06 7.565229e-01 
6.303612e-06 7.404683e-01 
6.311352e-06 7.111916e-01 
6.315222e-06 6.944628e-01 
6.319092e-06 6.765054e-01 
6.323598e-06 6.542232e-01 
6.328104e-06 6.306645e-01 
6.335084e-06 5.921539e-01 
6.340094e-06 5.633919e-01 
6.355108e-06 4.746979e-01 
6.370122e-06 3.877437e-01 
6.388047e-06 2.942592e-01 
6.400151e-06 2.407427e-01 
6.412240e-06 1.964469e-01 
6.419493e-06 1.744714e-01 
6.425495e-06 1.588999e-01 
6.435216e-06 1.385779e-01 
6.441234e-06 1.289044e-01 
6.449853e-06 1.186538e-01 
6.456972e-06 1.131344e-01 
6.460906e-06 1.111256e-01 
6.472710e-06 1.090041e-01 
6.477850e-06 1.096676e-01 
6.486846e-06 1.127033e-01 
6.493593e-06 1.162585e-01 
6.498653e-06 1.194930e-01 
6.510038e-06 1.280876e-01 
6.535662e-06 1.511413e-01 
6.557839e-06 1.738711e-01 
6.569938e-06 1.882761e-01 
6.580020e-06 2.021740e-01 
6.590102e-06 2.184226e-01 
6.597159e-06 2.314913e-01 
6.606422e-06 2.510450e-01 
6.618513e-06 2.809413e-01 
6.647108e-06 3.693441e-01 
6.663231e-06 4.248790e-01 
6.668025e-06 4.411560e-01 
6.701582e-06 5.356160e-01 
6.715868e-06 5.604697e-01 
6.738918e-06 5.896376e-01 
6.745866e-06 6.013731e-01 
6.756002e-06 6.284262e-01 
6.763225e-06 6.597051e-01 
6.769139e-06 6.962793e-01 
6.774506e-06 7.406050e-01 
6.779201e-06 7.900901e-01 
6.783309e-06 8.430949e-01 
6.786904e-06 8.980119e-01 
6.790050e-06 9.533988e-01 
6.795554e-06 1.068973e+00 
6.799683e-06 1.173258e+00 
6.802779e-06 1.262584e+00 
6.807423e-06 1.416368e+00 
6.812068e-06 1.596463e+00 
6.818332e-06 1.886405e+00 
6.828608e-06 2.498738e+00 
6.842499e-06 3.656025e+00 
6.852492e-06 4.772619e+00 
6.860815e-06 5.914226e+00 
6.862704e-06 6.202380e+00 
6.895908e-06 1.325441e+01 
6.913659e-06 1.865675e+01 
6.916750e-06 1.970798e+01 
6.930862e-06 2.486211e+01 
6.937900e-06 2.761025e+01 
6.943528e-06 2.986569e+01 
6.950658e-06 3.276741e+01 
6.956300e-06 3.507311e+01 
6.961258e-06 3.708743e+01 
6.965757e-06 3.889112e+01 
6.969694e-06 4.044075e+01 
6.976152e-06 4.290242e+01 
6.983116e-06 4.540705e+01 
6.989299e-06 4.746487e+01 
6.996132e-06 4.951866e+01 
6.999052e-06 5.031694e+01 
7.007966e-06 5.242426e+01 
7.014765e-06 5.366759e+01 
7.020942e-06 5.450323e+01 
7.028835e-06 5.514633e+01 
7.035889e-06 5.531050e+01 
7.051209e-06 5.436022e+01 
7.056966e-06 5.356937e+01 
7.062147e-06 5.267485e+01 
7.070146e-06 5.098940e+01 
7.077449e-06 4.917553e+01 
7.085462e-06 4.694921e+01 
7.094101e-06 4.435695e+01 
7.104238e-06 4.119153e+01 
7.118408e-06 3.682402e+01 
7.134346e-06 3.241858e+01 
7.145006e-06 2.997416e+01 
7.149964e-06 2.900500e+01 
7.162417e-06 2.708284e+01 
7.170785e-06 2.621412e+01 
7.174573e-06 2.593140e+01 
7.181016e-06 2.560317e+01 
7.185949e-06 2.547598e+01 
7.189978e-06 2.544713e+01 
7.203060e-06 2.576490e+01 
7.212365e-06 2.630375e+01 
7.217992e-06 2.672263e+01 
7.249727e-06 2.958285e+01 
7.266921e-06 3.087253e+01 
7.268961e-06 3.099170e+01 
7.284877e-06 3.160505e+01 
7.293970e-06 3.167912e+01 
7.303700e-06 3.152497e+01 
7.311645e-06 3.122281e+01 
7.317706e-06 3.089044e+01 
7.322074e-06 3.059917e+01 
7.332130e-06 2.977673e+01 
7.335482e-06 2.945952e+01 
7.348542e-06 2.804945e+01 
7.352895e-06 2.752691e+01 
7.365954e-06 2.584204e+01 
7.370307e-06 2.525069e+01 
7.387720e-06 2.280568e+01 
7.396426e-06 2.156729e+01 
7.405132e-06 2.033904e+01 
7.420368e-06 1.825024e+01 
7.432466e-06 1.667393e+01 
7.455962e-06 1.388018e+01 
7.473661e-06 1.203342e+01 
7.552829e-06 6.285032e+00 
7.596886e-06 4.419666e+00 
7.679436e-06 2.327946e+00 
7.709553e-06 1.853351e+00 
7.726558e-06 1.637431e+00 
7.742468e-06 1.466602e+00 
7.755911e-06 1.344218e+00 
7.764984e-06 1.272259e+00 
7.780101e-06 1.169984e+00 
7.798745e-06 1.070979e+00 
7.810164e-06 1.023129e+00 
7.820128e-06 9.881520e-01 
7.830179e-06 9.583902e-01 
7.841172e-06 9.312189e-01 
7.851233e-06 9.104291e-01 
7.861270e-06 8.928339e-01 
7.881466e-06 8.644603e-01 
7.907521e-06 8.366792e-01 
7.928345e-06 8.189072e-01 
7.944067e-06 8.077881e-01 
7.962350e-06 7.978986e-01 
7.980887e-06 7.922612e-01 
7.992663e-06 7.915463e-01 
8.009027e-06 7.948807e-01 
8.025705e-06 8.039502e-01 
8.043803e-06 8.204798e-01 
8.052808e-06 8.312149e-01 
8.070000e-06 8.558947e-01 
8.098681e-06 9.066323e-01 
8.142519e-06 9.937847e-01 
8.159960e-06 1.027102e+00 
8.173026e-06 1.050423e+00 
8.192000e-06 1.081055e+00 
8.217178e-06 1.115005e+00 
8.241510e-06 1.140481e+00 
8.276599e-06 1.166149e+00 
8.320702e-06 1.185102e+00 
8.389752e-06 1.200238e+00 
8.508161e-06 1.221020e+00 
8.557334e-06 1.235158e+00 
8.577940e-06 1.243859e+00 
8.598765e-06 1.255847e+00 
8.619153e-06 1.272649e+00 
8.639759e-06 1.297830e+00 
8.660365e-06 1.335887e+00 
8.667759e-06 1.353865e+00 
8.680972e-06 1.393300e+00 
8.701578e-06 1.478454e+00 
8.722809e-06 1.605763e+00 
8.732800e-06 1.682875e+00 
8.742790e-06 1.772657e+00 
8.755890e-06 1.911399e+00 
8.762918e-06 1.996337e+00 
8.784003e-06 2.297707e+00 
8.794957e-06 2.482315e+00 
8.819191e-06 2.955247e+00 
8.840733e-06 3.436891e+00 
8.859582e-06 3.885561e+00 
8.870735e-06 4.153240e+00 
8.880485e-06 4.383194e+00 
8.888629e-06 4.569318e+00 
8.899099e-06 4.796629e+00 
8.910084e-06 5.015561e+00 
8.921559e-06 5.217092e+00 
8.934978e-06 5.410276e+00 
8.945748e-06 5.527612e+00 
8.957866e-06 5.615955e+00 
8.967290e-06 5.651490e+00 
8.969983e-06 5.656271e+00 
8.988832e-06 5.624382e+00 
8.996237e-06 5.582081e+00 
9.010373e-06 5.459946e+00 
9.022228e-06 5.321805e+00 
9.036373e-06 5.124935e+00 
9.053457e-06 4.859378e+00 
9.091154e-06 4.284430e+00 
9.101925e-06 4.148604e+00 
9.114042e-06 4.020648e+00 
9.118081e-06 3.984526e+00 
9.140270e-06 3.849246e+00 
9.148811e-06 3.826184e+00 
9.165116e-06 3.824744e+00 
9.185624e-06 3.891365e+00 
9.204256e-06 3.999013e+00 
9.242037e-06 4.258393e+00 
9.254690e-06 4.331306e+00 
9.268686e-06 4.391592e+00 
9.277083e-06 4.415051e+00 
9.299477e-06 4.423882e+00 
9.313249e-06 4.388787e+00 
9.323960e-06 4.340951e+00 
9.339254e-06 4.244852e+00 
9.348430e-06 4.173929e+00 
9.364574e-06 4.031400e+00 
9.385331e-06 3.830486e+00 
9.407610e-06 3.618630e+00 
9.418749e-06 3.522775e+00 
9.429888e-06 3.437638e+00 
9.437829e-06 3.384812e+00 
9.452166e-06 3.308324e+00 
9.460179e-06 3.276936e+00 
9.483008e-06 3.233616e+00 
9.496723e-06 3.239099e+00 
9.511900e-06 3.269236e+00 
9.529235e-06 3.328224e+00 
9.583295e-06 3.576394e+00 
9.598576e-06 3.635759e+00 
9.621690e-06 3.697554e+00 
9.644804e-06 3.719998e+00 
9.667917e-06 3.705998e+00 
9.698976e-06 3.651928e+00 
9.725701e-06 3.605069e+00 
9.746732e-06 3.589762e+00 
9.756996e-06 3.593614e+00 
9.768355e-06 3.608368e+00 
9.780044e-06 3.636042e+00 
9.797203e-06 3.700460e+00 
9.812378e-06 3.780268e+00 
9.829713e-06 3.894430e+00 
9.887314e-06 4.363180e+00 
9.911151e-06 4.545041e+00 
9.923070e-06 4.623179e+00 
9.946908e-06 4.745358e+00 
9.970745e-06 4.817021e+00 
9.984788e-06 4.835946e+00 
9.998192e-06 4.839610e+00 
1.002380e-05 4.815615e+00 
1.008993e-05 4.687487e+00 
1.012080e-05 4.657064e+00 
1.013221e-05 4.655793e+00 
1.016644e-05 4.684925e+00 
1.019702e-05 4.744399e+00 
1.023770e-05 4.843847e+00 
1.027949e-05 4.930304e+00 
1.030021e-05 4.956714e+00 
1.032093e-05 4.969065e+00 
1.034151e-05 4.966724e+00 
1.040328e-05 4.880614e+00 
1.042683e-05 4.824038e+00 
1.055324e-05 4.471607e+00 
1.060458e-05 4.358191e+00 
1.075667e-05 4.095229e+00 
1.084264e-05 3.944162e+00 
1.087315e-05 3.899219e+00 
1.092335e-05 3.846852e+00 
1.095456e-05 3.830500e+00 
1.100418e-05 3.830298e+00 
1.105299e-05 3.856471e+00 
1.113934e-05 3.944588e+00 
1.122637e-05 4.060129e+00 
1.157993e-05 4.606753e+00 
1.350000e-05 8.724200e+00 
1.485815e-05 1.282651e+01 
1.531087e-05 1.446081e+01 
1.671203e-05 2.023446e+01 
1.717908e-05 2.246549e+01 
1.862087e-05 3.014814e+01 
2.000000e-05 3.866469e+01 
2.113489e-05 4.640464e+01 
2.230000e-05 5.485801e+01 
2.330000e-05 6.236762e+01 
2.414534e-05 6.866706e+01 
2.502878e-05 7.509170e+01 
2.548725e-05 7.834115e+01 
2.626783e-05 8.354564e+01 
2.689292e-05 8.734554e+01 
2.715418e-05 8.878354e+01 
2.822192e-05 9.430376e+01 
2.885108e-05 9.859872e+01 
3.047270e-05 1.111805e+02 
3.126079e-05 1.182970e+02 
3.202393e-05 1.260781e+02 
3.265141e-05 1.336736e+02 
3.310503e-05 1.399943e+02 
3.370728e-05 1.498718e+02 
3.413170e-05 1.582312e+02 
3.451038e-05 1.671403e+02 
3.489820e-05 1.780267e+02 
3.516987e-05 1.870167e+02 
3.536282e-05 1.943045e+02 
3.554370e-05 2.019676e+02 
3.583751e-05 2.164773e+02 
3.602130e-05 2.271365e+02 
3.629202e-05 2.457133e+02 
3.652997e-05 2.657665e+02 
3.673909e-05 2.873400e+02 
3.692290e-05 3.104379e+02 
3.708444e-05 3.350181e+02 
3.724955e-05 3.657437e+02 
3.741160e-05 4.036298e+02 
3.751727e-05 4.341659e+02 
3.760973e-05 4.661239e+02 
3.769063e-05 4.994066e+02 
3.776142e-05 5.338227e+02 
3.782336e-05 5.690754e+02 
3.787894e-05 6.057491e+02 
3.792499e-05 6.404817e+02 
3.796648e-05 6.757300e+02 
3.803910e-05 7.481415e+02 
3.809356e-05 8.131281e+02 
3.813441e-05 8.689465e+02 
3.816505e-05 9.152830e+02 
3.823398e-05 1.035373e+03 
3.825695e-05 1.080776e+03 
3.835112e-05 1.298906e+03 
3.844528e-05 1.575342e+03 
3.860195e-05 2.182232e+03 
3.866904e-05 2.499872e+03 
3.874875e-05 2.918665e+03 
3.878719e-05 3.134607e+03 
3.884951e-05 3.499904e+03 
3.890294e-05 3.823441e+03 
3.897713e-05 4.278468e+03 
3.902907e-05 4.593140e+03 
3.907477e-05 4.861846e+03 
3.912586e-05 5.147702e+03 
3.918095e-05 5.431936e+03 
3.922987e-05 5.657644e+03 
3.927508e-05 5.839549e+03 
3.933206e-05 6.026954e+03 
3.935109e-05 6.078213e+03 
3.940674e-05 6.193150e+03 
3.945550e-05 6.249072e+03 
3.951469e-05 6.258736e+03 
3.954472e-05 6.239034e+03 
3.963304e-05 6.087157e+03 
3.967552e-05 5.966579e+03 
3.972505e-05 5.790304e+03 
3.977082e-05 5.596430e+03 
3.981327e-05 5.393291e+03 
3.984576e-05 5.224559e+03 
3.989221e-05 4.966764e+03 
3.992953e-05 4.748143e+03 
3.998094e-05 4.434898e+03 
4.000996e-05 4.253974e+03 
4.005745e-05 3.954962e+03 
4.010494e-05 3.656055e+03 
4.016106e-05 3.308415e+03 
4.021178e-05 3.004056e+03 
4.027411e-05 2.648211e+03 
4.032772e-05 2.361732e+03 
4.038986e-05 2.055474e+03 
4.046109e-05 1.740830e+03 
4.054220e-05 1.430788e+03 
4.075581e-05 8.424068e+02 
4.082424e-05 7.141991e+02 
4.088633e-05 6.190535e+02 
4.098760e-05 5.023963e+02 
4.113377e-05 4.092350e+02 
4.119555e-05 3.949893e+02 
4.123694e-05 3.937216e+02 
4.126466e-05 3.966120e+02 
4.128401e-05 4.004177e+02 
4.130016e-05 4.047296e+02 
4.132370e-05 4.128646e+02 
4.134656e-05 4.228867e+02 
4.136608e-05 4.331013e+02 
4.139016e-05 4.478196e+02 
4.146714e-05 5.105796e+02 
4.150021e-05 5.448792e+02 
4.152435e-05 5.726600e+02 
4.164694e-05 7.482750e+02 
4.174604e-05 9.284516e+02 
4.177472e-05 9.859893e+02 
4.183743e-05 1.118634e+03 
4.189682e-05 1.250971e+03 
4.193431e-05 1.336691e+03 
4.197902e-05 1.440016e+03 
4.203037e-05 1.558537e+03 
4.207350e-05 1.656554e+03 
4.212734e-05 1.774963e+03 
4.218408e-05 1.892479e+03 
4.223748e-05 1.993792e+03 
4.225766e-05 2.029259e+03 
4.231540e-05 2.120896e+03 
4.236015e-05 2.180722e+03 
4.241310e-05 2.237554e+03 
4.246059e-05 2.274738e+03 
4.248079e-05 2.286458e+03 
4.254972e-05 2.307630e+03 
4.260281e-05 2.304136e+03 
4.264755e-05 2.288171e+03 
4.269592e-05 2.258185e+03 
4.274769e-05 2.212502e+03 
4.279093e-05 2.164627e+03 
4.284653e-05 2.091776e+03 
4.289738e-05 2.015850e+03 
4.296095e-05 1.911392e+03 
4.302770e-05 1.794053e+03 
4.304994e-05 1.753895e+03 
4.316888e-05 1.537673e+03 
4.328949e-05 1.328764e+03 
4.349451e-05 1.030140e+03 
4.359703e-05 9.131043e+02 
4.364829e-05 8.625003e+02 
4.369954e-05 8.168239e+02 
4.375053e-05 7.759389e+02 
4.384933e-05 7.082569e+02 
4.394195e-05 6.565498e+02 
4.402878e-05 6.163991e+02 
4.414623e-05 5.720394e+02 
4.418650e-05 5.589370e+02 
4.434724e-05 5.146214e+02 
4.448484e-05 4.841835e+02 
4.456435e-05 4.688430e+02 
4.480600e-05 4.292827e+02 
4.501712e-05 4.007097e+02 
4.529179e-05 3.687336e+02 
4.579970e-05 3.191274e+02 
4.604351e-05 2.994121e+02 
4.615335e-05 2.916799e+02 
4.627112e-05 2.843301e+02 
4.640524e-05 2.772601e+02 
4.661660e-05 2.690988e+02 
4.679570e-05 2.650342e+02 
4.702686e-05 2.633664e+02 
4.720274e-05 2.644308e+02 
4.738811e-05 2.672087e+02 
4.778482e-05 2.752754e+02 
4.790155e-05 2.772287e+02 
4.805671e-05 2.790304e+02 
4.827740e-05 2.798600e+02 
4.853579e-05 2.788036e+02 
4.906032e-05 2.753360e+02 
4.947605e-05 2.747431e+02 
5.035132e-05 2.751902e+02 
5.155267e-05 2.760094e+02 
5.261918e-05 2.757195e+02 
5.281532e-05 2.751717e+02 
5.316287e-05 2.731353e+02 
5.358490e-05 2.689688e+02 
5.419000e-05 2.620819e+02 
5.510952e-05 2.538365e+02 
5.667049e-05 2.432215e+02 
6.511914e-05 1.996011e+02 
7.007091e-05 1.789186e+02 
7.208117e-05 1.708552e+02 
7.341733e-05 1.649428e+02 
7.472077e-05 1.582492e+02 
7.504394e-05 1.571162e+02 
7.525714e-05 1.566927e+02 
7.564625e-05 1.566417e+02 
7.657386e-05 1.581592e+02 
7.708254e-05 1.580704e+02 
7.909386e-05 1.546725e+02 
8.025281e-05 1.520619e+02 
8.212500e-05 1.469630e+02 
8.586152e-05 1.389589e+02 
9.120108e-05 1.298660e+02 
9.568093e-05 1.234721e+02 
1.005000e-04 1.177127e+02 
1.060000e-04 1.121856e+02 
1.109175e-04 1.080645e+02 
1.244515e-04 9.935997e+01 
1.500000e-04 8.787500e+01 
1.596482e-04 8.400262e+01 
1.679162e-04 8.050474e+01 
1.778280e-04 7.609813e+01 
1.889484e-04 7.066395e+01 
1.989603e-04 6.510321e+01 
2.073600e-04 5.988853e+01 
2.152667e-04 5.449404e+01 
2.213095e-04 4.998582e+01 
2.275722e-04 4.496225e+01 
2.338160e-04 3.952587e+01 
2.384988e-04 3.520195e+01 
2.420109e-04 3.178972e+01 
2.454709e-04 2.826188e+01 
2.485961e-04 2.494166e+01 
2.526800e-04 2.039716e+01 
2.546328e-04 1.811916e+01 
2.562657e-04 1.616923e+01 
2.573900e-04 1.484421e+01 
2.585763e-04 1.353332e+01 
2.593335e-04 1.278572e+01 
2.599762e-04 1.222861e+01 
2.606425e-04 1.174056e+01 
2.612811e-04 1.136655e+01 
2.618009e-04 1.113103e+01 
2.624400e-04 1.092214e+01 
2.630700e-04 1.079314e+01 
2.639159e-04 1.071218e+01 
2.664025e-04 1.067264e+01 
2.671753e-04 1.061269e+01 
2.681291e-04 1.047544e+01 
2.704750e-04 9.996070e+00 
2.712834e-04 9.896920e+00 
2.715000e-04 9.886520e+00 
2.720914e-04 9.904278e+00 
2.724500e-04 9.953593e+00 
2.728000e-04 1.003419e+01 
2.730500e-04 1.011324e+01 
2.735152e-04 1.031227e+01 
2.740000e-04 1.059780e+01 
2.744750e-04 1.096153e+01 
2.750000e-04 1.146754e+01 
2.752000e-04 1.169051e+01 
2.756499e-04 1.225572e+01 
2.760750e-04 1.287364e+01 
2.770401e-04 1.459584e+01 
2.778114e-04 1.630874e+01 
2.785375e-04 1.820854e+01 
2.796494e-04 2.167886e+01 
2.813995e-04 2.855091e+01 
2.824747e-04 3.362113e+01 
2.838997e-04 4.128646e+01 
2.852132e-04 4.923135e+01 
2.864021e-04 5.706783e+01 
2.870999e-04 6.191913e+01 
2.884748e-04 7.193987e+01 
2.890000e-04 7.590436e+01 
2.906000e-04 8.833939e+01 
2.923000e-04 1.019596e+02 
2.926000e-04 1.043909e+02 
2.945000e-04 1.198867e+02 
2.966247e-04 1.372458e+02 
2.980000e-04 1.484113e+02 
2.989093e-04 1.557439e+02 
3.007000e-04 1.700376e+02 
3.023671e-04 1.831397e+02 
3.040000e-04 1.957466e+02 
3.057000e-04 2.086005e+02 
3.080000e-04 2.254866e+02 
3.101836e-04 2.409005e+02 
3.126079e-04 2.571952e+02 
3.150000e-04 2.723139e+02 
3.165000e-04 2.812804e+02 
3.200000e-04 3.006857e+02 
3.240000e-04 3.204028e+02 
3.280000e-04 3.377005e+02 
3.308220e-04 3.486594e+02 
3.335000e-04 3.583318e+02 
3.370000e-04 3.700072e+02 
3.430000e-04 3.879745e+02 
3.478275e-04 4.013042e+02 
3.528027e-04 4.144290e+02 
3.584558e-04 4.285060e+02 
3.663043e-04 4.469264e+02 
3.767206e-04 4.687498e+02 
3.855076e-04 4.840021e+02 
3.916451e-04 4.923189e+02 
4.048709e-04 5.061022e+02 
4.085555e-04 5.196587e+02 
4.106662e-04 5.371871e+02 
4.116370e-04 5.480871e+02 
4.136975e-04 5.751532e+02 
4.163942e-04 6.076479e+02 
4.176068e-04 6.162935e+02 
4.186788e-04 6.194623e+02 
4.197925e-04 6.182921e+02 
4.208776e-04 6.134759e+02 
4.247616e-04 5.867378e+02 
4.257170e-04 5.825513e+02 
4.269174e-04 5.802488e+02 
4.286889e-04 5.830826e+02 
4.324035e-04 6.069704e+02 
4.341116e-04 6.212926e+02 
4.370260e-04 6.417793e+02 
4.380353e-04 6.463349e+02 
4.389346e-04 6.490489e+02 
4.398941e-04 6.505959e+02 
4.412568e-04 6.507862e+02 
4.456997e-04 6.460786e+02 
4.477500e-04 6.467112e+02 
4.498813e-04 6.504060e+02 
4.602223e-04 6.805721e+02 
4.696628e-04 7.027123e+02 
4.793137e-04 7.205690e+02 
4.895167e-04 7.349443e+02 
5.028259e-04 7.493600e+02 
5.141264e-04 7.577660e+02 
5.215647e-04 7.618107e+02 
5.257164e-04 7.662512e+02 
5.285392e-04 7.716697e+02 
5.376350e-04 7.979254e+02 
5.412994e-04 8.065550e+02 
5.469731e-04 8.161236e+02 
5.553090e-04 8.275942e+02 
5.662804e-04 8.403570e+02 
5.812849e-04 8.543874e+02 
5.986591e-04 8.684756e+02 
6.166054e-04 8.804896e+02 
6.550131e-04 8.995150e+02 
6.960128e-04 9.135642e+02 
7.372800e-04 9.234090e+02 
7.818528e-04 9.288922e+02 
8.659643e-04 9.293425e+02 
9.524410e-04 9.249464e+02 
1.047129e-03 9.157588e+02 
1.103799e-03 9.073993e+02 
1.269703e-03 8.764035e+02 
1.333521e-03 8.641270e+02 
1.405567e-03 8.488588e+02 
1.557758e-03 8.139824e+02 
1.626485e-03 7.980886e+02 
1.710508e-03 7.774095e+02 
1.795196e-03 7.556385e+02 
1.882053e-03 7.329566e+02 
1.970481e-03 7.091569e+02 
2.058167e-03 6.834248e+02 
2.139501e-03 6.576127e+02 
2.203241e-03 6.361814e+02 
2.263183e-03 6.146209e+02 
2.322403e-03 5.914376e+02 
2.363443e-03 5.736541e+02 
2.409323e-03 5.517643e+02 
2.451370e-03 5.294148e+02 
2.484837e-03 5.094655e+02 
2.511758e-03 4.914335e+02 
2.537119e-03 4.721792e+02 
2.560877e-03 4.512934e+02 
2.579992e-03 4.314925e+02 
2.595259e-03 4.129762e+02 
2.607012e-03 3.968584e+02 
2.620150e-03 3.773802e+02 
2.637067e-03 3.529200e+02 
2.646572e-03 3.417920e+02 
2.653100e-03 3.361609e+02 
2.659189e-03 3.327645e+02 
2.665343e-03 3.313535e+02 
2.671890e-03 3.321572e+02 
2.678210e-03 3.351056e+02 
2.684921e-03 3.403201e+02 
2.694703e-03 3.509202e+02 
2.717707e-03 3.817053e+02 
2.724606e-03 3.905863e+02 
2.735773e-03 4.034987e+02 
2.745144e-03 4.128966e+02 
2.774256e-03 4.388228e+02 
2.792087e-03 4.577711e+02 
2.813102e-03 4.854050e+02 
2.831314e-03 5.113320e+02 
2.843629e-03 5.280345e+02 
2.853644e-03 5.404437e+02 
2.870530e-03 5.583760e+02 
2.885469e-03 5.710805e+02 
2.903472e-03 5.829401e+02 
2.921699e-03 5.917436e+02 
2.938276e-03 5.973906e+02 
2.983906e-03 6.065180e+02 
2.995120e-03 6.095492e+02 
3.007805e-03 6.146526e+02 
3.027135e-03 6.265496e+02 
3.074002e-03 6.659101e+02 
3.088477e-03 6.766758e+02 
3.103348e-03 6.861101e+02 
3.122547e-03 6.961490e+02 
3.145728e-03 7.059637e+02 
3.177696e-03 7.169241e+02 
3.241510e-03 7.334356e+02 
3.314053e-03 7.464817e+02 
3.388017e-03 7.552509e+02 
3.479091e-03 7.619988e+02 
3.601966e-03 7.666114e+02 
3.730882e-03 7.671436e+02 
3.877395e-03 7.631846e+02 
4.045140e-03 7.554498e+02 
4.348523e-03 7.362421e+02 
4.677351e-03 7.110678e+02 
5.038964e-03 6.817284e+02 
5.491456e-03 6.440996e+02 
6.049753e-03 5.997323e+02 
6.690657e-03 5.529755e+02 
7.497263e-03 5.006056e+02 
8.479677e-03 4.459222e+02 
9.362811e-03 4.039732e+02 
1.004429e-02 3.751729e+02 
1.088119e-02 3.433144e+02 
1.173483e-02 3.142082e+02 
1.269843e-02 2.849689e+02 
1.368385e-02 2.582967e+02 
1.424788e-02 2.443342e+02 
1.540192e-02 2.182810e+02 
1.600292e-02 2.058981e+02 
1.703178e-02 1.862199e+02 
1.789350e-02 1.708777e+02 
1.854999e-02 1.595973e+02 
1.907866e-02 1.505070e+02 
1.947317e-02 1.434850e+02 
1.981333e-02 1.370136e+02 
2.006048e-02 1.318058e+02 
2.017969e-02 1.290097e+02 
2.028684e-02 1.262350e+02 
2.037711e-02 1.236242e+02 
2.051124e-02 1.191473e+02 
2.067333e-02 1.129219e+02 
2.080399e-02 1.081902e+02 
2.088590e-02 1.060460e+02 
2.094372e-02 1.051473e+02 
2.099250e-02 1.048490e+02 
2.104757e-02 1.050306e+02 
2.109664e-02 1.056285e+02 
2.116660e-02 1.070754e+02 
2.130023e-02 1.109881e+02 
2.142529e-02 1.148094e+02 
2.152993e-02 1.174876e+02 
2.160772e-02 1.190727e+02 
2.167686e-02 1.202091e+02 
2.176521e-02 1.213480e+02 
2.186213e-02 1.222830e+02 
2.206861e-02 1.235424e+02 
2.232977e-02 1.242856e+02 
2.265773e-02 1.244778e+02 
2.297351e-02 1.241503e+02 
2.358181e-02 1.226493e+02 
2.425094e-02 1.202611e+02 
2.527020e-02 1.159482e+02 
2.639878e-02 1.108725e+02 
2.788370e-02 1.042105e+02 
3.015131e-02 9.457665e+01 
3.320992e-02 8.315718e+01 
3.653056e-02 7.267617e+01 
4.034002e-02 6.265693e+01 
4.445956e-02 5.379010e+01 
5.016684e-02 4.426929e+01 
5.525478e-02 3.767077e+01 
6.140268e-02 3.139626e+01 
8.276956e-02 1.851738e+01 
1.111273e-01 1.091810e+01 
1.352593e-01 7.621036e+00 
1.692717e-01 5.015827e+00 
2.121588e-01 3.267638e+00 
2.895185e-01 1.795391e+00 
4.241310e-01 8.530878e-01 
6.388306e-01 3.809630e-01 
1.120601e+00 1.248791e-01 
3.086391e+00 1.652989e-02 
9.320751e+00 1.813517e-03 
2.814822e+01 1.988609e-04 
8.500626e+01 2.180482e-05 
2.567148e+02 2.390853e-06 
7.752663e+02 2.621518e-07 
2.511886e+03 2.497208e-08 
7.943282e+03 2.497208e-09 
2.511886e+04 2.497210e-10 
7.943282e+04 2.497210e-11 
1.000000e+05 1.575630e-11 
-1           -1           
-2           -2           
