% -----------------------------------------------------------------------
%   Program Name: re-cs-81.dat 
%   Author: the Geant4 Collaboration
%   Organization: the Geant4 Collaboration
%   Version: unknown
%   Date: circa 2006
%   Class: Public
%   Copyright (c) Copyright Holders of the Geant4 Collaboration, 1994-2006.
%   See http://cern.ch/geant4/license for details on the copyright holders.
%   All rights not expressly granted under this license are reserved.
% -----------------------------------------------------------------------
1.000000e-06 1.744507e-02 
1.067871e-06 2.497922e-02 
1.084326e-06 2.725315e-02 
1.112207e-06 3.164707e-02 
1.148507e-06 3.849177e-02 
1.173762e-06 4.428043e-02 
1.196212e-06 5.033646e-02 
1.219269e-06 5.756353e-02 
1.240885e-06 6.544712e-02 
1.261150e-06 7.408884e-02 
1.280149e-06 8.354487e-02 
1.297960e-06 9.387410e-02 
1.314658e-06 1.051436e-01 
1.330312e-06 1.174239e-01 
1.344988e-06 1.307845e-01 
1.358747e-06 1.452982e-01 
1.371645e-06 1.610539e-01 
1.383738e-06 1.781521e-01 
1.395075e-06 1.966956e-01 
1.405703e-06 2.167903e-01 
1.415667e-06 2.385470e-01 
1.425008e-06 2.620825e-01 
1.433765e-06 2.875189e-01 
1.441976e-06 3.149842e-01 
1.449672e-06 3.446125e-01 
1.456888e-06 3.765441e-01 
1.463653e-06 4.109245e-01 
1.469995e-06 4.479047e-01 
1.475941e-06 4.876406e-01 
1.481515e-06 5.302937e-01 
1.486741e-06 5.760318e-01 
1.491640e-06 6.250301e-01 
1.496233e-06 6.774725e-01 
1.500539e-06 7.335534e-01 
1.504575e-06 7.934798e-01 
1.508360e-06 8.574742e-01 
1.511908e-06 9.257806e-01 
1.515234e-06 9.986745e-01 
1.518750e-06 1.087159e+00 
1.521276e-06 1.159557e+00 
1.524016e-06 1.248359e+00 
1.526586e-06 1.343376e+00 
1.531042e-06 1.543385e+00 
1.535487e-06 1.805006e+00 
1.539192e-06 2.091993e+00 
1.542434e-06 2.415135e+00 
1.545270e-06 2.770942e+00 
1.547752e-06 3.152908e+00 
1.549924e-06 3.552595e+00 
1.551824e-06 3.960856e+00 
1.553487e-06 4.368888e+00 
1.556215e-06 5.154723e+00 
1.565367e-06 9.097026e+00 
1.567794e-06 1.052961e+01 
1.568979e-06 1.129070e+01 
1.570905e-06 1.261157e+01 
1.572831e-06 1.403092e+01 
1.576683e-06 1.712383e+01 
1.577165e-06 1.752988e+01 
1.580536e-06 2.044820e+01 
1.581860e-06 2.161328e+01 
1.584388e-06 2.382246e+01 
1.586344e-06 2.548270e+01 
1.588241e-06 2.701641e+01 
1.590197e-06 2.848789e+01 
1.592093e-06 2.977543e+01 
1.593778e-06 3.078178e+01 
1.595742e-06 3.176503e+01 
1.597992e-06 3.261058e+01 
1.599918e-06 3.307521e+01 
1.600589e-06 3.317823e+01 
1.602502e-06 3.330139e+01 
1.604387e-06 3.317367e+01 
1.605254e-06 3.303255e+01 
1.607186e-06 3.253587e+01 
1.608883e-06 3.190088e+01 
1.611595e-06 3.053127e+01 
1.613133e-06 2.958246e+01 
1.614429e-06 2.869860e+01 
1.615689e-06 2.777533e+01 
1.617163e-06 2.662488e+01 
1.619059e-06 2.505805e+01 
1.620745e-06 2.360527e+01 
1.622370e-06 2.217136e+01 
1.624838e-06 1.997243e+01 
1.626764e-06 1.827060e+01 
1.628931e-06 1.640378e+01 
1.630617e-06 1.500450e+01 
1.634469e-06 1.203902e+01 
1.635793e-06 1.110673e+01 
1.637057e-06 1.026202e+01 
1.638321e-06 9.462640e+00 
1.640247e-06 8.332879e+00 
1.642903e-06 6.949276e+00 
1.645814e-06 5.656102e+00 
1.648716e-06 4.582933e+00 
1.657352e-06 2.429619e+00 
1.660208e-06 1.979378e+00 
1.661632e-06 1.790911e+00 
1.664474e-06 1.474427e+00 
1.667305e-06 1.224586e+00 
1.670125e-06 1.026748e+00 
1.672935e-06 8.691531e-01 
1.675733e-06 7.425519e-01 
1.678520e-06 6.397993e-01 
1.681296e-06 5.554495e-01 
1.684062e-06 4.853916e-01 
1.686816e-06 4.265381e-01 
1.689560e-06 3.765713e-01 
1.692294e-06 3.337443e-01 
1.697728e-06 2.645087e-01 
1.705800e-06 1.894589e-01 
1.716417e-06 1.231046e-01 
1.721674e-06 9.932506e-02 
1.726889e-06 8.002543e-02 
1.732064e-06 6.427720e-02 
1.737198e-06 5.138203e-02 
1.742292e-06 4.080590e-02 
1.747347e-06 3.213397e-02 
1.752362e-06 2.503947e-02 
1.757338e-06 1.926176e-02 
1.762275e-06 1.459076e-02 
1.767173e-06 1.085564e-02 
1.772033e-06 7.916285e-03 
1.776855e-06 5.656449e-03 
1.781639e-06 3.978055e-03 
1.786387e-06 2.795768e-03 
1.791096e-06 2.031635e-03 
1.795770e-06 1.609920e-03 
1.800406e-06 1.453050e-03 
1.802707e-06 1.448717e-03 
1.804998e-06 1.479946e-03 
1.807280e-06 1.536547e-03 
1.814074e-06 1.762823e-03 
1.818558e-06 1.879799e-03 
1.821896e-06 1.917220e-03 
1.822450e-06 1.918421e-03 
1.827417e-06 1.861796e-03 
1.831797e-06 1.718568e-03 
1.833975e-06 1.622003e-03 
1.838313e-06 1.399955e-03 
1.842617e-06 1.171030e-03 
1.846888e-06 9.699641e-04 
1.851125e-06 8.243689e-04 
1.855330e-06 7.530379e-04 
1.863672e-06 8.701395e-04 
1.871885e-06 1.342301e-03 
1.879969e-06 2.143736e-03 
1.887926e-06 3.237590e-03 
1.895760e-06 4.587767e-03 
1.911182e-06 7.964292e-03 
1.926122e-06 1.207061e-02 
1.940595e-06 1.680533e-02 
1.968636e-06 2.828375e-02 
2.048000e-06 7.260347e-02 
2.078877e-06 9.498669e-02 
2.113226e-06 1.250055e-01 
2.147731e-06 1.610343e-01 
2.177922e-06 1.983587e-01 
2.204339e-06 2.364104e-01 
2.281005e-06 3.864958e-01 
2.328288e-06 5.216559e-01 
2.343531e-06 5.752829e-01 
2.366396e-06 6.674055e-01 
2.395142e-06 8.071080e-01 
2.418666e-06 9.475676e-01 
2.436308e-06 1.072894e+00 
2.453951e-06 1.219451e+00 
2.471593e-06 1.392224e+00 
2.489236e-06 1.597888e+00 
2.506879e-06 1.845335e+00 
2.518002e-06 2.027998e+00 
2.526344e-06 2.181179e+00 
2.538858e-06 2.441691e+00 
2.551371e-06 2.746751e+00 
2.563931e-06 3.109151e+00 
2.576491e-06 3.543270e+00 
2.582771e-06 3.793502e+00 
2.589050e-06 4.070115e+00 
2.595330e-06 4.377088e+00 
2.601610e-06 4.719228e+00 
2.607890e-06 5.102401e+00 
2.614170e-06 5.533855e+00 
2.620450e-06 6.022667e+00 
2.626730e-06 6.580405e+00 
2.633010e-06 7.222112e+00 
2.639290e-06 7.967813e+00 
2.645569e-06 8.844832e+00 
2.651849e-06 9.891308e+00 
2.658129e-06 1.116135e+01 
2.664409e-06 1.273223e+01 
2.670689e-06 1.471377e+01 
2.676969e-06 1.725933e+01 
2.680499e-06 1.901377e+01 
2.683589e-06 2.078395e+01 
2.688995e-06 2.452029e+01 
2.693050e-06 2.796628e+01 
2.696091e-06 3.098186e+01 
2.698372e-06 3.351761e+01 
2.703504e-06 4.019826e+01 
2.711873e-06 5.452191e+01 
2.719825e-06 7.283933e+01 
2.725841e-06 9.012543e+01 
2.728375e-06 9.832343e+01 
2.733214e-06 1.154493e+02 
2.738071e-06 1.344582e+02 
2.739604e-06 1.407932e+02 
2.745473e-06 1.662676e+02 
2.747779e-06 1.766712e+02 
2.752181e-06 1.968356e+02 
2.756148e-06 2.149855e+02 
2.758070e-06 2.236457e+02 
2.760829e-06 2.357885e+02 
2.763771e-06 2.482054e+02 
2.766023e-06 2.572255e+02 
2.769242e-06 2.692015e+02 
2.772993e-06 2.815115e+02 
2.776728e-06 2.916853e+02 
2.779840e-06 2.983574e+02 
2.783730e-06 3.041700e+02 
2.787130e-06 3.068122e+02 
2.790561e-06 3.070983e+02 
2.794023e-06 3.049564e+02 
2.797062e-06 3.011052e+02 
2.800368e-06 2.949169e+02 
2.803362e-06 2.876316e+02 
2.807272e-06 2.759488e+02 
2.810268e-06 2.655411e+02 
2.812605e-06 2.566701e+02 
2.815947e-06 2.430502e+02 
2.819437e-06 2.279083e+02 
2.823171e-06 2.110255e+02 
2.825996e-06 1.980110e+02 
2.829808e-06 1.804013e+02 
2.833517e-06 1.635125e+02 
2.836452e-06 1.505032e+02 
2.840225e-06 1.344313e+02 
2.846095e-06 1.112989e+02 
2.848714e-06 1.018205e+02 
2.853715e-06 8.529398e+01 
2.858062e-06 7.263850e+01 
2.863342e-06 5.937103e+01 
2.871196e-06 4.360204e+01 
2.880595e-06 3.004155e+01 
2.884934e-06 2.536457e+01 
2.889001e-06 2.171407e+01 
2.892814e-06 1.884065e+01 
2.896389e-06 1.655694e+01 
2.899740e-06 1.472294e+01 
2.902882e-06 1.323421e+01 
2.908773e-06 1.093640e+01 
2.913927e-06 9.343907e+00 
2.918438e-06 8.196189e+00 
2.922384e-06 7.341110e+00 
2.929290e-06 6.104613e+00 
2.934470e-06 5.345178e+00 
2.942240e-06 4.406606e+00 
2.953640e-06 3.349077e+00 
2.957270e-06 3.074570e+00 
2.964531e-06 2.600492e+00 
2.971792e-06 2.215770e+00 
2.975423e-06 2.053903e+00 
2.979054e-06 1.911026e+00 
2.980869e-06 1.846410e+00 
2.986315e-06 1.678381e+00 
2.988130e-06 1.630546e+00 
2.990853e-06 1.565979e+00 
2.993576e-06 1.509582e+00 
2.995391e-06 1.476255e+00 
2.998114e-06 1.432242e+00 
3.000837e-06 1.394856e+00 
3.004467e-06 1.354195e+00 
3.008098e-06 1.322551e+00 
3.011728e-06 1.298242e+00 
3.015359e-06 1.279562e+00 
3.022620e-06 1.252390e+00 
3.031696e-06 1.221840e+00 
3.037142e-06 1.197881e+00 
3.041680e-06 1.172096e+00 
3.044403e-06 1.153640e+00 
3.048034e-06 1.125332e+00 
3.051664e-06 1.092772e+00 
3.055295e-06 1.056117e+00 
3.058925e-06 1.015694e+00 
3.064371e-06 9.490327e-01 
3.066186e-06 9.254913e-01 
3.073448e-06 8.268505e-01 
3.080709e-06 7.249684e-01 
3.084339e-06 6.743500e-01 
3.087970e-06 6.246611e-01 
3.093415e-06 5.528282e-01 
3.097309e-06 5.040316e-01 
3.101433e-06 4.550731e-01 
3.105492e-06 4.098542e-01 
3.113484e-06 3.299013e-01 
3.121226e-06 2.639328e-01 
3.128726e-06 2.102354e-01 
3.135991e-06 1.669553e-01 
3.143030e-06 1.323701e-01 
3.156667e-06 8.294870e-02 
3.169452e-06 5.386002e-02 
3.217396e-06 2.835096e-02 
3.226245e-06 2.827656e-02 
3.234260e-06 2.775878e-02 
3.242972e-06 2.686020e-02 
3.250248e-06 2.642661e-02 
3.253716e-06 2.657945e-02 
3.257076e-06 2.710231e-02 
3.260330e-06 2.808246e-02 
3.266636e-06 3.180968e-02 
3.272548e-06 3.832828e-02 
3.278091e-06 4.809008e-02 
3.283287e-06 6.144271e-02 
3.288158e-06 7.865452e-02 
3.292725e-06 9.993256e-02 
3.304783e-06 1.894473e-01 
3.311618e-06 2.708274e-01 
3.314719e-06 3.177902e-01 
3.320532e-06 4.271080e-01 
3.325619e-06 5.505441e-01 
3.330070e-06 6.847479e-01 
3.333965e-06 8.260303e-01 
3.337373e-06 9.707393e-01 
3.342964e-06 1.257615e+00 
3.345247e-06 1.394690e+00 
3.349242e-06 1.665830e+00 
3.354486e-06 2.088615e+00 
3.358699e-06 2.489519e+00 
3.363570e-06 3.027507e+00 
3.367313e-06 3.499006e+00 
3.370912e-06 4.002163e+00 
3.377784e-06 5.101597e+00 
3.380486e-06 5.583638e+00 
3.383188e-06 6.092850e+00 
3.391475e-06 7.809496e+00 
3.392510e-06 8.038570e+00 
3.399761e-06 9.708460e+00 
3.402610e-06 1.038630e+01 
3.408727e-06 1.185073e+01 
3.411279e-06 1.245419e+01 
3.413595e-06 1.299222e+01 
3.417393e-06 1.384566e+01 
3.420302e-06 1.446584e+01 
3.422677e-06 1.494531e+01 
3.425794e-06 1.553084e+01 
3.429802e-06 1.619813e+01 
3.432749e-06 1.661863e+01 
3.435697e-06 1.697308e+01 
3.439132e-06 1.729630e+01 
3.442998e-06 1.753695e+01 
3.447049e-06 1.764319e+01 
3.450142e-06 1.762183e+01 
3.458151e-06 1.716015e+01 
3.460736e-06 1.689186e+01 
3.466472e-06 1.610920e+01 
3.469476e-06 1.560730e+01 
3.471820e-06 1.517735e+01 
3.475169e-06 1.451222e+01 
3.477323e-06 1.405758e+01 
3.480987e-06 1.324486e+01 
3.484622e-06 1.240215e+01 
3.487659e-06 1.168066e+01 
3.491563e-06 1.074268e+01 
3.495381e-06 9.827747e+00 
3.499199e-06 8.928309e+00 
3.503860e-06 7.867648e+00 
3.508003e-06 6.972108e+00 
3.515772e-06 5.443918e+00 
3.518212e-06 5.009419e+00 
3.529350e-06 3.318839e+00 
3.533300e-06 2.833297e+00 
3.537323e-06 2.396744e+00 
3.540714e-06 2.071618e+00 
3.544882e-06 1.721943e+00 
3.549680e-06 1.381422e+00 
3.551280e-06 1.281429e+00 
3.555546e-06 1.044683e+00 
3.559811e-06 8.471985e-01 
3.564077e-06 6.838513e-01 
3.568342e-06 5.498670e-01 
3.581472e-06 2.779754e-01 
3.587704e-06 2.025266e-01 
3.590819e-06 1.739841e-01 
3.593935e-06 1.504977e-01 
3.602466e-06 1.070420e-01 
3.610997e-06 8.693298e-02 
3.619528e-06 8.508504e-02 
3.622811e-06 8.894589e-02 
3.625435e-06 9.393863e-02 
3.628059e-06 1.007240e-01 
3.631792e-06 1.137105e-01 
3.634191e-06 1.243132e-01 
3.636590e-06 1.368456e-01 
3.642454e-06 1.765949e-01 
3.644652e-06 1.952359e-01 
3.655173e-06 3.183709e-01 
3.660043e-06 3.974059e-01 
3.664430e-06 4.822159e-01 
3.668761e-06 5.794150e-01 
3.677029e-06 8.036187e-01 
3.680149e-06 9.013634e-01 
3.681189e-06 9.354981e-01 
3.690205e-06 1.261430e+00 
3.691332e-06 1.305555e+00 
3.699222e-06 1.629923e+00 
3.702321e-06 1.762418e+00 
3.708269e-06 2.018521e+00 
3.711164e-06 2.141688e+00 
3.712834e-06 2.211613e+00 
3.715757e-06 2.331157e+00 
3.719592e-06 2.480678e+00 
3.723291e-06 2.614363e+00 
3.724524e-06 2.656174e+00 
3.727615e-06 2.754081e+00 
3.729934e-06 2.820343e+00 
3.732977e-06 2.896976e+00 
3.736401e-06 2.967898e+00 
3.740597e-06 3.030886e+00 
3.744304e-06 3.063260e+00 
3.746155e-06 3.070991e+00 
3.750633e-06 3.066181e+00 
3.754276e-06 3.037949e+00 
3.756551e-06 3.009567e+00 
3.760167e-06 2.948256e+00 
3.763894e-06 2.865726e+00 
3.767387e-06 2.772524e+00 
3.770283e-06 2.685178e+00 
3.774299e-06 2.551799e+00 
3.778159e-06 2.413804e+00 
3.782243e-06 2.261846e+00 
3.788163e-06 2.041242e+00 
3.796740e-06 1.751376e+00 
3.798402e-06 1.703007e+00 
3.802910e-06 1.590053e+00 
3.805516e-06 1.539110e+00 
3.807837e-06 1.504047e+00 
3.808374e-06 1.497419e+00 
3.811806e-06 1.469456e+00 
3.813401e-06 1.465503e+00 
3.815596e-06 1.470225e+00 
3.817214e-06 1.481676e+00 
3.820767e-06 1.532278e+00 
3.822321e-06 1.566104e+00 
3.824319e-06 1.620692e+00 
3.825913e-06 1.673539e+00 
3.826807e-06 1.706940e+00 
3.828483e-06 1.777055e+00 
3.834350e-06 2.104023e+00 
3.837284e-06 2.318405e+00 
3.840217e-06 2.569134e+00 
3.843484e-06 2.893214e+00 
3.856285e-06 4.658726e+00 
3.861972e-06 5.714724e+00 
3.866157e-06 6.603074e+00 
3.874148e-06 8.559255e+00 
3.878915e-06 9.882418e+00 
3.880205e-06 1.025944e+01 
3.889237e-06 1.309789e+01 
3.892445e-06 1.417713e+01 
3.898569e-06 1.630858e+01 
3.902167e-06 1.758728e+01 
3.906461e-06 1.911814e+01 
3.909037e-06 2.003061e+01 
3.913449e-06 2.156555e+01 
3.916828e-06 2.270270e+01 
3.919586e-06 2.359744e+01 
3.923207e-06 2.471358e+01 
3.927863e-06 2.602958e+01 
3.932570e-06 2.719591e+01 
3.936945e-06 2.810815e+01 
3.941079e-06 2.880010e+01 
3.945358e-06 2.932873e+01 
3.949215e-06 2.963340e+01 
3.953708e-06 2.977703e+01 
3.957626e-06 2.971563e+01 
3.965810e-06 2.904125e+01 
3.970019e-06 2.842385e+01 
3.975748e-06 2.732027e+01 
3.980222e-06 2.627324e+01 
3.982840e-06 2.559586e+01 
3.987135e-06 2.439716e+01 
3.991958e-06 2.294719e+01 
3.995986e-06 2.167511e+01 
3.999871e-06 2.041484e+01 
4.001165e-06 1.999030e+01 
4.006873e-06 1.811141e+01 
4.011867e-06 1.648325e+01 
4.021425e-06 1.350521e+01 
4.030925e-06 1.083422e+01 
4.032679e-06 1.038004e+01 
4.044950e-06 7.571475e+00 
4.051682e-06 6.309710e+00 
4.065304e-06 4.320498e+00 
4.071674e-06 3.620079e+00 
4.076280e-06 3.192131e+00 
4.079734e-06 2.910091e+00 
4.084916e-06 2.543358e+00 
4.090290e-06 2.226398e+00 
4.093873e-06 2.046684e+00 
4.100479e-06 1.772381e+00 
4.105434e-06 1.608475e+00 
4.120299e-06 1.280681e+00 
4.123362e-06 1.236883e+00 
4.129172e-06 1.170609e+00 
4.133131e-06 1.136255e+00 
4.138900e-06 1.099024e+00 
4.145077e-06 1.072655e+00 
4.148670e-06 1.062343e+00 
4.155041e-06 1.050786e+00 
4.163091e-06 1.044234e+00 
4.176326e-06 1.039409e+00 
4.185580e-06 1.031557e+00 
4.191828e-06 1.021335e+00 
4.195839e-06 1.012157e+00 
4.204432e-06 9.849314e-01 
4.210092e-06 9.612931e-01 
4.214068e-06 9.421029e-01 
4.220183e-06 9.088315e-01 
4.226204e-06 8.722942e-01 
4.231289e-06 8.391943e-01 
4.240754e-06 7.743647e-01 
4.247496e-06 7.275339e-01 
4.268334e-06 5.950942e-01 
4.275638e-06 5.570587e-01 
4.281750e-06 5.295282e-01 
4.286028e-06 5.126999e-01 
4.290831e-06 4.962088e-01 
4.297549e-06 4.773275e-01 
4.303060e-06 4.653222e-01 
4.307845e-06 4.572750e-01 
4.313367e-06 4.505163e-01 
4.318635e-06 4.463568e-01 
4.323659e-06 4.442434e-01 
4.328452e-06 4.437181e-01 
4.336134e-06 4.454706e-01 
4.344292e-06 4.501944e-01 
4.355530e-06 4.603678e-01 
4.369979e-06 4.779690e-01 
4.383502e-06 4.979543e-01 
4.404024e-06 5.339962e-01 
4.434681e-06 5.988555e-01 
4.455279e-06 6.486813e-01 
4.464677e-06 6.758588e-01 
4.472143e-06 7.023372e-01 
4.478781e-06 7.319386e-01 
4.485214e-06 7.686353e-01 
4.490261e-06 8.048328e-01 
4.493858e-06 8.355510e-01 
4.498907e-06 8.868641e-01 
4.503879e-06 9.482762e-01 
4.508110e-06 1.010274e+00 
4.510992e-06 1.058152e+00 
4.519804e-06 1.236106e+00 
4.526521e-06 1.406496e+00 
4.538906e-06 1.803372e+00 
4.549991e-06 2.242763e+00 
4.552264e-06 2.340886e+00 
4.559703e-06 2.675237e+00 
4.565116e-06 2.926076e+00 
4.568342e-06 3.076087e+00 
4.572953e-06 3.288120e+00 
4.576658e-06 3.454153e+00 
4.578882e-06 3.550979e+00 
4.582246e-06 3.692344e+00 
4.586662e-06 3.866164e+00 
4.591541e-06 4.039086e+00 
4.598055e-06 4.231815e+00 
4.602788e-06 4.340191e+00 
4.605580e-06 4.390455e+00 
4.609998e-06 4.448131e+00 
4.614768e-06 4.479314e+00 
4.619735e-06 4.476965e+00 
4.624130e-06 4.445535e+00 
4.628972e-06 4.380080e+00 
4.637200e-06 4.200422e+00 
4.642063e-06 4.058430e+00 
4.645438e-06 3.946532e+00 
4.648501e-06 3.836785e+00 
4.653525e-06 3.642501e+00 
4.659166e-06 3.408202e+00 
4.663878e-06 3.203894e+00 
4.668421e-06 3.003052e+00 
4.675479e-06 2.690732e+00 
4.681021e-06 2.450769e+00 
4.687257e-06 2.191917e+00 
4.693492e-06 1.949177e+00 
4.703191e-06 1.610967e+00 
4.719430e-06 1.164917e+00 
4.726038e-06 1.026342e+00 
4.730767e-06 9.413460e-01 
4.733602e-06 8.957637e-01 
4.737853e-06 8.344865e-01 
4.742104e-06 7.812128e-01 
4.747773e-06 7.216187e-01 
4.753442e-06 6.738428e-01 
4.764779e-06 6.086724e-01 
4.770448e-06 5.890632e-01 
4.773282e-06 5.820962e-01 
4.776116e-06 5.768953e-01 
4.781785e-06 5.714828e-01 
4.784619e-06 5.711450e-01 
4.787453e-06 5.723202e-01 
4.794008e-06 5.806515e-01 
4.798791e-06 5.915716e-01 
4.802919e-06 6.042570e-01 
4.808223e-06 6.250224e-01 
4.813215e-06 6.492288e-01 
4.820683e-06 6.940817e-01 
4.825814e-06 7.310241e-01 
4.836982e-06 8.286806e-01 
4.861796e-06 1.118037e+00 
4.867630e-06 1.194729e+00 
4.872810e-06 1.263054e+00 
4.879469e-06 1.349010e+00 
4.884950e-06 1.416221e+00 
4.891381e-06 1.488614e+00 
4.896812e-06 1.542502e+00 
4.903737e-06 1.599242e+00 
4.908977e-06 1.631916e+00 
4.915014e-06 1.657522e+00 
4.921034e-06 1.669602e+00 
4.925652e-06 1.669675e+00 
4.931804e-06 1.657698e+00 
4.936513e-06 1.639727e+00 
4.943716e-06 1.599017e+00 
4.950116e-06 1.551525e+00 
4.957096e-06 1.490546e+00 
4.964898e-06 1.415190e+00 
4.977867e-06 1.285827e+00 
4.990989e-06 1.167194e+00 
4.999797e-06 1.102173e+00 
5.006131e-06 1.064571e+00 
5.013638e-06 1.030668e+00 
5.019634e-06 1.011915e+00 
5.028199e-06 9.973121e-01 
5.034258e-06 9.948132e-01 
5.041651e-06 9.992185e-01 
5.050415e-06 1.012755e+00 
5.064189e-06 1.044916e+00 
5.080785e-06 1.086501e+00 
5.087038e-06 1.099729e+00 
5.099858e-06 1.119213e+00 
5.104312e-06 1.123235e+00 
5.114866e-06 1.127020e+00 
5.126140e-06 1.123039e+00 
5.138912e-06 1.111123e+00 
5.177753e-06 1.061791e+00 
5.199564e-06 1.042038e+00 
5.226651e-06 1.027284e+00 
5.278082e-06 1.010066e+00 
5.314713e-06 1.003119e+00 
5.344219e-06 1.004798e+00 
5.367755e-06 1.012008e+00 
5.413115e-06 1.030710e+00 
5.430475e-06 1.032199e+00 
5.448596e-06 1.026019e+00 
5.466595e-06 1.011043e+00 
5.485723e-06 9.872125e-01 
5.511789e-06 9.503532e-01 
5.522636e-06 9.368777e-01 
5.538677e-06 9.221247e-01 
5.552831e-06 9.159656e-01 
5.560334e-06 9.156830e-01 
5.573980e-06 9.206984e-01 
5.579489e-06 9.247356e-01 
5.592402e-06 9.385716e-01 
5.605616e-06 9.586886e-01 
5.620947e-06 9.888320e-01 
5.636278e-06 1.025450e+00 
5.646433e-06 1.052908e+00 
5.668137e-06 1.119351e+00 
5.703913e-06 1.250215e+00 
5.746599e-06 1.439526e+00 
5.846026e-06 2.009444e+00 
5.903122e-06 2.435075e+00 
5.956365e-06 2.918527e+00 
6.006417e-06 3.463569e+00 
6.053342e-06 4.071042e+00 
6.101445e-06 4.811068e+00 
6.144000e-06 5.585597e+00 
6.185195e-06 6.467212e+00 
6.213489e-06 7.163722e+00 
6.252049e-06 8.258097e+00 
6.279330e-06 9.153386e+00 
6.310457e-06 1.032392e+01 
6.337198e-06 1.148172e+01 
6.363449e-06 1.278347e+01 
6.391801e-06 1.441236e+01 
6.412625e-06 1.578678e+01 
6.439399e-06 1.782559e+01 
6.461926e-06 1.983109e+01 
6.473616e-06 2.099765e+01 
6.495210e-06 2.342433e+01 
6.514802e-06 2.599466e+01 
6.536930e-06 2.943623e+01 
6.550698e-06 3.194127e+01 
6.563605e-06 3.460693e+01 
6.575705e-06 3.744550e+01 
6.592881e-06 4.218945e+01 
6.607655e-06 4.714757e+01 
6.626349e-06 5.504280e+01 
6.642707e-06 6.404372e+01 
6.657019e-06 7.416780e+01 
6.669543e-06 8.532537e+01 
6.680502e-06 9.732844e+01 
6.690090e-06 1.099216e+02 
6.698480e-06 1.228204e+02 
6.705821e-06 1.357459e+02 
6.718534e-06 1.622598e+02 
6.758249e-06 2.870090e+02 
6.770566e-06 3.405252e+02 
6.782158e-06 3.974376e+02 
6.790474e-06 4.419256e+02 
6.807106e-06 5.386212e+02 
6.809185e-06 5.512882e+02 
6.823738e-06 6.421066e+02 
6.829455e-06 6.782431e+02 
6.840370e-06 7.465359e+02 
6.848816e-06 7.976209e+02 
6.857002e-06 8.445794e+02 
6.865448e-06 8.893543e+02 
6.873634e-06 9.282171e+02 
6.880910e-06 9.582860e+02 
6.889389e-06 9.872291e+02 
6.899102e-06 1.011407e+03 
6.907418e-06 1.023864e+03 
6.910313e-06 1.026343e+03 
6.918574e-06 1.028031e+03 
6.924728e-06 1.024087e+03 
6.940934e-06 9.929960e+02 
6.946121e-06 9.770388e+02 
6.957834e-06 9.314321e+02 
6.964473e-06 9.003269e+02 
6.970068e-06 8.715732e+02 
6.975505e-06 8.417103e+02 
6.981872e-06 8.046978e+02 
6.990058e-06 7.545779e+02 
6.997335e-06 7.083560e+02 
7.004351e-06 6.629402e+02 
7.006690e-06 6.477172e+02 
7.015006e-06 5.936541e+02 
7.023322e-06 5.403130e+02 
7.032678e-06 4.820763e+02 
7.039954e-06 4.386165e+02 
7.056586e-06 3.470868e+02 
7.062303e-06 3.184869e+02 
7.067761e-06 2.926536e+02 
7.077376e-06 2.507008e+02 
7.086732e-06 2.142551e+02 
7.096925e-06 1.793372e+02 
7.106268e-06 1.515121e+02 
7.115514e-06 1.276398e+02 
7.127681e-06 1.012607e+02 
7.139660e-06 8.021217e+01 
7.157279e-06 5.659958e+01 
7.196856e-06 2.576316e+01 
7.218573e-06 1.686125e+01 
7.239618e-06 1.126853e+01 
7.260010e-06 7.679312e+00 
7.269967e-06 6.387383e+00 
7.281882e-06 5.145871e+00 
7.289418e-06 4.505160e+00 
7.298916e-06 3.834468e+00 
7.308266e-06 3.305235e+00 
7.317470e-06 2.895977e+00 
7.326530e-06 2.589410e+00 
7.335448e-06 2.371375e+00 
7.344227e-06 2.230081e+00 
7.348548e-06 2.185187e+00 
7.352835e-06 2.155748e+00 
7.357088e-06 2.140760e+00 
7.492141e-06 7.266935e+00 
7.521335e-06 9.978476e+00 
7.541203e-06 1.232123e+01 
7.563459e-06 1.552299e+01 
7.584324e-06 1.918185e+01 
7.622223e-06 2.791015e+01 
7.655533e-06 3.866097e+01 
7.670643e-06 4.487975e+01 
7.684809e-06 5.172370e+01 
7.698090e-06 5.925072e+01 
7.712661e-06 6.907249e+01 
7.722213e-06 7.661617e+01 
7.733155e-06 8.659048e+01 
7.745224e-06 9.961780e+01 
7.753032e-06 1.094248e+02 
7.762049e-06 1.223692e+02 
7.776436e-06 1.474177e+02 
7.785856e-06 1.674127e+02 
7.799786e-06 2.035310e+02 
7.811975e-06 2.430140e+02 
7.822641e-06 2.849312e+02 
7.840138e-06 3.719829e+02 
7.872169e-06 6.082660e+02 
7.889347e-06 7.868183e+02 
7.900791e-06 9.291949e+02 
7.912387e-06 1.093802e+03 
7.916736e-06 1.160924e+03 
7.926455e-06 1.321568e+03 
7.936174e-06 1.496630e+03 
7.955613e-06 1.886617e+03 
7.958042e-06 1.938684e+03 
7.975051e-06 2.319083e+03 
7.981733e-06 2.474169e+03 
7.994489e-06 2.773947e+03 
8.004360e-06 3.004927e+03 
8.013927e-06 3.223656e+03 
8.023798e-06 3.439727e+03 
8.033365e-06 3.635654e+03 
8.041870e-06 3.795379e+03 
8.049728e-06 3.928480e+03 
8.054018e-06 3.994532e+03 
8.065408e-06 4.144698e+03 
8.074302e-06 4.234215e+03 
8.084664e-06 4.305341e+03 
8.093120e-06 4.335770e+03 
8.111726e-06 4.313739e+03 
8.120419e-06 4.262331e+03 
8.131771e-06 4.158206e+03 
8.139530e-06 4.064717e+03 
8.144763e-06 3.992323e+03 
8.152424e-06 3.873955e+03 
8.159866e-06 3.746451e+03 
8.169433e-06 3.567170e+03 
8.177937e-06 3.396171e+03 
8.186137e-06 3.223557e+03 
8.198590e-06 2.952356e+03 
8.208309e-06 2.737566e+03 
8.219243e-06 2.497349e+03 
8.227747e-06 2.314220e+03 
8.247186e-06 1.917373e+03 
8.260246e-06 1.673621e+03 
8.266624e-06 1.562402e+03 
8.281202e-06 1.328804e+03 
8.303198e-06 1.031809e+03 
8.334578e-06 7.165851e+02 
8.352132e-06 5.879728e+02 
8.360806e-06 5.349494e+02 
8.369413e-06 4.883663e+02 
8.377952e-06 4.474745e+02 
8.394897e-06 3.798317e+02 
8.413951e-06 3.211077e+02 
8.427996e-06 2.868947e+02 
8.447950e-06 2.482206e+02 
8.460070e-06 2.291308e+02 
8.475731e-06 2.082287e+02 
8.491148e-06 1.909300e+02 
8.506325e-06 1.763852e+02 
8.521264e-06 1.639794e+02 
8.550675e-06 1.437692e+02 
8.579167e-06 1.281214e+02 
8.606769e-06 1.156332e+02 
8.633508e-06 1.054370e+02 
8.661201e-06 9.642115e+01 
8.684506e-06 8.981697e+01 
8.708816e-06 8.371766e+01 
8.732366e-06 7.845643e+01 
8.777995e-06 6.973095e+01 
8.820772e-06 6.293702e+01 
8.873715e-06 5.593466e+01 
8.898472e-06 5.308984e+01 
8.933719e-06 4.943162e+01 
8.966763e-06 4.636354e+01 
9.028721e-06 4.138218e+01 
9.092260e-06 3.709937e+01 
9.130370e-06 3.485033e+01 
9.213384e-06 3.060990e+01 
9.293685e-06 2.718472e+01 
9.384046e-06 2.392397e+01 
9.602168e-06 1.780552e+01 
9.765202e-06 1.426506e+01 
9.928236e-06 1.118208e+01 
1.002161e-05 9.513795e+00 
1.008498e-05 8.381271e+00 
1.013536e-05 7.458371e+00 
1.017315e-05 6.743185e+00 
1.020149e-05 6.191683e+00 
1.022275e-05 5.770601e+00 
1.025463e-05 5.133518e+00 
1.027057e-05 4.817416e+00 
1.028651e-05 4.507751e+00 
1.032449e-05 3.830356e+00 
1.033715e-05 3.637854e+00 
1.035142e-05 3.452085e+00 
1.036247e-05 3.337146e+00 
1.037513e-05 3.244023e+00 
1.038779e-05 3.201007e+00 
1.040678e-05 3.253525e+00 
1.041311e-05 3.308073e+00 
1.042201e-05 3.420942e+00 
1.042869e-05 3.535805e+00 
1.043369e-05 3.640294e+00 
1.043745e-05 3.729556e+00 
1.044308e-05 3.881838e+00 
1.045059e-05 4.120907e+00 
1.045525e-05 4.291273e+00 
1.046317e-05 4.622042e+00 
1.046965e-05 4.932431e+00 
1.047450e-05 5.190133e+00 
1.048542e-05 5.851983e+00 
1.050096e-05 7.001129e+00 
1.053391e-05 1.030849e+01 
1.054998e-05 1.236340e+01 
1.056369e-05 1.433509e+01 
1.057684e-05 1.640185e+01 
1.058816e-05 1.830179e+01 
1.059978e-05 2.035028e+01 
1.061077e-05 2.235772e+01 
1.062297e-05 2.463849e+01 
1.063359e-05 2.664000e+01 
1.064388e-05 2.857201e+01 
1.064976e-05 2.966519e+01 
1.066497e-05 3.240761e+01 
1.067697e-05 3.444965e+01 
1.068546e-05 3.580679e+01 
1.069568e-05 3.732461e+01 
1.070751e-05 3.889829e+01 
1.073323e-05 4.152379e+01 
1.074151e-05 4.211200e+01 
1.075975e-05 4.293470e+01 
1.076880e-05 4.309956e+01 
1.077701e-05 4.311073e+01 
1.079048e-05 4.285194e+01 
1.080148e-05 4.239738e+01 
1.080974e-05 4.192242e+01 
1.081592e-05 4.149574e+01 
1.082985e-05 4.033447e+01 
1.083449e-05 3.989111e+01 
1.085378e-05 3.779669e+01 
1.086021e-05 3.702294e+01 
1.087950e-05 3.454012e+01 
1.088593e-05 3.367374e+01 
1.091165e-05 3.012610e+01 
1.091808e-05 2.923737e+01 
1.093736e-05 2.661801e+01 
1.096596e-05 2.297459e+01 
1.102223e-05 1.704716e+01 
1.104098e-05 1.546483e+01 
1.106712e-05 1.355462e+01 
1.110186e-05 1.147228e+01 
1.113825e-05 9.731899e+00 
1.117937e-05 8.191043e+00 
1.119807e-05 7.623833e+00 
1.120496e-05 7.435856e+00 
1.122564e-05 6.942093e+00 
1.123942e-05 6.674054e+00 
1.125320e-05 6.457838e+00 
1.128076e-05 6.190920e+00 
1.128765e-05 6.160206e+00 
1.130832e-05 6.156882e+00 
1.131521e-05 6.185384e+00 
1.133109e-05 6.306171e+00 
1.134422e-05 6.461918e+00 
1.135790e-05 6.673611e+00 
1.136907e-05 6.880125e+00 
1.138373e-05 7.190168e+00 
1.142475e-05 8.203992e+00 
1.144614e-05 8.748584e+00 
1.147370e-05 9.382368e+00 
1.147715e-05 9.452588e+00 
1.150126e-05 9.868504e+00 
1.151389e-05 1.002597e+01 
1.152595e-05 1.013349e+01 
1.153800e-05 1.019775e+01 
1.154493e-05 1.021501e+01 
1.155706e-05 1.021118e+01 
1.156615e-05 1.018083e+01 
1.157979e-05 1.009393e+01 
1.159343e-05 9.962147e+00 
1.161422e-05 9.689881e+00 
1.164185e-05 9.236451e+00 
1.170405e-05 8.144002e+00 
1.173235e-05 7.733654e+00 
1.174933e-05 7.531480e+00 
1.177316e-05 7.305699e+00 
1.178745e-05 7.200815e+00 
1.181517e-05 7.052558e+00 
1.184180e-05 6.960958e+00 
1.193176e-05 6.765146e+00 
1.195773e-05 6.695228e+00 
1.202198e-05 6.471717e+00 
1.222552e-05 5.677510e+00 
1.241518e-05 5.079390e+00 
1.248896e-05 4.830888e+00 
1.254444e-05 4.627011e+00 
1.262998e-05 4.298492e+00 
1.277938e-05 3.745666e+00 
1.290011e-05 3.334030e+00 
1.293821e-05 3.208910e+00 
1.305044e-05 2.849623e+00 
1.314939e-05 2.542196e+00 
1.332803e-05 2.014378e+00 
1.343236e-05 1.730206e+00 
1.352628e-05 1.493122e+00 
1.360455e-05 1.309901e+00 
1.374153e-05 1.024990e+00 
1.384426e-05 8.488245e-01 
1.392131e-05 7.438343e-01 
1.397910e-05 6.835413e-01 
1.402244e-05 6.503681e-01 
1.406895e-05 6.278266e-01 
1.408745e-05 6.229935e-01 
1.415286e-05 6.269843e-01 
1.418729e-05 6.435456e-01 
1.422212e-05 6.712386e-01 
1.425696e-05 7.100543e-01 
1.429179e-05 7.592825e-01 
1.436146e-05 8.794185e-01 
1.439630e-05 9.413865e-01 
1.443113e-05 9.962018e-01 
1.446597e-05 1.036843e+00 
1.450951e-05 1.058706e+00 
1.452720e-05 1.056905e+00 
1.455904e-05 1.037813e+00 
1.459224e-05 9.983518e-01 
1.462272e-05 9.490115e-01 
1.464014e-05 9.175208e-01 
1.469239e-05 8.246897e-01 
1.470981e-05 7.995849e-01 
1.472722e-05 7.802867e-01 
1.474464e-05 7.686790e-01 
1.476206e-05 7.667753e-01 
1.477948e-05 7.767591e-01 
1.479689e-05 8.010394e-01 
1.481431e-05 8.423266e-01 
1.482421e-05 8.745558e-01 
1.483173e-05 9.037292e-01 
1.484914e-05 9.888767e-01 
1.487686e-05 1.184257e+00 
1.490284e-05 1.451853e+00 
1.492720e-05 1.799270e+00 
1.495004e-05 2.234552e+00 
1.497145e-05 2.765877e+00 
1.499152e-05 3.401091e+00 
1.501034e-05 4.147165e+00 
1.502798e-05 5.009664e+00 
1.506002e-05 7.096562e+00 
1.513539e-05 1.619518e+01 
1.515504e-05 2.002160e+01 
1.517224e-05 2.404969e+01 
1.520045e-05 3.229502e+01 
1.522204e-05 4.022686e+01 
1.523858e-05 4.739658e+01 
1.525208e-05 5.403215e+01 
1.526980e-05 6.389741e+01 
1.529099e-05 7.755008e+01 
1.530708e-05 8.936196e+01 
1.531865e-05 9.867286e+01 
1.533023e-05 1.086773e+02 
1.534905e-05 1.264386e+02 
1.536787e-05 1.460538e+02 
1.540551e-05 1.905679e+02 
1.541022e-05 1.965857e+02 
1.544316e-05 2.410070e+02 
1.545609e-05 2.593253e+02 
1.548080e-05 2.950306e+02 
1.549991e-05 3.227782e+02 
1.550917e-05 3.360869e+02 
1.552314e-05 3.557994e+02 
1.553755e-05 3.754708e+02 
1.555145e-05 3.935659e+02 
1.556549e-05 4.107472e+02 
1.558181e-05 4.290217e+02 
1.559607e-05 4.432482e+02 
1.561813e-05 4.615591e+02 
1.563535e-05 4.723880e+02 
1.565347e-05 4.802197e+02 
1.567059e-05 4.841050e+02 
1.570782e-05 4.805569e+02 
1.572465e-05 4.736845e+02 
1.574663e-05 4.601227e+02 
1.576166e-05 4.481148e+02 
1.577179e-05 4.388842e+02 
1.578663e-05 4.238895e+02 
1.580104e-05 4.078513e+02 
1.581956e-05 3.854734e+02 
1.583603e-05 3.643024e+02 
1.585191e-05 3.430950e+02 
1.585720e-05 3.359080e+02 
1.587602e-05 3.101036e+02 
1.589484e-05 2.842643e+02 
1.591602e-05 2.556837e+02 
1.593249e-05 2.341343e+02 
1.597013e-05 1.882202e+02 
1.598307e-05 1.737443e+02 
1.600777e-05 1.482033e+02 
1.603600e-05 1.225205e+02 
1.606595e-05 9.934796e+01 
1.607321e-05 9.433937e+01 
1.638983e-05 1.188665e+01 
1.653062e-05 2.355410e+01 
1.658148e-05 3.954674e+01 
1.660341e-05 4.913515e+01 
1.661931e-05 5.718232e+01 
1.662765e-05 6.178510e+01 
1.664643e-05 7.309847e+01 
1.665999e-05 8.209319e+01 
1.666834e-05 8.795761e+01 
1.669024e-05 1.045052e+02 
1.670068e-05 1.129441e+02 
1.670903e-05 1.199234e+02 
1.673660e-05 1.442696e+02 
1.675284e-05 1.593337e+02 
1.676653e-05 1.723031e+02 
1.677983e-05 1.850329e+02 
1.679791e-05 2.023476e+02 
1.681544e-05 2.188958e+02 
1.682599e-05 2.286421e+02 
1.683985e-05 2.410580e+02 
1.685673e-05 2.554245e+02 
1.687403e-05 2.690644e+02 
1.689053e-05 2.808271e+02 
1.690820e-05 2.918761e+02 
1.692848e-05 3.023376e+02 
1.694505e-05 3.089675e+02 
1.698345e-05 3.172600e+02 
1.699891e-05 3.177476e+02 
1.702624e-05 3.146859e+02 
1.704599e-05 3.095092e+02 
1.706513e-05 3.023156e+02 
1.708290e-05 2.939135e+02 
1.710285e-05 2.827487e+02 
1.711952e-05 2.722324e+02 
1.714094e-05 2.574339e+02 
1.716128e-05 2.423854e+02 
1.718163e-05 2.267041e+02 
1.718671e-05 2.227222e+02 
1.721787e-05 1.981666e+02 
1.722232e-05 1.946699e+02 
1.726300e-05 1.634819e+02 
1.728057e-05 1.506986e+02 
1.731409e-05 1.278802e+02 
1.734438e-05 1.093331e+02 
1.738152e-05 8.947294e+01 
1.741783e-05 7.310767e+01 
1.752156e-05 4.067824e+01 
1.756305e-05 3.229258e+01 
1.765420e-05 1.980573e+01 
1.768439e-05 1.700066e+01 
1.774153e-05 1.311107e+01 
1.775775e-05 1.232223e+01 
1.780124e-05 1.087922e+01 
1.783386e-05 1.044607e+01 
1.784473e-05 1.042732e+01 
1.785017e-05 1.044172e+01 
1.785969e-05 1.050515e+01 
1.787396e-05 1.069177e+01 
1.788823e-05 1.098816e+01 
1.789911e-05 1.128749e+01 
1.793174e-05 1.256067e+01 
1.795054e-05 1.354194e+01 
1.797297e-05 1.493557e+01 
1.803585e-05 1.994471e+01 
1.805244e-05 2.147598e+01 
1.807614e-05 2.376085e+01 
1.810090e-05 2.621727e+01 
1.811335e-05 2.745977e+01 
1.813694e-05 2.978837e+01 
1.815462e-05 3.148450e+01 
1.816596e-05 3.253612e+01 
1.818500e-05 3.422036e+01 
1.820404e-05 3.577746e+01 
1.824756e-05 3.872337e+01 
1.825300e-05 3.902204e+01 
1.829109e-05 4.062112e+01 
1.830605e-05 4.100121e+01 
1.833461e-05 4.132275e+01 
1.834549e-05 4.130525e+01 
1.836181e-05 4.113614e+01 
1.837813e-05 4.079968e+01 
1.838901e-05 4.048556e+01 
1.841039e-05 3.966977e+01 
1.842233e-05 3.910630e+01 
1.844375e-05 3.791936e+01 
1.846517e-05 3.653135e+01 
1.848693e-05 3.494844e+01 
1.850869e-05 3.322662e+01 
1.853545e-05 3.097250e+01 
1.854437e-05 3.019821e+01 
1.859054e-05 2.612209e+01 
1.860152e-05 2.515743e+01 
1.863446e-05 2.233413e+01 
1.864707e-05 2.129468e+01 
1.868488e-05 1.836375e+01 
1.874209e-05 1.459499e+01 
1.877641e-05 1.276937e+01 
1.879929e-05 1.173813e+01 
1.882217e-05 1.085167e+01 
1.884438e-05 1.012354e+01 
1.885836e-05 9.728217e+00 
1.888162e-05 9.170767e+00 
1.890489e-05 8.727607e+00 
1.892122e-05 8.477403e+00 
1.894571e-05 8.183814e+00 
1.895795e-05 8.069091e+00 
1.897020e-05 7.972857e+00 
1.898772e-05 7.863083e+00 
1.900523e-05 7.780685e+00 
1.905100e-05 7.653578e+00 
1.911381e-05 7.560263e+00 
1.915881e-05 7.472113e+00 
1.918658e-05 7.392332e+00 
1.923120e-05 7.216327e+00 
1.926990e-05 7.018787e+00 
1.933543e-05 6.615789e+00 
1.939465e-05 6.217304e+00 
1.950594e-05 5.488203e+00 
1.961916e-05 4.815894e+00 
1.967194e-05 4.515630e+00 
1.972886e-05 4.196128e+00 
1.984640e-05 3.583296e+00 
1.987242e-05 3.469418e+00 
1.989565e-05 3.379533e+00 
1.992508e-05 3.286019e+00 
1.994498e-05 3.238344e+00 
1.997021e-05 3.199453e+00 
2.000818e-05 3.194865e+00 
2.002717e-05 3.220733e+00 
2.004615e-05 3.267719e+00 
2.006221e-05 3.325202e+00 
2.007598e-05 3.388200e+00 
2.010311e-05 3.551527e+00 
2.013047e-05 3.771923e+00 
2.014791e-05 3.942706e+00 
2.015880e-05 4.061673e+00 
2.017468e-05 4.251894e+00 
2.018985e-05 4.452401e+00 
2.021567e-05 4.834584e+00 
2.031287e-05 6.673281e+00 
2.033619e-05 7.180702e+00 
2.035845e-05 7.675267e+00 
2.038071e-05 8.171898e+00 
2.039927e-05 8.581579e+00 
2.041319e-05 8.882968e+00 
2.043407e-05 9.320483e+00 
2.045743e-05 9.781278e+00 
2.047964e-05 1.018288e+01 
2.050517e-05 1.059020e+01 
2.054136e-05 1.104875e+01 
2.055370e-05 1.116953e+01 
2.058016e-05 1.136253e+01 
2.060308e-05 1.145435e+01 
2.061542e-05 1.147432e+01 
2.065245e-05 1.141123e+01 
2.067560e-05 1.128120e+01 
2.071980e-05 1.085772e+01 
2.073999e-05 1.059731e+01 
2.077028e-05 1.014292e+01 
2.080058e-05 9.629322e+00 
2.082526e-05 9.181138e+00 
2.084995e-05 8.718392e+00 
2.087464e-05 8.251936e+00 
2.091890e-05 7.438170e+00 
2.097151e-05 6.566876e+00 
2.101844e-05 5.925421e+00 
2.104745e-05 5.605397e+00 
2.106822e-05 5.414196e+00 
2.111799e-05 5.084570e+00 
2.114799e-05 4.969425e+00 
2.117799e-05 4.910905e+00 
2.122051e-05 4.911108e+00 
2.124860e-05 4.954545e+00 
2.130074e-05 5.098460e+00 
2.138446e-05 5.403635e+00 
2.143608e-05 5.580647e+00 
2.149327e-05 5.733874e+00 
2.152419e-05 5.793575e+00 
2.155510e-05 5.836983e+00 
2.159000e-05 5.868137e+00 
2.164234e-05 5.886365e+00 
2.184341e-05 5.858615e+00 
2.194054e-05 5.887630e+00 
2.205352e-05 5.972288e+00 
2.217868e-05 6.109950e+00 
2.233058e-05 6.324980e+00 
2.247137e-05 6.573401e+00 
2.260695e-05 6.856707e+00 
2.270420e-05 7.084148e+00 
2.293503e-05 7.697701e+00 
2.320172e-05 8.532195e+00 
2.340344e-05 9.259705e+00 
2.373507e-05 1.065612e+01 
2.405897e-05 1.228053e+01 
2.559763e-05 2.392660e+01 
2.598290e-05 2.800555e+01 
2.635847e-05 3.244429e+01 
2.661720e-05 3.572966e+01 
2.701226e-05 4.122066e+01 
2.771542e-05 5.250620e+01 
2.836319e-05 6.476980e+01 
2.887769e-05 7.590803e+01 
2.925945e-05 8.503155e+01 
2.986994e-05 1.011440e+02 
3.046760e-05 1.186014e+02 
3.083386e-05 1.302611e+02 
3.141247e-05 1.500611e+02 
3.203664e-05 1.731805e+02 
3.257573e-05 1.945330e+02 
3.311482e-05 2.171302e+02 
3.358612e-05 2.377004e+02 
3.393959e-05 2.536339e+02 
3.450000e-05 2.795716e+02 
3.507519e-05 3.066306e+02 
3.575293e-05 3.387662e+02 
3.630781e-05 3.651550e+02 
3.690000e-05 3.929960e+02 
3.758374e-05 4.242049e+02 
3.830000e-05 4.555411e+02 
3.900000e-05 4.844410e+02 
3.970000e-05 5.111207e+02 
4.040725e-05 5.355939e+02 
4.096000e-05 5.531377e+02 
4.177328e-05 5.762026e+02 
4.251032e-05 5.940910e+02 
4.340424e-05 6.123184e+02 
4.421425e-05 6.257091e+02 
4.506875e-05 6.368151e+02 
4.581726e-05 6.441535e+02 
4.658195e-05 6.498621e+02 
4.725511e-05 6.535534e+02 
4.819377e-05 6.568801e+02 
4.943272e-05 6.581302e+02 
5.033821e-05 6.571070e+02 
5.153326e-05 6.541801e+02 
5.465924e-05 6.419670e+02 
5.664513e-05 6.318419e+02 
5.861171e-05 6.199617e+02 
6.247818e-05 5.938607e+02 
6.460028e-05 5.782694e+02 
6.669113e-05 5.623651e+02 
6.922194e-05 5.418718e+02 
7.137920e-05 5.229508e+02 
7.348516e-05 5.046072e+02 
7.402778e-05 5.029298e+02 
7.496112e-05 5.026145e+02 
7.530863e-05 5.004999e+02 
7.548882e-05 4.985802e+02 
7.587944e-05 4.926262e+02 
7.729121e-05 4.648150e+02 
7.762945e-05 4.600408e+02 
7.804138e-05 4.565972e+02 
7.847688e-05 4.559323e+02 
7.962317e-05 4.620670e+02 
8.057500e-05 4.660278e+02 
8.230000e-05 4.664129e+02 
8.511791e-05 4.599695e+02 
8.745015e-05 4.512971e+02 
9.035195e-05 4.380755e+02 
9.294169e-05 4.243237e+02 
9.547254e-05 4.102157e+02 
9.656691e-05 4.031614e+02 
9.834975e-05 3.874373e+02 
9.909013e-05 3.828757e+02 
9.965084e-05 3.813051e+02 
1.032250e-04 3.817756e+02 
1.070000e-04 3.759664e+02 
1.120382e-04 3.629173e+02 
1.152000e-04 3.530452e+02 
1.184275e-04 3.417894e+02 
1.215560e-04 3.298049e+02 
1.246959e-04 3.166015e+02 
1.272133e-04 3.044212e+02 
1.289106e-04 2.972077e+02 
1.315033e-04 2.891626e+02 
1.359937e-04 2.787369e+02 
1.388585e-04 2.722529e+02 
1.440274e-04 2.630190e+02 
1.488864e-04 2.518580e+02 
1.515741e-04 2.449251e+02 
1.550000e-04 2.354233e+02 
1.594069e-04 2.225741e+02 
1.621810e-04 2.143211e+02 
1.668324e-04 2.004139e+02 
1.712875e-04 1.873204e+02 
1.781653e-04 1.681066e+02 
1.920000e-04 1.355832e+02 
1.942830e-04 1.313090e+02 
1.974151e-04 1.260981e+02 
2.006881e-04 1.215352e+02 
2.044160e-04 1.175481e+02 
2.081883e-04 1.149235e+02 
2.139055e-04 1.138260e+02 
2.220000e-04 1.179825e+02 
2.272429e-04 1.241976e+02 
2.331491e-04 1.345507e+02 
2.380000e-04 1.455579e+02 
2.405000e-04 1.520453e+02 
2.457600e-04 1.673597e+02 
2.520000e-04 1.882252e+02 
2.700000e-04 2.637175e+02 
2.746313e-04 2.860903e+02 
2.800000e-04 3.131203e+02 
2.861295e-04 3.451256e+02 
2.934318e-04 3.844573e+02 
3.030000e-04 4.367587e+02 
3.150000e-04 5.019582e+02 
3.257022e-04 5.592196e+02 
3.367250e-04 6.164833e+02 
3.488682e-04 6.767991e+02 
3.621050e-04 7.381341e+02 
3.724849e-04 7.859407e+02 
3.750904e-04 8.024496e+02 
3.778181e-04 8.220440e+02 
3.803829e-04 8.388446e+02 
3.820926e-04 8.474761e+02 
3.880436e-04 8.675777e+02 
3.914208e-04 8.830991e+02 
3.948390e-04 9.058317e+02 
3.975284e-04 9.267892e+02 
4.004815e-04 9.479259e+02 
4.024214e-04 9.586220e+02 
4.100000e-04 9.876271e+02 
4.264561e-04 1.066302e+03 
4.433418e-04 1.143673e+03 
4.650233e-04 1.232053e+03 
4.915200e-04 1.327310e+03 
5.211309e-04 1.419492e+03 
5.451735e-04 1.480729e+03 
5.666635e-04 1.523104e+03 
5.815313e-04 1.540987e+03 
5.893220e-04 1.547813e+03 
5.935792e-04 1.555975e+03 
5.987165e-04 1.575972e+03 
6.120966e-04 1.658873e+03 
6.211605e-04 1.699639e+03 
6.383144e-04 1.751866e+03 
6.651686e-04 1.813927e+03 
6.920140e-04 1.861951e+03 
7.056965e-04 1.881877e+03 
7.280264e-04 1.927571e+03 
7.500000e-04 1.964497e+03 
7.873054e-04 2.009312e+03 
8.191366e-04 2.038181e+03 
8.517382e-04 2.085000e+03 
8.762982e-04 2.114783e+03 
9.225714e-04 2.154626e+03 
9.688354e-04 2.183771e+03 
1.020352e-03 2.206602e+03 
1.080192e-03 2.223360e+03 
1.142622e-03 2.228201e+03 
1.209385e-03 2.222977e+03 
1.273733e-03 2.212258e+03 
1.349674e-03 2.194140e+03 
1.436626e-03 2.166063e+03 
1.529567e-03 2.122841e+03 
1.627243e-03 2.067997e+03 
1.716673e-03 2.010689e+03 
1.814243e-03 1.938672e+03 
1.902023e-03 1.860404e+03 
1.975773e-03 1.783063e+03 
2.044357e-03 1.700941e+03 
2.102971e-03 1.620599e+03 
2.150625e-03 1.545325e+03 
2.194068e-03 1.466088e+03 
2.223240e-03 1.404760e+03 
2.256548e-03 1.323074e+03 
2.280999e-03 1.251911e+03 
2.303185e-03 1.174481e+03 
2.320283e-03 1.101659e+03 
2.333597e-03 1.034461e+03 
2.342537e-03 9.848619e+02 
2.361158e-03 8.838729e+02 
2.367020e-03 8.586276e+02 
2.370201e-03 8.474276e+02 
2.373344e-03 8.384451e+02 
2.375795e-03 8.330218e+02 
2.378935e-03 8.282657e+02 
2.382610e-03 8.260036e+02 
2.386121e-03 8.272866e+02 
2.390966e-03 8.345914e+02 
2.395787e-03 8.479389e+02 
2.399907e-03 8.636695e+02 
2.405250e-03 8.889822e+02 
2.423059e-03 9.932388e+02 
2.427733e-03 1.020488e+03 
2.432220e-03 1.045087e+03 
2.437513e-03 1.071592e+03 
2.445467e-03 1.105949e+03 
2.453151e-03 1.133750e+03 
2.475000e-03 1.205803e+03 
2.481682e-03 1.232882e+03 
2.488393e-03 1.264699e+03 
2.496645e-03 1.310419e+03 
2.518596e-03 1.455598e+03 
2.526641e-03 1.510219e+03 
2.536049e-03 1.570503e+03 
2.549201e-03 1.645270e+03 
2.560474e-03 1.700172e+03 
2.581774e-03 1.786117e+03 
2.608739e-03 1.875506e+03 
2.641725e-03 1.968706e+03 
2.674877e-03 2.048053e+03 
2.718193e-03 2.133486e+03 
2.755181e-03 2.190431e+03 
2.780040e-03 2.218305e+03 
2.806488e-03 2.237382e+03 
2.837678e-03 2.245719e+03 
2.861846e-03 2.240537e+03 
2.895626e-03 2.219841e+03 
2.909042e-03 2.214908e+03 
2.919315e-03 2.216824e+03 
2.930381e-03 2.226873e+03 
2.938495e-03 2.240216e+03 
2.948437e-03 2.263246e+03 
2.970383e-03 2.332416e+03 
2.995624e-03 2.416477e+03 
3.009561e-03 2.455132e+03 
3.025788e-03 2.491072e+03 
3.046995e-03 2.525945e+03 
3.076498e-03 2.560270e+03 
3.111050e-03 2.589222e+03 
3.149575e-03 2.612467e+03 
3.192647e-03 2.629800e+03 
3.239867e-03 2.640370e+03 
3.283445e-03 2.642438e+03 
3.321076e-03 2.636425e+03 
3.372601e-03 2.620515e+03 
3.393321e-03 2.620691e+03 
3.418938e-03 2.633063e+03 
3.479735e-03 2.686127e+03 
3.507122e-03 2.701980e+03 
3.541951e-03 2.712296e+03 
3.604271e-03 2.712880e+03 
3.660936e-03 2.712507e+03 
3.714295e-03 2.736418e+03 
3.777387e-03 2.768607e+03 
3.812951e-03 2.778507e+03 
3.917930e-03 2.788263e+03 
4.083443e-03 2.779853e+03 
4.295055e-03 2.750454e+03 
4.507194e-03 2.710028e+03 
4.838241e-03 2.631487e+03 
5.166527e-03 2.545620e+03 
5.588747e-03 2.428297e+03 
6.095369e-03 2.288986e+03 
6.568819e-03 2.163129e+03 
7.110484e-03 2.025575e+03 
7.729030e-03 1.878910e+03 
8.438962e-03 1.723412e+03 
8.782574e-03 1.653199e+03 
9.515629e-03 1.509754e+03 
9.951868e-03 1.429504e+03 
1.028929e-02 1.368488e+03 
1.064052e-02 1.306098e+03 
1.092540e-02 1.255630e+03 
1.118789e-02 1.208764e+03 
1.140997e-02 1.168028e+03 
1.159205e-02 1.133465e+03 
1.176319e-02 1.099347e+03 
1.190214e-02 1.069877e+03 
1.202219e-02 1.042423e+03 
1.211818e-02 1.018334e+03 
1.220388e-02 9.941787e+02 
1.227522e-02 9.710797e+02 
1.233095e-02 9.504896e+02 
1.241272e-02 9.161692e+02 
1.251330e-02 8.730286e+02 
1.255798e-02 8.577714e+02 
1.260738e-02 8.468713e+02 
1.263300e-02 8.442780e+02 
1.267617e-02 8.449624e+02 
1.272242e-02 8.522487e+02 
1.277921e-02 8.681259e+02 
1.289341e-02 9.074115e+02 
1.297110e-02 9.294092e+02 
1.300813e-02 9.374803e+02 
1.306544e-02 9.471073e+02 
1.314026e-02 9.554946e+02 
1.321996e-02 9.607823e+02 
1.330683e-02 9.636762e+02 
1.349786e-02 9.632111e+02 
1.363207e-02 9.589953e+02 
1.375751e-02 9.528366e+02 
1.390635e-02 9.430203e+02 
1.402732e-02 9.330436e+02 
1.412988e-02 9.229537e+02 
1.424105e-02 9.098242e+02 
1.432335e-02 8.981129e+02 
1.445458e-02 8.752991e+02 
1.459180e-02 8.501405e+02 
1.466498e-02 8.406075e+02 
1.473160e-02 8.365453e+02 
1.479886e-02 8.372251e+02 
1.492279e-02 8.465913e+02 
1.506950e-02 8.573146e+02 
1.532377e-02 8.664453e+02 
1.547737e-02 8.788515e+02 
1.566437e-02 8.947495e+02 
1.583007e-02 9.023850e+02 
1.607495e-02 9.053052e+02 
1.634651e-02 9.030192e+02 
1.670167e-02 8.954759e+02 
1.712971e-02 8.827441e+02 
1.784431e-02 8.563829e+02 
1.873016e-02 8.198218e+02 
2.003614e-02 7.650085e+02 
2.165833e-02 7.001769e+02 
2.370404e-02 6.268240e+02 
2.629085e-02 5.478960e+02 
2.964137e-02 4.648680e+02 
3.343730e-02 3.912676e+02 
3.595591e-02 3.513463e+02 
3.916458e-02 3.078766e+02 
4.251750e-02 2.695656e+02 
5.027791e-02 2.039843e+02 
5.666693e-02 1.660352e+02 
6.133048e-02 1.441795e+02 
6.646473e-02 1.243757e+02 
7.142377e-02 1.084397e+02 
7.512528e-02 9.797506e+01 
7.797788e-02 9.040317e+01 
8.009042e-02 8.483365e+01 
8.161438e-02 8.062691e+01 
8.218729e-02 7.892797e+01 
8.270683e-02 7.727569e+01 
8.314403e-02 7.575612e+01 
8.379138e-02 7.319864e+01 
8.498783e-02 6.805523e+01 
8.532661e-02 6.701581e+01 
8.565493e-02 6.642555e+01 
8.597012e-02 6.629150e+01 
8.635626e-02 6.664982e+01 
8.697173e-02 6.793664e+01 
8.767572e-02 6.947346e+01 
8.820081e-02 7.024838e+01 
8.893769e-02 7.078461e+01 
8.992005e-02 7.088021e+01 
9.115690e-02 7.050264e+01 
9.274053e-02 6.962252e+01 
9.576652e-02 6.742562e+01 
9.811150e-02 6.551233e+01 
1.027132e-01 6.160491e+01 
1.081760e-01 5.705475e+01 
1.152993e-01 5.159042e+01 
1.248468e-01 4.520825e+01 
1.388414e-01 3.762377e+01 
1.654329e-01 2.757023e+01 
2.011315e-01 1.935542e+01 
2.432842e-01 1.361947e+01 
2.952395e-01 9.463687e+00 
3.755786e-01 5.976755e+00 
5.203493e-01 3.181077e+00 
8.054847e-01 1.354033e+00 
1.286622e+00 5.380330e-01 
2.341267e+00 1.638380e-01 
7.070513e+00 1.802908e-02 
2.135261e+01 1.977372e-03 
6.448384e+01 2.168209e-04 
1.947381e+02 2.377401e-05 
5.880996e+02 2.606769e-06 
1.995262e+03 2.264667e-07 
6.309573e+03 2.264667e-08 
1.995262e+04 2.264667e-09 
6.309573e+04 2.264670e-10 
1.000000e+05 9.015800e-11 
-1           -1           
-2           -2           
