% -----------------------------------------------------------------------
%   Program Name: re-cs-44.dat 
%   Author: the Geant4 Collaboration
%   Organization: the Geant4 Collaboration
%   Version: unknown
%   Date: circa 2006
%   Class: Public
%   Copyright (c) Copyright Holders of the Geant4 Collaboration, 1994-2006.
%   See http://cern.ch/geant4/license for details on the copyright holders.
%   All rights not expressly granted under this license are reserved.
% -----------------------------------------------------------------------
1.000000e-06 8.806292e-03 
1.092877e-06 1.307640e-02 
1.127029e-06 1.501754e-02 
1.162249e-06 1.728263e-02 
1.233966e-06 2.284978e-02 
1.301476e-06 2.949609e-02 
1.364832e-06 3.726218e-02 
1.395034e-06 4.157851e-02 
1.480977e-06 5.656885e-02 
1.583942e-06 8.037182e-02 
1.630650e-06 9.380667e-02 
1.674439e-06 1.083823e-01 
1.715491e-06 1.240625e-01 
1.753977e-06 1.407979e-01 
1.790057e-06 1.585288e-01 
1.823883e-06 1.771865e-01 
1.885324e-06 2.169807e-01 
1.913196e-06 2.381501e-01 
1.965455e-06 2.835048e-01 
2.011182e-06 3.302928e-01 
2.051193e-06 3.779077e-01 
2.086202e-06 4.255534e-01 
2.116835e-06 4.726114e-01 
2.143640e-06 5.188606e-01 
2.190547e-06 6.115610e-01 
2.225727e-06 6.925705e-01 
2.252113e-06 7.617910e-01 
2.291691e-06 8.806273e-01 
2.342745e-06 1.063195e+00 
2.382912e-06 1.238697e+00 
2.423079e-06 1.450550e+00 
2.446031e-06 1.591847e+00 
2.477503e-06 1.812891e+00 
2.505041e-06 2.036304e+00 
2.529137e-06 2.259980e+00 
2.550221e-06 2.481337e+00 
2.568669e-06 2.698154e+00 
2.584811e-06 2.908075e+00 
2.613060e-06 3.326407e+00 
2.634247e-06 3.690685e+00 
2.650137e-06 3.998594e+00 
2.673972e-06 4.525156e+00 
2.704447e-06 5.334262e+00 
2.724368e-06 5.968749e+00 
2.744289e-06 6.709029e+00 
2.764210e-06 7.578096e+00 
2.784131e-06 8.606177e+00 
2.804052e-06 9.834068e+00 
2.823973e-06 1.131664e+01 
2.830613e-06 1.187946e+01 
2.843503e-06 1.308820e+01 
2.855587e-06 1.438253e+01 
2.866916e-06 1.576461e+01 
2.880000e-06 1.760599e+01 
2.887494e-06 1.880175e+01 
2.896829e-06 2.046199e+01 
2.905581e-06 2.221999e+01 
2.913785e-06 2.407785e+01 
2.921477e-06 2.603730e+01 
2.928688e-06 2.809981e+01 
2.935448e-06 3.026674e+01 
2.941786e-06 3.253965e+01 
2.947727e-06 3.492060e+01 
2.958868e-06 4.020231e+01 
2.968616e-06 4.599089e+01 
2.977145e-06 5.231758e+01 
2.984609e-06 5.919015e+01 
2.991139e-06 6.657195e+01 
2.996853e-06 7.437477e+01 
3.001853e-06 8.246737e+01 
3.006228e-06 9.069404e+01 
3.010056e-06 9.889521e+01 
3.016336e-06 1.146583e+02 
3.025312e-06 1.428887e+02 
3.037786e-06 1.945227e+02 
3.044327e-06 2.272134e+02 
3.049933e-06 2.577369e+02 
3.051801e-06 2.683019e+02 
3.059276e-06 3.116092e+02 
3.060211e-06 3.170573e+02 
3.066751e-06 3.545582e+02 
3.069321e-06 3.686905e+02 
3.074226e-06 3.940761e+02 
3.076795e-06 4.063024e+02 
3.079248e-06 4.171487e+02 
3.081701e-06 4.271025e+02 
3.084971e-06 4.388637e+02 
3.089176e-06 4.512782e+02 
3.092913e-06 4.596854e+02 
3.097585e-06 4.668296e+02 
3.102490e-06 4.707868e+02 
3.105468e-06 4.717967e+02 
3.118518e-06 4.727301e+02 
3.123118e-06 4.760743e+02 
3.126899e-06 4.819688e+02 
3.130444e-06 4.909653e+02 
3.133550e-06 5.021742e+02 
3.136854e-06 5.180001e+02 
3.137738e-06 5.229639e+02 
3.141580e-06 5.483743e+02 
3.145153e-06 5.777802e+02 
3.147001e-06 5.952222e+02 
3.151581e-06 6.449180e+02 
3.156449e-06 7.072402e+02 
3.165376e-06 8.418632e+02 
3.170762e-06 9.306804e+02 
3.174456e-06 9.922326e+02 
3.178343e-06 1.055693e+03 
3.182107e-06 1.114193e+03 
3.183849e-06 1.139835e+03 
3.188653e-06 1.204279e+03 
3.192502e-06 1.247803e+03 
3.196436e-06 1.283356e+03 
3.199576e-06 1.304543e+03 
3.207145e-06 1.327076e+03 
3.209247e-06 1.325948e+03 
3.215071e-06 1.306245e+03 
3.218730e-06 1.281963e+03 
3.222276e-06 1.250383e+03 
3.226179e-06 1.207411e+03 
3.229961e-06 1.158646e+03 
3.233324e-06 1.110408e+03 
3.236566e-06 1.060399e+03 
3.241489e-06 9.797277e+02 
3.245332e-06 9.143564e+02 
3.249655e-06 8.399563e+02 
3.253017e-06 7.824332e+02 
3.260702e-06 6.556711e+02 
3.263344e-06 6.144436e+02 
3.268388e-06 5.400606e+02 
3.274152e-06 4.628819e+02 
3.281916e-06 3.731181e+02 
3.296774e-06 2.454821e+02 
3.303294e-06 2.054280e+02 
3.306535e-06 1.885306e+02 
3.309764e-06 1.734614e+02 
3.316195e-06 1.480353e+02 
3.322577e-06 1.278677e+02 
3.328908e-06 1.118098e+02 
3.335191e-06 9.892443e+01 
3.341424e-06 8.847145e+01 
3.347608e-06 7.988098e+01 
3.353744e-06 7.272241e+01 
3.359832e-06 6.667427e+01 
3.365873e-06 6.149779e+01 
3.371866e-06 5.701543e+01 
3.377813e-06 5.309424e+01 
3.389613e-06 4.653286e+01 
3.401228e-06 4.128323e+01 
3.412663e-06 3.699065e+01 
3.423918e-06 3.342069e+01 
3.434998e-06 3.041094e+01 
3.445905e-06 2.784458e+01 
3.456641e-06 2.563500e+01 
3.467209e-06 2.371633e+01 
3.477613e-06 2.203744e+01 
3.487853e-06 2.055798e+01 
3.508015e-06 1.805716e+01 
3.527546e-06 1.604906e+01 
3.546467e-06 1.440690e+01 
3.564797e-06 1.304410e+01 
3.582554e-06 1.189876e+01 
3.600000e-06 1.091240e+01 
3.616421e-06 1.008998e+01 
3.632564e-06 9.366927e+00 
3.648204e-06 8.735999e+00 
3.678505e-06 7.674233e+00 
3.706912e-06 6.834159e+00 
3.733544e-06 6.156561e+00 
3.758511e-06 5.601603e+00 
3.803862e-06 4.753985e+00 
3.845007e-06 4.122321e+00 
3.912510e-06 3.290116e+00 
4.024488e-06 2.295960e+00 
4.078755e-06 1.928325e+00 
4.143194e-06 1.556735e+00 
4.183885e-06 1.353213e+00 
4.224577e-06 1.170530e+00 
4.255096e-06 1.045137e+00 
4.285615e-06 9.287774e-01 
4.316133e-06 8.213337e-01 
4.336479e-06 7.545713e-01 
4.453156e-06 4.177748e-01 
4.496909e-06 3.109943e-01 
4.535194e-06 2.287519e-01 
4.568693e-06 1.649931e-01 
4.598005e-06 1.160317e-01 
4.623652e-06 7.934721e-02 
4.646094e-06 5.298024e-02 
4.665730e-06 3.530702e-02 
4.682912e-06 2.485650e-02 
4.697946e-06 2.014819e-02 
4.711101e-06 1.966047e-02 
4.722612e-06 2.196018e-02 
4.727648e-06 2.371133e-02 
4.732369e-06 2.573463e-02 
4.736795e-06 2.795015e-02 
4.744834e-06 3.273465e-02 
4.755106e-06 4.035033e-02 
4.760928e-06 4.559535e-02 
4.766045e-06 5.096579e-02 
4.770543e-06 5.646469e-02 
4.776289e-06 6.491475e-02 
4.781023e-06 7.347330e-02 
4.786066e-06 8.468925e-02 
4.788594e-06 9.131896e-02 
4.793467e-06 1.064184e-01 
4.797605e-06 1.221046e-01 
4.801093e-06 1.377670e-01 
4.805587e-06 1.618122e-01 
4.812106e-06 2.059477e-01 
4.826325e-06 3.520429e-01 
4.832110e-06 4.361355e-01 
4.837943e-06 5.381960e-01 
4.841276e-06 6.049605e-01 
4.847639e-06 7.506223e-01 
4.849323e-06 7.933062e-01 
4.855216e-06 9.567504e-01 
4.860372e-06 1.117854e+00 
4.861853e-06 1.167223e+00 
4.873015e-06 1.581966e+00 
4.877989e-06 1.788892e+00 
4.885943e-06 2.142341e+00 
4.889970e-06 2.329277e+00 
4.894452e-06 2.541121e+00 
4.897332e-06 2.678380e+00 
4.900213e-06 2.815671e+00 
4.905181e-06 3.050395e+00 
4.908985e-06 3.226331e+00 
4.913256e-06 3.417573e+00 
4.917970e-06 3.617957e+00 
4.921410e-06 3.755251e+00 
4.927321e-06 3.969628e+00 
4.932297e-06 4.125338e+00 
4.935807e-06 4.219757e+00 
4.939853e-06 4.311451e+00 
4.945027e-06 4.400197e+00 
4.957426e-06 4.474630e+00 
4.962631e-06 4.446830e+00 
4.967941e-06 4.383617e+00 
4.973060e-06 4.291142e+00 
4.977414e-06 4.189884e+00 
4.983012e-06 4.032149e+00 
4.987263e-06 3.894084e+00 
4.991811e-06 3.731419e+00 
4.995525e-06 3.588902e+00 
5.000400e-06 3.391261e+00 
5.005101e-06 3.192130e+00 
5.011329e-06 2.920387e+00 
5.015989e-06 2.714562e+00 
5.021901e-06 2.454717e+00 
5.026334e-06 2.263212e+00 
5.029298e-06 2.137719e+00 
5.037103e-06 1.820591e+00 
5.039705e-06 1.719984e+00 
5.048994e-06 1.385367e+00 
5.053099e-06 1.250781e+00 
5.055704e-06 1.169853e+00 
5.059611e-06 1.055052e+00 
5.063518e-06 9.482077e-01 
5.069471e-06 8.006142e-01 
5.075424e-06 6.709762e-01 
5.081666e-06 5.534811e-01 
5.088344e-06 4.472841e-01 
5.097019e-06 3.366201e-01 
5.105425e-06 2.550301e-01 
5.109529e-06 2.231215e-01 
5.113570e-06 1.961775e-01 
5.117547e-06 1.735539e-01 
5.125378e-06 1.387594e-01 
5.132963e-06 1.151162e-01 
5.140312e-06 9.939461e-02 
5.147431e-06 8.911530e-02 
5.161009e-06 7.802934e-02 
5.170616e-06 7.382315e-02 
5.182960e-06 7.026326e-02 
5.194532e-06 6.816341e-02 
5.205382e-06 6.803973e-02 
5.215553e-06 7.105409e-02 
5.225088e-06 7.836994e-02 
5.234028e-06 9.087711e-02 
5.242409e-06 1.091270e-01 
5.250266e-06 1.333669e-01 
5.257632e-06 1.636084e-01 
5.264537e-06 1.996961e-01 
5.283150e-06 3.438111e-01 
5.293771e-06 4.653058e-01 
5.303065e-06 6.022833e-01 
5.311197e-06 7.512060e-01 
5.324538e-06 1.071318e+00 
5.358927e-06 2.635869e+00 
5.374727e-06 4.003134e+00 
5.407759e-06 9.639514e+00 
5.420972e-06 1.359542e+01 
5.430554e-06 1.732976e+01 
5.438591e-06 2.112190e+01 
5.446676e-06 2.561480e+01 
5.454465e-06 3.064083e+01 
5.480473e-06 5.273182e+01 
5.494792e-06 6.821815e+01 
5.496473e-06 7.016323e+01 
5.509119e-06 8.541981e+01 
5.513675e-06 9.109317e+01 
5.522373e-06 1.019677e+02 
5.526094e-06 1.065724e+02 
5.532424e-06 1.142338e+02 
5.537270e-06 1.198781e+02 
5.541228e-06 1.242950e+02 
5.547129e-06 1.304777e+02 
5.553102e-06 1.361419e+02 
5.560051e-06 1.418326e+02 
5.564945e-06 1.451796e+02 
5.571743e-06 1.488226e+02 
5.577985e-06 1.510609e+02 
5.585902e-06 1.522925e+02 
5.590247e-06 1.521875e+02 
5.603249e-06 1.486009e+02 
5.607972e-06 1.461355e+02 
5.610400e-06 1.446418e+02 
5.618285e-06 1.388104e+02 
5.623888e-06 1.338409e+02 
5.627776e-06 1.300397e+02 
5.631303e-06 1.263709e+02 
5.637091e-06 1.199627e+02 
5.643590e-06 1.123085e+02 
5.649018e-06 1.056513e+02 
5.654252e-06 9.909254e+01 
5.655997e-06 9.688940e+01 
5.662678e-06 8.844044e+01 
5.667689e-06 8.215403e+01 
5.670982e-06 7.807657e+01 
5.676663e-06 7.119295e+01 
5.682344e-06 6.455640e+01 
5.695247e-06 5.069437e+01 
5.700071e-06 4.602382e+01 
5.711083e-06 3.654716e+01 
5.725154e-06 2.699886e+01 
5.735541e-06 2.185241e+01 
5.740355e-06 2.001383e+01 
5.743172e-06 1.909673e+01 
5.745636e-06 1.838948e+01 
5.747793e-06 1.784294e+01 
5.751567e-06 1.704716e+01 
5.757228e-06 1.623069e+01 
5.760058e-06 1.598886e+01 
5.763109e-06 1.584984e+01 
5.765913e-06 1.583143e+01 
5.768513e-06 1.590618e+01 
5.773129e-06 1.625147e+01 
5.776234e-06 1.663242e+01 
5.779369e-06 1.713453e+01 
5.782685e-06 1.779008e+01 
5.784794e-06 1.827134e+01 
5.789538e-06 1.952980e+01 
5.794883e-06 2.122275e+01 
5.803536e-06 2.451938e+01 
5.815065e-06 2.979249e+01 
5.822415e-06 3.354329e+01 
5.827541e-06 3.627837e+01 
5.833286e-06 3.941210e+01 
5.838965e-06 4.253517e+01 
5.845370e-06 4.602723e+01 
5.855329e-06 5.124104e+01 
5.861756e-06 5.436918e+01 
5.867052e-06 5.675731e+01 
5.873567e-06 5.941443e+01 
5.878791e-06 6.129250e+01 
5.883264e-06 6.270556e+01 
5.889667e-06 6.439618e+01 
5.895028e-06 6.549767e+01 
5.898150e-06 6.600437e+01 
5.908818e-06 6.698402e+01 
5.913709e-06 6.705032e+01 
5.918147e-06 6.690986e+01 
5.925427e-06 6.628638e+01 
5.931373e-06 6.543976e+01 
5.939177e-06 6.391565e+01 
5.946702e-06 6.205985e+01 
5.955672e-06 5.944228e+01 
5.962134e-06 5.734157e+01 
5.971495e-06 5.406940e+01 
5.974616e-06 5.293575e+01 
5.988731e-06 4.767636e+01 
6.008801e-06 4.026968e+01 
6.023182e-06 3.532024e+01 
6.035058e-06 3.157068e+01 
6.063709e-06 2.396751e+01 
6.085442e-06 1.953702e+01 
6.106749e-06 1.616319e+01 
6.113298e-06 1.529155e+01 
6.127281e-06 1.365340e+01 
6.138152e-06 1.256477e+01 
6.150138e-06 1.152428e+01 
6.162755e-06 1.058304e+01 
6.183803e-06 9.295529e+00 
6.201377e-06 8.430141e+00 
6.225453e-06 7.469180e+00 
6.246289e-06 6.790514e+00 
6.265232e-06 6.264025e+00 
6.290003e-06 5.674058e+00 
6.319755e-06 5.077667e+00 
6.348703e-06 4.587239e+00 
6.389107e-06 4.014994e+00 
6.433436e-06 3.498722e+00 
6.507484e-06 2.811200e+00 
6.623400e-06 2.011722e+00 
6.702955e-06 1.583790e+00 
6.782510e-06 1.217780e+00 
6.871195e-06 8.614884e-01 
6.914894e-06 7.006862e-01 
6.952052e-06 5.706299e-01 
6.982147e-06 4.698816e-01 
6.998960e-06 4.156959e-01 
7.015773e-06 3.634946e-01 
7.032586e-06 3.140561e-01 
7.066213e-06 2.297970e-01 
7.083026e-06 2.007804e-01 
7.099839e-06 1.869855e-01 
7.108246e-06 1.880318e-01 
7.116653e-06 1.958618e-01 
7.125059e-06 2.117804e-01 
7.133466e-06 2.372364e-01 
7.136855e-06 2.505519e-01 
7.142878e-06 2.790047e-01 
7.147396e-06 3.046856e-01 
7.154172e-06 3.508288e-01 
7.160948e-06 4.069324e-01 
7.179694e-06 6.214165e-01 
7.196113e-06 8.909356e-01 
7.204429e-06 1.059307e+00 
7.207633e-06 1.130042e+00 
7.216773e-06 1.349835e+00 
7.223072e-06 1.516534e+00 
7.228549e-06 1.671234e+00 
7.238035e-06 1.959213e+00 
7.242973e-06 2.118331e+00 
7.246251e-06 2.227047e+00 
7.251209e-06 2.395728e+00 
7.257638e-06 2.620952e+00 
7.262346e-06 2.789576e+00 
7.269438e-06 3.047495e+00 
7.275241e-06 3.260206e+00 
7.282765e-06 3.535146e+00 
7.287154e-06 3.693644e+00 
7.294508e-06 3.953359e+00 
7.302048e-06 4.208371e+00 
7.309783e-06 4.453729e+00 
7.312183e-06 4.525808e+00 
7.321135e-06 4.774779e+00 
7.328828e-06 4.960183e+00 
7.333693e-06 5.062115e+00 
7.340673e-06 5.185804e+00 
7.348751e-06 5.293626e+00 
7.354412e-06 5.345505e+00 
7.363868e-06 5.387273e+00 
7.371978e-06 5.377965e+00 
7.384306e-06 5.285608e+00 
7.392142e-06 5.180288e+00 
7.395882e-06 5.118085e+00 
7.401492e-06 5.011240e+00 
7.407102e-06 4.889243e+00 
7.413635e-06 4.729895e+00 
7.422209e-06 4.496248e+00 
7.430477e-06 4.249430e+00 
7.433233e-06 4.163377e+00 
7.442055e-06 3.878359e+00 
7.448672e-06 3.657943e+00 
7.450877e-06 3.583731e+00 
7.464110e-06 3.137353e+00 
7.468522e-06 2.990318e+00 
7.486166e-06 2.428646e+00 
7.492103e-06 2.253613e+00 
7.521455e-06 1.540066e+00 
7.526147e-06 1.453505e+00 
7.530625e-06 1.378655e+00 
7.535103e-06 1.311547e+00 
7.546882e-06 1.172669e+00 
7.551504e-06 1.133192e+00 
7.565367e-06 1.065001e+00 
7.567678e-06 1.060817e+00 
7.583852e-06 1.085855e+00 
7.586162e-06 1.096794e+00 
7.590206e-06 1.120056e+00 
7.602337e-06 1.218919e+00 
7.610212e-06 1.303663e+00 
7.620383e-06 1.432425e+00 
7.636698e-06 1.670354e+00 
7.647409e-06 1.836568e+00 
7.655844e-06 1.966988e+00 
7.667033e-06 2.132396e+00 
7.675120e-06 2.242286e+00 
7.681763e-06 2.324187e+00 
7.688261e-06 2.395548e+00 
7.695915e-06 2.466931e+00 
7.713245e-06 2.570910e+00 
7.719599e-06 2.587477e+00 
7.731729e-06 2.586267e+00 
7.737040e-06 2.572467e+00 
7.743102e-06 2.547309e+00 
7.747648e-06 2.522186e+00 
7.754467e-06 2.475159e+00 
7.761286e-06 2.417973e+00 
7.765450e-06 2.378621e+00 
7.774820e-06 2.279802e+00 
7.784802e-06 2.162677e+00 
7.791660e-06 2.077747e+00 
7.805668e-06 1.900903e+00 
7.824153e-06 1.680038e+00 
7.833332e-06 1.583194e+00 
7.842638e-06 1.497237e+00 
7.852068e-06 1.424545e+00 
7.856829e-06 1.393741e+00 
7.871113e-06 1.325736e+00 
7.879607e-06 1.302302e+00 
7.885807e-06 1.292687e+00 
7.889346e-06 1.289839e+00 
7.895537e-06 1.289100e+00 
7.900181e-06 1.291775e+00 
7.910630e-06 1.306255e+00 
7.924716e-06 1.338772e+00 
7.947296e-06 1.399301e+00 
7.966341e-06 1.434088e+00 
7.968722e-06 1.436346e+00 
7.985387e-06 1.435210e+00 
7.990148e-06 1.428938e+00 
7.997290e-06 1.414291e+00 
8.004432e-06 1.393340e+00 
8.009858e-06 1.373291e+00 
8.014605e-06 1.352926e+00 
8.022913e-06 1.311336e+00 
8.029144e-06 1.275611e+00 
8.039032e-06 1.212153e+00 
8.047837e-06 1.150149e+00 
8.053666e-06 1.107105e+00 
8.059495e-06 1.063073e+00 
8.073844e-06 9.538556e-01 
8.097758e-06 7.870258e-01 
8.115842e-06 6.904632e-01 
8.124290e-06 6.576761e-01 
8.128370e-06 6.450088e-01 
8.136020e-06 6.271193e-01 
8.155405e-06 6.173763e-01 
8.157877e-06 6.198387e-01 
8.162204e-06 6.261328e-01 
8.168695e-06 6.402174e-01 
8.175186e-06 6.596784e-01 
8.178798e-06 6.727345e-01 
8.185119e-06 6.992048e-01 
8.189859e-06 7.219040e-01 
8.196970e-06 7.601293e-01 
8.208493e-06 8.312397e-01 
8.226346e-06 9.575459e-01 
8.239373e-06 1.056040e+00 
8.249464e-06 1.132512e+00 
8.259554e-06 1.206741e+00 
8.271713e-06 1.290306e+00 
8.280832e-06 1.346937e+00 
8.283872e-06 1.364423e+00 
8.313655e-06 1.490709e+00 
8.316654e-06 1.498391e+00 
8.337648e-06 1.524640e+00 
8.341880e-06 1.524146e+00 
8.349286e-06 1.518790e+00 
8.360877e-06 1.499531e+00 
8.371505e-06 1.471285e+00 
8.378420e-06 1.448131e+00 
8.390521e-06 1.400041e+00 
8.399596e-06 1.358943e+00 
8.413210e-06 1.291921e+00 
8.426823e-06 1.221888e+00 
8.452335e-06 1.095217e+00 
8.477058e-06 9.939080e-01 
8.503642e-06 9.216955e-01 
8.511374e-06 9.085715e-01 
8.534839e-06 8.892716e-01 
8.542213e-06 8.888913e-01 
8.555416e-06 8.936951e-01 
8.564938e-06 9.006775e-01 
8.590607e-06 9.281526e-01 
8.619150e-06 9.608366e-01 
8.632719e-06 9.732342e-01 
8.641347e-06 9.794485e-01 
8.656022e-06 9.866976e-01 
8.675226e-06 9.899245e-01 
8.690219e-06 9.881826e-01 
8.719233e-06 9.781177e-01 
8.761466e-06 9.619656e-01 
8.790232e-06 9.583190e-01 
8.817751e-06 9.626758e-01 
8.851181e-06 9.767002e-01 
8.949148e-06 1.035487e+00 
9.015107e-06 1.068062e+00 
9.191744e-06 1.148711e+00 
9.407989e-06 1.260323e+00 
9.630216e-06 1.394014e+00 
9.848740e-06 1.542918e+00 
1.008872e-05 1.729326e+00 
1.024636e-05 1.865964e+00 
1.042081e-05 2.032094e+00 
1.073166e-05 2.378833e+00 
1.113831e-05 2.887703e+00 
1.141321e-05 3.268967e+00 
1.181124e-05 3.870433e+00 
1.217415e-05 4.477671e+00 
1.292490e-05 5.869464e+00 
1.333521e-05 6.722604e+00 
1.385000e-05 7.973630e+00 
1.435083e-05 9.311577e+00 
1.520882e-05 1.195018e+01 
1.604792e-05 1.496559e+01 
1.757924e-05 2.166365e+01 
1.865174e-05 2.734043e+01 
1.975000e-05 3.409973e+01 
2.162719e-05 4.775191e+01 
2.300000e-05 5.941398e+01 
2.426610e-05 7.115810e+01 
2.540973e-05 8.236650e+01 
2.643008e-05 9.257859e+01 
2.729651e-05 1.012222e+02 
2.790640e-05 1.071566e+02 
2.862500e-05 1.139044e+02 
2.989063e-05 1.253923e+02 
3.273407e-05 1.544707e+02 
3.403924e-05 1.697514e+02 
3.467599e-05 1.784150e+02 
3.549131e-05 1.908443e+02 
3.599067e-05 1.999358e+02 
3.657974e-05 2.124368e+02 
3.698359e-05 2.225778e+02 
3.731004e-05 2.321885e+02 
3.769790e-05 2.458048e+02 
3.803879e-05 2.603985e+02 
3.833841e-05 2.759693e+02 
3.863461e-05 2.948135e+02 
3.883318e-05 3.100538e+02 
3.903660e-05 3.285984e+02 
3.921539e-05 3.481152e+02 
3.937252e-05 3.685426e+02 
3.957746e-05 4.015354e+02 
3.971406e-05 4.291823e+02 
3.979673e-05 4.489844e+02 
3.988627e-05 4.738830e+02 
3.997735e-05 5.039838e+02 
4.003316e-05 5.254521e+02 
4.014563e-05 5.778973e+02 
4.019155e-05 6.037309e+02 
4.027192e-05 6.568097e+02 
4.033220e-05 7.045299e+02 
4.037740e-05 7.456150e+02 
4.042493e-05 7.944124e+02 
4.048759e-05 8.687290e+02 
4.051302e-05 9.024757e+02 
4.061274e-05 1.057532e+03 
4.068753e-05 1.200454e+03 
4.081218e-05 1.495991e+03 
4.093682e-05 1.867055e+03 
4.101247e-05 2.127390e+03 
4.108074e-05 2.381899e+03 
4.119394e-05 2.832894e+03 
4.121595e-05 2.923013e+03 
4.129456e-05 3.245255e+03 
4.134959e-05 3.466537e+03 
4.139681e-05 3.649872e+03 
4.144676e-05 3.833912e+03 
4.148500e-05 3.965948e+03 
4.153965e-05 4.138206e+03 
4.159015e-05 4.277153e+03 
4.160992e-05 4.325594e+03 
4.167224e-05 4.454327e+03 
4.171435e-05 4.519163e+03 
4.176519e-05 4.572064e+03 
4.181191e-05 4.595284e+03 
4.186678e-05 4.590874e+03 
4.189388e-05 4.576055e+03 
4.199199e-05 4.454330e+03 
4.203010e-05 4.379628e+03 
4.204970e-05 4.335626e+03 
4.211727e-05 4.157053e+03 
4.216506e-05 4.008042e+03 
4.220526e-05 3.870215e+03 
4.224828e-05 3.712019e+03 
4.229658e-05 3.523645e+03 
4.233693e-05 3.359666e+03 
4.238880e-05 3.142883e+03 
4.243911e-05 2.929343e+03 
4.250200e-05 2.662593e+03 
4.256803e-05 2.388251e+03 
4.259004e-05 2.299052e+03 
4.269066e-05 1.911692e+03 
4.275826e-05 1.674511e+03 
4.284159e-05 1.411772e+03 
4.294352e-05 1.137176e+03 
4.311639e-05 7.853683e+02 
4.321082e-05 6.471698e+02 
4.323741e-05 6.142984e+02 
4.327729e-05 5.695848e+02 
4.337397e-05 4.822892e+02 
4.342354e-05 4.480968e+02 
4.352989e-05 3.963591e+02 
4.363625e-05 3.714969e+02 
4.367718e-05 3.686069e+02 
4.374754e-05 3.719567e+02 
4.377297e-05 3.757052e+02 
4.388743e-05 4.089024e+02 
4.395414e-05 4.403706e+02 
4.400823e-05 4.723261e+02 
4.406168e-05 5.095061e+02 
4.411486e-05 5.519366e+02 
4.422631e-05 6.579969e+02 
4.434721e-05 7.978212e+02 
4.445552e-05 9.424088e+02 
4.455944e-05 1.094626e+03 
4.463741e-05 1.214473e+03 
4.471256e-05 1.331620e+03 
4.477742e-05 1.431665e+03 
4.484278e-05 1.529127e+03 
4.488452e-05 1.588482e+03 
4.494862e-05 1.673501e+03 
4.500184e-05 1.736975e+03 
4.505438e-05 1.791980e+03 
4.510814e-05 1.839216e+03 
4.516193e-05 1.876308e+03 
4.521367e-05 1.901638e+03 
4.523588e-05 1.909270e+03 
4.531267e-05 1.920271e+03 
4.536808e-05 1.913361e+03 
4.542886e-05 1.891874e+03 
4.547540e-05 1.866112e+03 
4.551341e-05 1.839506e+03 
4.556330e-05 1.797648e+03 
4.562744e-05 1.733695e+03 
4.568159e-05 1.672351e+03 
4.573574e-05 1.605797e+03 
4.580344e-05 1.517474e+03 
4.584405e-05 1.462795e+03 
4.597291e-05 1.287888e+03 
4.611676e-05 1.103309e+03 
4.629042e-05 9.124963e+02 
4.640425e-05 8.102646e+02 
4.647534e-05 7.555039e+02 
4.656125e-05 6.979548e+02 
4.670072e-05 6.222603e+02 
4.675878e-05 5.963239e+02 
4.693067e-05 5.350607e+02 
4.704556e-05 5.047422e+02 
4.716051e-05 4.813066e+02 
4.727546e-05 4.637768e+02 
4.735956e-05 4.542304e+02 
4.744919e-05 4.467407e+02 
4.755614e-05 4.409352e+02 
4.762030e-05 4.388301e+02 
4.773525e-05 4.370730e+02 
4.785020e-05 4.371152e+02 
4.817839e-05 4.394900e+02 
4.830999e-05 4.388904e+02 
4.846804e-05 4.359424e+02 
4.868829e-05 4.278198e+02 
4.879876e-05 4.223554e+02 
4.915200e-05 4.022089e+02 
4.957305e-05 3.801727e+02 
4.994538e-05 3.652667e+02 
5.038167e-05 3.511694e+02 
5.083338e-05 3.381439e+02 
5.111460e-05 3.311366e+02 
5.137176e-05 3.262955e+02 
5.150680e-05 3.245620e+02 
5.171962e-05 3.230223e+02 
5.195978e-05 3.227299e+02 
5.259058e-05 3.237549e+02 
5.293755e-05 3.229560e+02 
5.443292e-05 3.153216e+02 
5.537038e-05 3.098499e+02 
5.753880e-05 2.966147e+02 
6.055072e-05 2.783674e+02 
6.334275e-05 2.621762e+02 
6.746815e-05 2.396937e+02 
7.236807e-05 2.155679e+02 
7.500000e-05 2.034936e+02 
7.617925e-05 1.977750e+02 
7.759939e-05 1.903795e+02 
7.797859e-05 1.889994e+02 
7.854740e-05 1.880871e+02 
7.932729e-05 1.878969e+02 
8.003408e-05 1.864966e+02 
8.152000e-05 1.812597e+02 
8.972462e-05 1.601405e+02 
9.527500e-05 1.490852e+02 
9.680000e-05 1.469347e+02 
9.875000e-05 1.452865e+02 
1.071519e-04 1.408263e+02 
1.433742e-04 1.271058e+02 
1.513561e-04 1.244270e+02 
1.597200e-04 1.214055e+02 
1.705967e-04 1.170711e+02 
1.760000e-04 1.147010e+02 
1.862087e-04 1.098156e+02 
1.960611e-04 1.044777e+02 
2.030000e-04 1.004305e+02 
2.124746e-04 9.435535e+01 
2.213346e-04 8.806969e+01 
2.304000e-04 8.098846e+01 
2.385650e-04 7.402686e+01 
2.467693e-04 6.641745e+01 
2.517295e-04 6.146713e+01 
2.592000e-04 5.347303e+01 
2.646387e-04 4.730298e+01 
2.691662e-04 4.190552e+01 
2.729266e-04 3.719228e+01 
2.744400e-04 3.521292e+01 
2.778175e-04 3.057551e+01 
2.793414e-04 2.839570e+01 
2.802021e-04 2.716012e+01 
2.834954e-04 2.276222e+01 
2.843653e-04 2.178300e+01 
2.857858e-04 2.039830e+01 
2.871359e-04 1.930535e+01 
2.900715e-04 1.735465e+01 
2.913253e-04 1.655725e+01 
2.925049e-04 1.577791e+01 
2.933760e-04 1.518234e+01 
2.962330e-04 1.327382e+01 
2.970000e-04 1.284555e+01 
2.978000e-04 1.247724e+01 
2.983125e-04 1.229431e+01 
2.990000e-04 1.212683e+01 
2.998800e-04 1.206494e+01 
3.007000e-04 1.218701e+01 
3.013872e-04 1.244208e+01 
3.020000e-04 1.280044e+01 
3.026000e-04 1.328219e+01 
3.032000e-04 1.390438e+01 
3.037000e-04 1.453814e+01 
3.042000e-04 1.528359e+01 
3.047000e-04 1.614717e+01 
3.053214e-04 1.739456e+01 
3.058400e-04 1.859132e+01 
3.065932e-04 2.059521e+01 
3.073999e-04 2.310861e+01 
3.091554e-04 2.996467e+01 
3.106497e-04 3.734763e+01 
3.117151e-04 4.347515e+01 
3.131651e-04 5.291514e+01 
3.142738e-04 6.092937e+01 
3.149497e-04 6.612367e+01 
3.159495e-04 7.419590e+01 
3.170745e-04 8.376763e+01 
3.176000e-04 8.839263e+01 
3.182246e-04 9.400122e+01 
3.193748e-04 1.045946e+02 
3.206874e-04 1.170085e+02 
3.220000e-04 1.296490e+02 
3.232500e-04 1.417978e+02 
3.240336e-04 1.494324e+02 
3.257554e-04 1.661663e+02 
3.273407e-04 1.814241e+02 
3.295000e-04 2.018230e+02 
3.311312e-04 2.168631e+02 
3.329531e-04 2.332395e+02 
3.350233e-04 2.512684e+02 
3.370000e-04 2.678537e+02 
3.388442e-04 2.827033e+02 
3.410500e-04 2.995898e+02 
3.420000e-04 3.065578e+02 
3.450000e-04 3.273578e+02 
3.470000e-04 3.402058e+02 
3.507519e-04 3.620868e+02 
3.545581e-04 3.814406e+02 
3.575000e-04 3.946878e+02 
3.605391e-04 4.070667e+02 
3.632082e-04 4.169605e+02 
3.680000e-04 4.326678e+02 
3.758374e-04 4.547498e+02 
3.858626e-04 4.792675e+02 
3.919590e-04 4.929997e+02 
3.994016e-04 5.083224e+02 
4.087043e-04 5.258099e+02 
4.154137e-04 5.365524e+02 
4.232139e-04 5.464821e+02 
4.309557e-04 5.536505e+02 
4.379155e-04 5.633855e+02 
4.397083e-04 5.709149e+02 
4.420658e-04 5.878004e+02 
4.431735e-04 5.986735e+02 
4.453170e-04 6.233225e+02 
4.485599e-04 6.568700e+02 
4.497112e-04 6.633595e+02 
4.507059e-04 6.656527e+02 
4.517183e-04 6.647781e+02 
4.530664e-04 6.591956e+02 
4.573426e-04 6.283645e+02 
4.584263e-04 6.226831e+02 
4.597365e-04 6.188717e+02 
4.613901e-04 6.192693e+02 
4.639995e-04 6.304569e+02 
4.663710e-04 6.480680e+02 
4.686162e-04 6.667024e+02 
4.713390e-04 6.856501e+02 
4.724582e-04 6.909802e+02 
4.734559e-04 6.942734e+02 
4.746471e-04 6.964475e+02 
4.761570e-04 6.968771e+02 
4.813932e-04 6.920613e+02 
4.844544e-04 6.945397e+02 
4.901978e-04 7.112572e+02 
4.974111e-04 7.347068e+02 
5.053750e-04 7.548566e+02 
5.160577e-04 7.755151e+02 
5.281480e-04 7.929229e+02 
5.396995e-04 8.053436e+02 
5.608664e-04 8.211989e+02 
5.649217e-04 8.259630e+02 
5.712581e-04 8.371094e+02 
5.854319e-04 8.682917e+02 
5.923323e-04 8.803641e+02 
6.037140e-04 8.949146e+02 
6.188301e-04 9.095881e+02 
6.503169e-04 9.335656e+02 
6.870791e-04 9.539894e+02 
7.344889e-04 9.714586e+02 
7.807214e-04 9.812999e+02 
8.486917e-04 9.880957e+02 
9.416739e-04 9.884539e+02 
1.026433e-03 9.837746e+02 
1.105987e-03 9.759843e+02 
1.250518e-03 9.509231e+02 
1.384363e-03 9.263319e+02 
1.450000e-03 9.130395e+02 
1.582096e-03 8.830956e+02 
1.662692e-03 8.648099e+02 
1.746078e-03 8.451976e+02 
1.830691e-03 8.238551e+02 
1.923708e-03 8.001795e+02 
2.014144e-03 7.760330e+02 
2.111591e-03 7.486973e+02 
2.199164e-03 7.230635e+02 
2.279752e-03 6.981578e+02 
2.353475e-03 6.732586e+02 
2.414610e-03 6.506431e+02 
2.472500e-03 6.274832e+02 
2.519920e-03 6.068951e+02 
2.563931e-03 5.859661e+02 
2.604040e-03 5.648278e+02 
2.641302e-03 5.427417e+02 
2.669280e-03 5.237549e+02 
2.694442e-03 5.041896e+02 
2.716830e-03 4.842903e+02 
2.735623e-03 4.649655e+02 
2.751915e-03 4.454433e+02 
2.761972e-03 4.318842e+02 
2.775610e-03 4.119011e+02 
2.796927e-03 3.805201e+02 
2.806953e-03 3.684709e+02 
2.814324e-03 3.619228e+02 
2.821192e-03 3.580841e+02 
2.827067e-03 3.567472e+02 
2.830743e-03 3.568631e+02 
2.837830e-03 3.591373e+02 
2.845712e-03 3.646207e+02 
2.851117e-03 3.699267e+02 
2.860025e-03 3.807353e+02 
2.880411e-03 4.095031e+02 
2.888597e-03 4.205173e+02 
2.897095e-03 4.307886e+02 
2.904772e-03 4.388797e+02 
2.913325e-03 4.466167e+02 
2.929321e-03 4.585369e+02 
2.946281e-03 4.704712e+02 
2.963873e-03 4.857200e+02 
2.977031e-03 5.001365e+02 
3.018932e-03 5.551464e+02 
3.036964e-03 5.762656e+02 
3.047636e-03 5.868650e+02 
3.058863e-03 5.964460e+02 
3.076990e-03 6.088272e+02 
3.095892e-03 6.182840e+02 
3.115290e-03 6.249407e+02 
3.148046e-03 6.312931e+02 
3.174585e-03 6.366300e+02 
3.188429e-03 6.416994e+02 
3.208954e-03 6.534643e+02 
3.259525e-03 6.938103e+02 
3.273813e-03 7.040073e+02 
3.290698e-03 7.142916e+02 
3.309544e-03 7.237273e+02 
3.333474e-03 7.333908e+02 
3.360258e-03 7.421695e+02 
3.423364e-03 7.578947e+02 
3.500742e-03 7.712897e+02 
3.589219e-03 7.813742e+02 
3.686847e-03 7.878270e+02 
3.787066e-03 7.904361e+02 
3.909425e-03 7.902509e+02 
4.077469e-03 7.853895e+02 
4.292991e-03 7.742248e+02 
4.572265e-03 7.552458e+02 
4.903684e-03 7.289716e+02 
5.307412e-03 6.950360e+02 
5.816860e-03 6.521685e+02 
6.427147e-03 6.036767e+02 
7.174969e-03 5.499938e+02 
8.018227e-03 4.971078e+02 
9.143607e-03 4.376879e+02 
1.006410e-02 3.963229e+02 
1.084332e-02 3.652607e+02 
1.174369e-02 3.332518e+02 
1.271596e-02 3.025421e+02 
1.376417e-02 2.731803e+02 
1.478526e-02 2.477462e+02 
1.594330e-02 2.221215e+02 
1.712971e-02 1.987829e+02 
1.818678e-02 1.799601e+02 
1.901885e-02 1.660781e+02 
1.967738e-02 1.553929e+02 
2.020680e-02 1.467259e+02 
2.062410e-02 1.395745e+02 
2.092708e-02 1.339643e+02 
2.116156e-02 1.291126e+02 
2.126916e-02 1.266186e+02 
2.137097e-02 1.240127e+02 
2.145765e-02 1.215431e+02 
2.157251e-02 1.178489e+02 
2.176973e-02 1.107358e+02 
2.188491e-02 1.070137e+02 
2.196565e-02 1.051666e+02 
2.201523e-02 1.044805e+02 
2.207566e-02 1.041679e+02 
2.212348e-02 1.043348e+02 
2.218465e-02 1.050453e+02 
2.226536e-02 1.066813e+02 
2.251187e-02 1.135499e+02 
2.262919e-02 1.163486e+02 
2.273495e-02 1.182808e+02 
2.281026e-02 1.193429e+02 
2.290648e-02 1.203938e+02 
2.301204e-02 1.212456e+02 
2.324317e-02 1.223883e+02 
2.351654e-02 1.229680e+02 
2.382811e-02 1.230378e+02 
2.437906e-02 1.222032e+02 
2.491467e-02 1.207073e+02 
2.556043e-02 1.184040e+02 
2.661328e-02 1.141137e+02 
2.819086e-02 1.073249e+02 
2.985383e-02 1.003208e+02 
3.200489e-02 9.182243e+01 
3.522809e-02 8.064991e+01 
3.826653e-02 7.162200e+01 
4.219592e-02 6.177076e+01 
4.796081e-02 5.046382e+01 
5.355118e-02 4.213295e+01 
6.007855e-02 3.461478e+01 
7.310603e-02 2.451769e+01 
9.904671e-02 1.426307e+01 
1.193226e-01 1.018750e+01 
1.447143e-01 7.142935e+00 
1.779166e-01 4.852395e+00 
2.212348e-01 3.205841e+00 
3.000000e-01 1.781613e+00 
4.269633e-01 8.953688e-01 
6.456542e-01 3.967565e-01 
1.126077e+00 1.315640e-01 
3.086391e+00 1.758699e-02 
9.320751e+00 1.929532e-03 
2.814822e+01 2.115830e-04 
8.500626e+01 2.319979e-05 
2.567148e+02 2.543808e-06 
7.752663e+02 2.789230e-07 
2.511886e+03 2.656967e-08 
7.943282e+03 2.656967e-09 
2.511886e+04 2.656970e-10 
7.943282e+04 2.656970e-11 
1.000000e+05 1.676430e-11 
-1           -1           
-2           -2           
