% -----------------------------------------------------------------------
%   Program Name: re-cs-96.dat 
%   Author: the Geant4 Collaboration
%   Organization: the Geant4 Collaboration
%   Version: unknown
%   Date: circa 2006
%   Class: Public
%   Copyright (c) Copyright Holders of the Geant4 Collaboration, 1994-2006.
%   See http://cern.ch/geant4/license for details on the copyright holders.
%   All rights not expressly granted under this license are reserved.
% -----------------------------------------------------------------------
1.000000e-06 1.235108e-01 
1.013367e-06 1.386693e-01 
1.024000e-06 1.528619e-01 
1.029198e-06 1.606157e-01 
1.036379e-06 1.724188e-01 
1.043112e-06 1.848502e-01 
1.049424e-06 1.979395e-01 
1.055341e-06 2.117174e-01 
1.060888e-06 2.262178e-01 
1.066089e-06 2.414766e-01 
1.070965e-06 2.575307e-01 
1.075536e-06 2.744186e-01 
1.079821e-06 2.921808e-01 
1.083838e-06 3.108607e-01 
1.087605e-06 3.305044e-01 
1.091136e-06 3.511594e-01 
1.094446e-06 3.728722e-01 
1.097549e-06 3.956872e-01 
1.100459e-06 4.196484e-01 
1.103186e-06 4.448030e-01 
1.108300e-06 5.008897e-01 
1.112775e-06 5.630217e-01 
1.116691e-06 6.321962e-01 
1.120117e-06 7.096173e-01 
1.123115e-06 7.963420e-01 
1.125738e-06 8.928188e-01 
1.128033e-06 9.985683e-01 
1.130041e-06 1.112150e+00 
1.131799e-06 1.231388e+00 
1.133336e-06 1.353716e+00 
1.134682e-06 1.476527e+00 
1.135859e-06 1.597439e+00 
1.136889e-06 1.714454e+00 
1.138692e-06 1.946652e+00 
1.145183e-06 3.113508e+00 
1.146916e-06 3.517154e+00 
1.148324e-06 3.871978e+00 
1.149732e-06 4.248304e+00 
1.152548e-06 5.051077e+00 
1.152900e-06 5.154707e+00 
1.155364e-06 5.886928e+00 
1.156332e-06 6.172719e+00 
1.158180e-06 6.703085e+00 
1.159148e-06 6.967965e+00 
1.160072e-06 7.209297e+00 
1.161348e-06 7.519721e+00 
1.162426e-06 7.757340e+00 
1.163812e-06 8.023899e+00 
1.165044e-06 8.219133e+00 
1.166479e-06 8.391562e+00 
1.168124e-06 8.510177e+00 
1.169532e-06 8.541130e+00 
1.170022e-06 8.536282e+00 
1.171421e-06 8.477974e+00 
1.172732e-06 8.364324e+00 
1.173484e-06 8.274046e+00 
1.174824e-06 8.070303e+00 
1.176155e-06 7.816961e+00 
1.178151e-06 7.353495e+00 
1.179240e-06 7.064669e+00 
1.180157e-06 6.805040e+00 
1.181368e-06 6.444085e+00 
1.182311e-06 6.151474e+00 
1.183524e-06 5.765058e+00 
1.184756e-06 5.365799e+00 
1.186043e-06 4.947185e+00 
1.187748e-06 4.399496e+00 
1.189156e-06 3.960481e+00 
1.190740e-06 3.488069e+00 
1.191972e-06 3.140114e+00 
1.194964e-06 2.379045e+00 
1.195872e-06 2.173669e+00 
1.196738e-06 1.989054e+00 
1.197604e-06 1.815614e+00 
1.198837e-06 1.588003e+00 
1.200322e-06 1.342642e+00 
1.201593e-06 1.156734e+00 
1.203140e-06 9.585245e-01 
1.204670e-06 7.906754e-01 
1.205682e-06 6.936752e-01 
1.206686e-06 6.075579e-01 
1.207682e-06 5.313149e-01 
1.208670e-06 4.639882e-01 
1.209651e-06 4.046768e-01 
1.210623e-06 3.525411e-01 
1.211589e-06 3.068050e-01 
1.212546e-06 2.667566e-01 
1.214440e-06 2.011872e-01 
1.216303e-06 1.513540e-01 
1.218138e-06 1.136515e-01 
1.219944e-06 8.522766e-02 
1.221722e-06 6.385970e-02 
1.223472e-06 4.783637e-02 
1.226047e-06 3.105798e-02 
1.229387e-06 1.768417e-02 
1.230205e-06 1.544443e-02 
1.231018e-06 1.353870e-02 
1.231824e-06 1.192581e-02 
1.232622e-06 1.057270e-02 
1.233414e-06 9.445519e-03 
1.234199e-06 8.518464e-03 
1.234394e-06 8.315256e-03 
1.235172e-06 7.606237e-03 
1.235944e-06 7.050090e-03 
1.236711e-06 6.630355e-03 
1.237473e-06 6.334278e-03 
1.238228e-06 6.149809e-03 
1.238978e-06 6.066565e-03 
1.239722e-06 6.075592e-03 
1.241198e-06 6.342241e-03 
1.242650e-06 6.900025e-03 
1.244081e-06 7.710555e-03 
1.245488e-06 8.744238e-03 
1.246874e-06 9.977598e-03 
1.249603e-06 1.299519e-02 
1.252246e-06 1.661759e-02 
1.254806e-06 2.073301e-02 
1.294493e-06 1.308467e-01 
1.299454e-06 1.557146e-01 
1.303795e-06 1.834029e-01 
1.307593e-06 2.141769e-01 
1.310917e-06 2.481978e-01 
1.313825e-06 2.854206e-01 
1.316369e-06 3.255095e-01 
1.318596e-06 3.678455e-01 
1.320544e-06 4.116118e-01 
1.322249e-06 4.559110e-01 
1.325045e-06 5.427297e-01 
1.328186e-06 6.646497e-01 
1.334386e-06 9.951662e-01 
1.337465e-06 1.206413e+00 
1.339107e-06 1.331063e+00 
1.340749e-06 1.463007e+00 
1.344033e-06 1.743537e+00 
1.344443e-06 1.779651e+00 
1.347316e-06 2.034055e+00 
1.348445e-06 2.132927e+00 
1.350600e-06 2.315592e+00 
1.351729e-06 2.406316e+00 
1.352807e-06 2.488594e+00 
1.353884e-06 2.565809e+00 
1.355321e-06 2.659498e+00 
1.356706e-06 2.738258e+00 
1.357989e-06 2.799723e+00 
1.359067e-06 2.842043e+00 
1.360657e-06 2.887800e+00 
1.362582e-06 2.914874e+00 
1.364038e-06 2.913970e+00 
1.366041e-06 2.882268e+00 
1.367638e-06 2.832250e+00 
1.369163e-06 2.764881e+00 
1.370766e-06 2.674983e+00 
1.371418e-06 2.633250e+00 
1.373690e-06 2.467085e+00 
1.375159e-06 2.345159e+00 
1.376230e-06 2.250562e+00 
1.377641e-06 2.119994e+00 
1.378741e-06 2.014868e+00 
1.380156e-06 1.876946e+00 
1.381592e-06 1.735464e+00 
1.383093e-06 1.588210e+00 
1.385082e-06 1.397237e+00 
1.386518e-06 1.264166e+00 
1.386929e-06 1.227113e+00 
1.389238e-06 1.028218e+00 
1.390007e-06 9.659039e-01 
1.393291e-06 7.251611e-01 
1.394555e-06 6.438954e-01 
1.395565e-06 5.835364e-01 
1.396575e-06 5.272423e-01 
1.398012e-06 4.540443e-01 
1.399513e-06 3.858950e-01 
1.400954e-06 3.280691e-01 
1.402399e-06 2.770681e-01 
1.403827e-06 2.330490e-01 
1.404772e-06 2.071649e-01 
1.405709e-06 1.838486e-01 
1.406639e-06 1.628933e-01 
1.407562e-06 1.441018e-01 
1.408477e-06 1.272868e-01 
1.409386e-06 1.122717e-01 
1.410287e-06 9.889115e-02 
1.411181e-06 8.699080e-02 
1.412068e-06 7.642751e-02 
1.412949e-06 6.706901e-02 
1.413822e-06 5.879361e-02 
1.415549e-06 4.505560e-02 
1.417248e-06 3.443407e-02 
1.419335e-06 2.457663e-02 
1.422184e-06 1.544448e-02 
1.422983e-06 1.358223e-02 
1.423776e-06 1.198099e-02 
1.424954e-06 1.000299e-02 
1.425734e-06 8.927080e-03 
1.426508e-06 8.020608e-03 
1.427275e-06 7.263442e-03 
1.428037e-06 6.637864e-03 
1.428792e-06 6.128307e-03 
1.429542e-06 5.721111e-03 
1.431030e-06 5.165801e-03 
1.432494e-06 4.896488e-03 
1.433935e-06 4.852060e-03 
1.435354e-06 4.985809e-03 
1.436751e-06 5.261980e-03 
1.438126e-06 5.653088e-03 
1.439480e-06 6.137855e-03 
1.442144e-06 7.335792e-03 
1.444726e-06 8.751825e-03 
1.447227e-06 1.032095e-02 
1.449649e-06 1.199755e-02 
1.451996e-06 1.374787e-02 
1.456543e-06 1.743200e-02 
1.460806e-06 2.116611e-02 
1.464803e-06 2.485589e-02 
1.468549e-06 2.844463e-02 
1.475575e-06 3.542568e-02 
1.481721e-06 4.173087e-02 
1.487100e-06 4.735773e-02 
1.496513e-06 5.738969e-02 
1.503572e-06 6.503639e-02 
1.514161e-06 7.667019e-02 
1.524750e-06 8.848636e-02 
1.532256e-06 9.697605e-02 
1.540854e-06 1.068274e-01 
1.548439e-06 1.156408e-01 
1.556024e-06 1.245777e-01 
1.567402e-06 1.382342e-01 
1.578780e-06 1.522246e-01 
1.586365e-06 1.617588e-01 
1.601536e-06 1.814289e-01 
1.616706e-06 2.021656e-01 
1.669831e-06 2.815758e-01 
1.709675e-06 3.507127e-01 
1.761970e-06 4.604835e-01 
1.778779e-06 5.028681e-01 
1.803993e-06 5.763689e-01 
1.816600e-06 6.201661e-01 
1.829206e-06 6.730024e-01 
1.833709e-06 6.953590e-01 
1.838211e-06 7.202735e-01 
1.842713e-06 7.482395e-01 
1.847216e-06 7.796616e-01 
1.851718e-06 8.147079e-01 
1.865849e-06 9.416376e-01 
1.870430e-06 9.821534e-01 
1.875011e-06 1.017237e+00 
1.879592e-06 1.043042e+00 
1.881883e-06 1.051279e+00 
1.884174e-06 1.055844e+00 
1.886190e-06 1.056555e+00 
1.889215e-06 1.051442e+00 
1.892239e-06 1.038681e+00 
1.895078e-06 1.019827e+00 
1.897917e-06 9.947280e-01 
1.901353e-06 9.570639e-01 
1.902499e-06 9.430201e-01 
1.905935e-06 8.975534e-01 
1.908225e-06 8.653754e-01 
1.912807e-06 8.000290e-01 
1.919106e-06 7.174970e-01 
1.922168e-06 6.840621e-01 
1.923687e-06 6.696201e-01 
1.925405e-06 6.551674e-01 
1.927696e-06 6.391585e-01 
1.929986e-06 6.269884e-01 
1.933422e-06 6.159309e-01 
1.934568e-06 6.141126e-01 
1.939149e-06 6.154742e-01 
1.943730e-06 6.288328e-01 
1.946021e-06 6.391289e-01 
1.948311e-06 6.513371e-01 
1.952893e-06 6.800465e-01 
1.964042e-06 7.608003e-01 
1.972726e-06 8.233381e-01 
1.981138e-06 8.796369e-01 
1.997437e-06 9.793465e-01 
2.119677e-06 1.707774e+00 
2.153497e-06 1.956085e+00 
2.218998e-06 2.544540e+00 
2.263991e-06 3.054480e+00 
2.308136e-06 3.667690e+00 
2.341246e-06 4.221644e+00 
2.383313e-06 5.073749e+00 
2.420287e-06 5.986776e+00 
2.450000e-06 6.874561e+00 
2.473770e-06 7.713487e+00 
2.497540e-06 8.695838e+00 
2.519223e-06 9.755730e+00 
2.537825e-06 1.083602e+01 
2.554275e-06 1.195889e+01 
2.574788e-06 1.355600e+01 
2.587431e-06 1.456905e+01 
2.594080e-06 1.508167e+01 
2.606033e-06 1.594454e+01 
2.631546e-06 1.772607e+01 
2.637853e-06 1.825381e+01 
2.646655e-06 1.912226e+01 
2.651714e-06 1.970547e+01 
2.656772e-06 2.035673e+01 
2.663079e-06 2.126783e+01 
2.669385e-06 2.228999e+01 
2.675692e-06 2.342156e+01 
2.688305e-06 2.600338e+01 
2.709633e-06 3.136430e+01 
2.718964e-06 3.417577e+01 
2.727712e-06 3.714280e+01 
2.735913e-06 4.027940e+01 
2.743602e-06 4.359898e+01 
2.750810e-06 4.711400e+01 
2.757567e-06 5.083663e+01 
2.763903e-06 5.477946e+01 
2.769842e-06 5.895637e+01 
2.775410e-06 6.338329e+01 
2.780630e-06 6.807885e+01 
2.785524e-06 7.306449e+01 
2.790112e-06 7.836405e+01 
2.798714e-06 9.043242e+01 
2.806241e-06 1.041467e+02 
2.812828e-06 1.196071e+02 
2.818591e-06 1.367585e+02 
2.823633e-06 1.553779e+02 
2.828045e-06 1.751081e+02 
2.831906e-06 1.955152e+02 
2.835284e-06 2.161484e+02 
2.840826e-06 2.564741e+02 
2.847050e-06 3.128496e+02 
2.859371e-06 4.654213e+02 
2.865968e-06 5.714516e+02 
2.869486e-06 6.347945e+02 
2.873005e-06 7.024634e+02 
2.880042e-06 8.485333e+02 
2.880921e-06 8.675684e+02 
2.887079e-06 1.003361e+03 
2.889498e-06 1.057046e+03 
2.894116e-06 1.157913e+03 
2.897689e-06 1.232791e+03 
2.901152e-06 1.301095e+03 
2.904726e-06 1.365625e+03 
2.908189e-06 1.420984e+03 
2.911268e-06 1.463197e+03 
2.914855e-06 1.502964e+03 
2.918965e-06 1.534769e+03 
2.922483e-06 1.549483e+03 
2.923708e-06 1.551799e+03 
2.927203e-06 1.550325e+03 
2.929783e-06 1.541562e+03 
2.936663e-06 1.487369e+03 
2.938858e-06 1.461216e+03 
2.944020e-06 1.384782e+03 
2.946741e-06 1.337051e+03 
2.950411e-06 1.265963e+03 
2.953984e-06 1.190785e+03 
2.957448e-06 1.113829e+03 
2.960526e-06 1.043223e+03 
2.963742e-06 9.683617e+02 
2.968003e-06 8.692099e+02 
2.971521e-06 7.887766e+02 
2.975480e-06 7.012769e+02 
2.978558e-06 6.361853e+02 
2.985595e-06 4.996719e+02 
2.988014e-06 4.571823e+02 
2.990323e-06 4.188765e+02 
2.994391e-06 3.568300e+02 
2.998350e-06 3.031130e+02 
3.002468e-06 2.539967e+02 
3.006597e-06 2.113309e+02 
3.009811e-06 1.823811e+02 
3.013943e-06 1.501859e+02 
3.018712e-06 1.193456e+02 
3.023126e-06 9.605603e+01 
3.030472e-06 6.655330e+01 
3.041491e-06 3.835636e+01 
3.048837e-06 2.680032e+01 
3.054718e-06 2.029816e+01 
3.058762e-06 1.685864e+01 
3.064409e-06 1.310454e+01 
3.066291e-06 1.206992e+01 
3.073820e-06 8.743707e+00 
3.084449e-06 5.590186e+00 
3.092175e-06 4.024558e+00 
3.102097e-06 2.622226e+00 
3.109443e-06 1.931680e+00 
3.110361e-06 1.863751e+00 
3.116789e-06 1.494868e+00 
3.118538e-06 1.425660e+00 
3.119536e-06 1.391947e+00 
3.120409e-06 1.365853e+00 
3.121841e-06 1.329859e+00 
3.123162e-06 1.304098e+00 
3.124002e-06 1.291385e+00 
3.126521e-06 1.270130e+00 
3.129017e-06 1.273674e+00 
3.130264e-06 1.284487e+00 
3.131512e-06 1.301261e+00 
3.133321e-06 1.336069e+00 
3.135385e-06 1.390811e+00 
3.138482e-06 1.502550e+00 
3.141579e-06 1.649364e+00 
3.144518e-06 1.820760e+00 
3.148927e-06 2.135710e+00 
3.153337e-06 2.519522e+00 
3.162343e-06 3.517068e+00 
3.170051e-06 4.601744e+00 
3.179223e-06 6.182268e+00 
3.193174e-06 9.250118e+00 
3.201809e-06 1.160806e+01 
3.209338e-06 1.399943e+01 
3.216393e-06 1.656582e+01 
3.224006e-06 1.974098e+01 
3.231326e-06 2.325379e+01 
3.238647e-06 2.729007e+01 
3.247129e-06 3.273528e+01 
3.285668e-06 7.341886e+01 
3.292622e-06 8.508863e+01 
3.299576e-06 9.888200e+01 
3.307658e-06 1.183779e+02 
3.311940e-06 1.306459e+02 
3.316223e-06 1.446009e+02 
3.324306e-06 1.768252e+02 
3.330246e-06 2.069630e+02 
3.334701e-06 2.342791e+02 
3.341384e-06 2.849795e+02 
3.348067e-06 3.506824e+02 
3.352560e-06 4.055236e+02 
3.357054e-06 4.707397e+02 
3.364948e-06 6.156548e+02 
3.379370e-06 1.009431e+03 
3.386468e-06 1.278717e+03 
3.388974e-06 1.387185e+03 
3.400418e-06 1.974171e+03 
3.402686e-06 2.108078e+03 
3.411020e-06 2.645308e+03 
3.412062e-06 2.716913e+03 
3.419950e-06 3.283150e+03 
3.423021e-06 3.511625e+03 
3.425952e-06 3.731479e+03 
3.429628e-06 4.006889e+03 
3.433687e-06 4.306670e+03 
3.436063e-06 4.477914e+03 
3.439960e-06 4.748811e+03 
3.444163e-06 5.022101e+03 
3.447894e-06 5.243764e+03 
3.452017e-06 5.460802e+03 
3.453212e-06 5.517593e+03 
3.458096e-06 5.717736e+03 
3.461909e-06 5.835593e+03 
3.466352e-06 5.927093e+03 
3.469914e-06 5.963374e+03 
3.477955e-06 5.922096e+03 
3.480596e-06 5.872018e+03 
3.486374e-06 5.703358e+03 
3.489396e-06 5.585165e+03 
3.492758e-06 5.431872e+03 
3.497081e-06 5.204933e+03 
3.500350e-06 5.014194e+03 
3.504022e-06 4.784006e+03 
3.507088e-06 4.581420e+03 
3.511031e-06 4.310915e+03 
3.515198e-06 4.017443e+03 
3.519366e-06 3.721205e+03 
3.524054e-06 3.390436e+03 
3.527700e-06 3.138611e+03 
3.536780e-06 2.547589e+03 
3.541600e-06 2.261526e+03 
3.547975e-06 1.917861e+03 
3.554310e-06 1.617651e+03 
3.563367e-06 1.259741e+03 
3.573422e-06 9.529195e+02 
3.581581e-06 7.639829e+02 
3.585806e-06 6.839456e+02 
3.590031e-06 6.143601e+02 
3.594578e-06 5.497294e+02 
3.599125e-06 4.943389e+02 
3.603512e-06 4.484343e+02 
3.610091e-06 3.911136e+02 
3.616798e-06 3.441447e+02 
3.622975e-06 3.088732e+02 
3.631535e-06 2.695795e+02 
3.640094e-06 2.385252e+02 
3.648795e-06 2.130447e+02 
3.655320e-06 1.969492e+02 
3.665108e-06 1.764642e+02 
3.674896e-06 1.593429e+02 
3.683619e-06 1.462631e+02 
3.692673e-06 1.344195e+02 
3.701727e-06 1.240300e+02 
3.716525e-06 1.096098e+02 
3.723759e-06 1.035436e+02 
3.732769e-06 9.677355e+01 
3.741105e-06 9.121603e+01 
3.752848e-06 8.441872e+01 
3.764822e-06 7.858169e+01 
3.776796e-06 7.367332e+01 
3.787853e-06 6.979965e+01 
3.806322e-06 6.431040e+01 
3.845010e-06 5.456069e+01 
3.869211e-06 4.886901e+01 
3.925962e-06 3.734500e+01 
3.955736e-06 3.268767e+01 
3.985757e-06 2.883671e+01 
4.010907e-06 2.612022e+01 
4.030131e-06 2.433927e+01 
4.040451e-06 2.350014e+01 
4.050985e-06 2.273475e+01 
4.063945e-06 2.192043e+01 
4.079844e-06 2.109491e+01 
4.121227e-06 1.937982e+01 
4.133793e-06 1.882938e+01 
4.148780e-06 1.810011e+01 
4.163728e-06 1.730091e+01 
4.183859e-06 1.617205e+01 
4.215284e-06 1.452939e+01 
4.226883e-06 1.401099e+01 
4.245345e-06 1.329454e+01 
4.288547e-06 1.192823e+01 
4.317078e-06 1.105493e+01 
4.340709e-06 1.032195e+01 
4.384618e-06 9.043040e+00 
4.429031e-06 7.870505e+00 
4.484259e-06 6.480710e+00 
4.531597e-06 5.309830e+00 
4.563092e-06 4.514572e+00 
4.570898e-06 4.312727e+00 
4.586991e-06 3.889621e+00 
4.601022e-06 3.514246e+00 
4.612564e-06 3.204175e+00 
4.624477e-06 2.888654e+00 
4.637074e-06 2.570060e+00 
4.653864e-06 2.195454e+00 
4.659796e-06 2.084061e+00 
4.674171e-06 1.876775e+00 
4.679186e-06 1.828755e+00 
4.690945e-06 1.771424e+00 
4.702885e-06 1.794727e+00 
4.707061e-06 1.821615e+00 
4.715035e-06 1.897628e+00 
4.720807e-06 1.970956e+00 
4.727229e-06 2.068422e+00 
4.735485e-06 2.215569e+00 
4.744090e-06 2.394109e+00 
4.751715e-06 2.577682e+00 
4.758784e-06 2.777920e+00 
4.761141e-06 2.853407e+00 
4.770870e-06 3.232278e+00 
4.775280e-06 3.452412e+00 
4.782331e-06 3.894236e+00 
4.786273e-06 4.202397e+00 
4.788779e-06 4.425947e+00 
4.792068e-06 4.756440e+00 
4.796297e-06 5.251470e+00 
4.800736e-06 5.868409e+00 
4.805390e-06 6.638564e+00 
4.811200e-06 7.803787e+00 
4.818427e-06 9.618010e+00 
4.831588e-06 1.414692e+01 
4.839423e-06 1.768834e+01 
4.844925e-06 2.057287e+01 
4.850988e-06 2.412743e+01 
4.854994e-06 2.668487e+01 
4.863565e-06 3.266059e+01 
4.869079e-06 3.681687e+01 
4.873707e-06 4.044935e+01 
4.877593e-06 4.357265e+01 
4.882151e-06 4.728941e+01 
4.887130e-06 5.136545e+01 
4.891914e-06 5.524730e+01 
4.897224e-06 5.945008e+01 
4.902325e-06 6.331592e+01 
4.907562e-06 6.704179e+01 
4.911769e-06 6.981315e+01 
4.917715e-06 7.332821e+01 
4.922710e-06 7.586582e+01 
4.934617e-06 8.017175e+01 
4.940014e-06 8.125133e+01 
4.948644e-06 8.181505e+01 
4.953519e-06 8.151276e+01 
4.957154e-06 8.100794e+01 
4.962743e-06 7.979090e+01 
4.969178e-06 7.778197e+01 
4.974553e-06 7.566272e+01 
4.979736e-06 7.329262e+01 
4.987376e-06 6.932479e+01 
4.993288e-06 6.596153e+01 
4.996244e-06 6.421125e+01 
5.002896e-06 6.016532e+01 
5.005113e-06 5.879672e+01 
5.016937e-06 5.150572e+01 
5.019893e-06 4.971857e+01 
5.028762e-06 4.453535e+01 
5.042038e-06 3.746907e+01 
5.063987e-06 2.806158e+01 
5.069063e-06 2.630070e+01 
5.078898e-06 2.329932e+01 
5.088118e-06 2.093252e+01 
5.100000e-06 1.842765e+01 
5.104865e-06 1.755332e+01 
5.120059e-06 1.527634e+01 
5.133354e-06 1.372179e+01 
5.144987e-06 1.260195e+01 
5.165345e-06 1.101038e+01 
5.195882e-06 9.147612e+00 
5.239341e-06 7.009699e+00 
5.252206e-06 6.437851e+00 
5.263964e-06 5.936987e+00 
5.289877e-06 4.946325e+00 
5.302834e-06 4.551948e+00 
5.309681e-06 4.386585e+00 
5.316527e-06 4.259360e+00 
5.321721e-06 4.192717e+00 
5.326915e-06 4.155532e+00 
5.331627e-06 4.150156e+00 
5.353138e-06 4.539029e+00 
5.366249e-06 5.169373e+00 
5.371247e-06 5.496191e+00 
5.382404e-06 6.399538e+00 
5.405303e-06 8.927718e+00 
5.413478e-06 9.992162e+00 
5.419443e-06 1.079730e+01 
5.426934e-06 1.181995e+01 
5.434019e-06 1.277580e+01 
5.439688e-06 1.351565e+01 
5.445356e-06 1.421990e+01 
5.446976e-06 1.441287e+01 
5.455479e-06 1.535150e+01 
5.459932e-06 1.578508e+01 
5.471269e-06 1.667243e+01 
5.475733e-06 1.692733e+01 
5.484253e-06 1.725425e+01 
5.491321e-06 1.736235e+01 
5.495354e-06 1.735786e+01 
5.498883e-06 1.731522e+01 
5.505060e-06 1.715652e+01 
5.509692e-06 1.697059e+01 
5.513166e-06 1.679582e+01 
5.520982e-06 1.630152e+01 
5.523588e-06 1.610854e+01 
5.533421e-06 1.527400e+01 
5.536699e-06 1.496454e+01 
5.546533e-06 1.396943e+01 
5.549811e-06 1.362195e+01 
5.562922e-06 1.220305e+01 
5.578717e-06 1.054925e+01 
5.595001e-06 9.062483e+00 
5.606180e-06 8.232367e+00 
5.609757e-06 8.004511e+00 
5.620491e-06 7.437572e+00 
5.623903e-06 7.294617e+00 
5.634140e-06 6.973279e+00 
5.637540e-06 6.901479e+00 
5.642640e-06 6.825137e+00 
5.647740e-06 6.784839e+00 
5.652091e-06 6.777334e+00 
5.655899e-06 6.789775e+00 
5.662561e-06 6.850530e+00 
5.667559e-06 6.925084e+00 
5.671306e-06 6.995140e+00 
5.679739e-06 7.188969e+00 
5.702299e-06 7.836580e+00 
5.716030e-06 8.218572e+00 
5.729762e-06 8.518364e+00 
5.733262e-06 8.576673e+00 
5.743762e-06 8.701548e+00 
5.753387e-06 8.748515e+00 
5.757980e-06 8.748917e+00 
5.768316e-06 8.702879e+00 
5.782261e-06 8.557826e+00 
5.799761e-06 8.298526e+00 
5.822033e-06 7.959949e+00 
5.836921e-06 7.780368e+00 
5.846082e-06 7.696404e+00 
5.855759e-06 7.629545e+00 
5.874238e-06 7.553624e+00 
5.934485e-06 7.460367e+00 
5.975696e-06 7.335279e+00 
6.086448e-06 6.886467e+00 
6.112758e-06 6.807830e+00 
6.134003e-06 6.771671e+00 
6.159600e-06 6.763369e+00 
6.211508e-06 6.797943e+00 
6.231815e-06 6.791653e+00 
6.247994e-06 6.767929e+00 
6.274621e-06 6.691107e+00 
6.296021e-06 6.602121e+00 
6.373787e-06 6.227562e+00 
6.637912e-06 5.272990e+00 
6.710482e-06 5.013021e+00 
6.792003e-06 4.711413e+00 
6.863270e-06 4.439002e+00 
6.918310e-06 4.222818e+00 
6.951049e-06 4.091517e+00 
7.004064e-06 3.873746e+00 
7.073022e-06 3.580324e+00 
7.124741e-06 3.353197e+00 
7.159220e-06 3.198680e+00 
7.193700e-06 3.042067e+00 
7.228179e-06 2.884080e+00 
7.279898e-06 2.647227e+00 
7.393948e-06 2.166659e+00 
7.423682e-06 2.068380e+00 
7.441989e-06 2.018463e+00 
7.459169e-06 1.981292e+00 
7.476000e-06 1.956590e+00 
7.490423e-06 1.947537e+00 
7.497636e-06 1.948354e+00 
7.508007e-06 1.957341e+00 
7.517847e-06 1.976349e+00 
7.524153e-06 1.995129e+00 
7.532668e-06 2.030474e+00 
7.540639e-06 2.076134e+00 
7.548973e-06 2.139889e+00 
7.556964e-06 2.219915e+00 
7.562097e-06 2.283022e+00 
7.567070e-06 2.354317e+00 
7.571887e-06 2.434198e+00 
7.576554e-06 2.523035e+00 
7.581076e-06 2.621170e+00 
7.585456e-06 2.728909e+00 
7.589699e-06 2.846515e+00 
7.593809e-06 2.974209e+00 
7.597791e-06 3.112161e+00 
7.605506e-06 3.424652e+00 
7.612739e-06 3.780312e+00 
7.619520e-06 4.178575e+00 
7.625877e-06 4.618010e+00 
7.631836e-06 5.096399e+00 
7.637424e-06 5.610849e+00 
7.642662e-06 6.157919e+00 
7.652176e-06 7.334245e+00 
7.660538e-06 8.592051e+00 
7.680572e-06 1.266217e+01 
7.700377e-06 1.854978e+01 
7.712434e-06 2.325860e+01 
7.722976e-06 2.817878e+01 
7.728909e-06 3.130254e+01 
7.734573e-06 3.453379e+01 
7.740237e-06 3.801538e+01 
7.749739e-06 4.443159e+01 
7.759241e-06 5.157477e+01 
7.779434e-06 6.909557e+01 
7.781661e-06 7.121041e+01 
7.798439e-06 8.812959e+01 
7.804563e-06 9.466865e+01 
7.816256e-06 1.075097e+02 
7.825907e-06 1.182890e+02 
7.830584e-06 1.235122e+02 
7.837636e-06 1.313224e+02 
7.844912e-06 1.392197e+02 
7.854266e-06 1.489889e+02 
7.862580e-06 1.571634e+02 
7.871015e-06 1.648227e+02 
7.873864e-06 1.672417e+02 
7.885371e-06 1.760193e+02 
7.893860e-06 1.813544e+02 
7.902449e-06 1.856562e+02 
7.911723e-06 1.889764e+02 
7.918185e-06 1.904429e+02 
7.927260e-06 1.913045e+02 
7.936075e-06 1.908017e+02 
7.950477e-06 1.872257e+02 
7.959525e-06 1.833401e+02 
7.968294e-06 1.784815e+02 
7.977945e-06 1.720306e+02 
7.987299e-06 1.648337e+02 
7.995614e-06 1.577958e+02 
8.003632e-06 1.505592e+02 
8.015807e-06 1.389783e+02 
8.025309e-06 1.296571e+02 
8.040157e-06 1.150223e+02 
8.044314e-06 1.109741e+02 
8.063319e-06 9.314747e+01 
8.069852e-06 8.737205e+01 
8.082323e-06 7.697773e+01 
8.100141e-06 6.373710e+01 
8.143902e-06 3.957965e+01 
8.156048e-06 3.479777e+01 
8.167436e-06 3.095110e+01 
8.178111e-06 2.784004e+01 
8.192000e-06 2.441300e+01 
8.206885e-06 2.139289e+01 
8.223305e-06 1.868877e+01 
8.237673e-06 1.674629e+01 
8.262816e-06 1.404424e+01 
8.288881e-06 1.188752e+01 
8.379292e-06 6.914042e+00 
8.399815e-06 6.122903e+00 
8.420339e-06 5.475801e+00 
8.430601e-06 5.223796e+00 
8.440862e-06 5.033783e+00 
8.451124e-06 4.920187e+00 
8.461386e-06 4.900797e+00 
8.471648e-06 4.997057e+00 
8.476779e-06 5.096306e+00 
8.481909e-06 5.234257e+00 
8.487040e-06 5.414686e+00 
8.490888e-06 5.580288e+00 
8.496661e-06 5.881627e+00 
8.502433e-06 6.252113e+00 
8.507564e-06 6.644838e+00 
8.511412e-06 6.981584e+00 
8.516463e-06 7.482345e+00 
8.522956e-06 8.231525e+00 
8.530939e-06 9.329471e+00 
8.540564e-06 1.093934e+01 
8.556561e-06 1.439612e+01 
8.575152e-06 1.980495e+01 
8.587639e-06 2.436458e+01 
8.591301e-06 2.584893e+01 
8.605925e-06 3.245467e+01 
8.616511e-06 3.790323e+01 
8.627480e-06 4.411049e+01 
8.637139e-06 5.001130e+01 
8.651237e-06 5.924532e+01 
8.659530e-06 6.494936e+01 
8.668645e-06 7.137741e+01 
8.676739e-06 7.716416e+01 
8.685194e-06 8.322190e+01 
8.693246e-06 8.893827e+01 
8.701493e-06 9.467121e+01 
8.710403e-06 1.006452e+02 
8.714151e-06 1.030691e+02 
8.726496e-06 1.105789e+02 
8.736037e-06 1.157823e+02 
8.748911e-06 1.217966e+02 
8.757171e-06 1.249678e+02 
8.763737e-06 1.270731e+02 
8.773138e-06 1.294148e+02 
8.780051e-06 1.306160e+02 
8.784365e-06 1.311386e+02 
8.798619e-06 1.316262e+02 
8.805397e-06 1.312016e+02 
8.811867e-06 1.304153e+02 
8.820966e-06 1.287086e+02 
8.829017e-06 1.266489e+02 
8.839369e-06 1.233124e+02 
8.844627e-06 1.213503e+02 
8.856458e-06 1.163676e+02 
8.860401e-06 1.145545e+02 
8.870917e-06 1.094174e+02 
8.881433e-06 1.039383e+02 
8.886691e-06 1.011081e+02 
8.902466e-06 9.242608e+01 
8.923498e-06 8.087730e+01 
8.933507e-06 7.557226e+01 
8.959088e-06 6.303433e+01 
8.996256e-06 4.822134e+01 
9.007167e-06 4.469138e+01 
9.018077e-06 4.151631e+01 
9.028988e-06 3.867602e+01 
9.039898e-06 3.614630e+01 
9.061719e-06 3.191053e+01 
9.083540e-06 2.858813e+01 
9.105361e-06 2.597050e+01 
9.127182e-06 2.387937e+01 
9.149003e-06 2.217340e+01 
9.170824e-06 2.074724e+01 
9.218051e-06 1.830133e+01 
9.262086e-06 1.657015e+01 
9.284883e-06 1.585608e+01 
9.307680e-06 1.527475e+01 
9.330478e-06 1.483864e+01 
9.353275e-06 1.455883e+01 
9.364674e-06 1.447928e+01 
9.376073e-06 1.443960e+01 
9.387471e-06 1.443847e+01 
9.398870e-06 1.447366e+01 
9.421668e-06 1.463928e+01 
9.444465e-06 1.490018e+01 
9.490060e-06 1.551171e+01 
9.512857e-06 1.575836e+01 
9.535655e-06 1.590729e+01 
9.558452e-06 1.593221e+01 
9.569851e-06 1.589478e+01 
9.581250e-06 1.582445e+01 
9.604047e-06 1.559200e+01 
9.626845e-06 1.525595e+01 
9.649642e-06 1.484518e+01 
9.672440e-06 1.439081e+01 
9.738172e-06 1.307380e+01 
9.773414e-06 1.246119e+01 
9.826276e-06 1.170627e+01 
9.903454e-06 1.087242e+01 
1.003586e-05 9.777100e+00 
1.022580e-05 8.389084e+00 
1.024044e-05 8.301637e+00 
1.029086e-05 8.086460e+00 
1.031683e-05 8.049560e+00 
1.034127e-05 8.073346e+00 
1.036647e-05 8.161441e+00 
1.037791e-05 8.222251e+00 
1.039507e-05 8.335628e+00 
1.042716e-05 8.603853e+00 
1.046729e-05 8.983017e+00 
1.049250e-05 9.201829e+00 
1.051771e-05 9.374805e+00 
1.054291e-05 9.482034e+00 
1.055396e-05 9.505020e+00 
1.057054e-05 9.510625e+00 
1.058712e-05 9.481823e+00 
1.060283e-05 9.424388e+00 
1.061853e-05 9.340270e+00 
1.064373e-05 9.158372e+00 
1.066894e-05 8.933693e+00 
1.069414e-05 8.683959e+00 
1.076708e-05 7.957726e+00 
1.079265e-05 7.735961e+00 
1.084578e-05 7.366582e+00 
1.087235e-05 7.233164e+00 
1.089891e-05 7.134487e+00 
1.092548e-05 7.068820e+00 
1.094739e-05 7.036906e+00 
1.098724e-05 7.018845e+00 
1.105930e-05 7.037117e+00 
1.108639e-05 7.032495e+00 
1.111347e-05 7.011542e+00 
1.114056e-05 6.972227e+00 
1.116765e-05 6.915857e+00 
1.122133e-05 6.770350e+00 
1.128410e-05 6.588026e+00 
1.134850e-05 6.425557e+00 
1.156108e-05 5.969213e+00 
1.166945e-05 5.676037e+00 
1.175739e-05 5.407620e+00 
1.181582e-05 5.268956e+00 
1.184128e-05 5.234590e+00 
1.187086e-05 5.221815e+00 
1.190105e-05 5.241771e+00 
1.192452e-05 5.279738e+00 
1.194123e-05 5.317309e+00 
1.198693e-05 5.450464e+00 
1.201727e-05 5.546545e+00 
1.204632e-05 5.628346e+00 
1.207261e-05 5.683618e+00 
1.210030e-05 5.714925e+00 
1.211132e-05 5.718615e+00 
1.213761e-05 5.706302e+00 
1.216585e-05 5.660924e+00 
1.218845e-05 5.603240e+00 
1.221629e-05 5.511294e+00 
1.224368e-05 5.405146e+00 
1.233046e-05 5.046890e+00 
1.237932e-05 4.878220e+00 
1.241182e-05 4.790368e+00 
1.245419e-05 4.706851e+00 
1.249038e-05 4.660798e+00 
1.254070e-05 4.625282e+00 
1.265474e-05 4.573718e+00 
1.269555e-05 4.538561e+00 
1.274772e-05 4.474855e+00 
1.290938e-05 4.228532e+00 
1.302200e-05 4.075486e+00 
1.319415e-05 3.839159e+00 
1.330282e-05 3.670101e+00 
1.345524e-05 3.434570e+00 
1.353324e-05 3.332907e+00 
1.373968e-05 3.114940e+00 
1.389281e-05 2.956645e+00 
1.407752e-05 2.763839e+00 
1.456338e-05 2.315192e+00 
1.469246e-05 2.217781e+00 
1.481300e-05 2.137870e+00 
1.492238e-05 2.075126e+00 
1.504311e-05 2.017244e+00 
1.514114e-05 1.979637e+00 
1.521406e-05 1.957689e+00 
1.531087e-05 1.937382e+00 
1.539636e-05 1.928360e+00 
1.546928e-05 1.927225e+00 
1.559122e-05 1.937983e+00 
1.570056e-05 1.960469e+00 
1.579308e-05 1.988941e+00 
1.597131e-05 2.068602e+00 
1.609503e-05 2.145026e+00 
1.615256e-05 2.187272e+00 
1.630000e-05 2.316635e+00 
1.642048e-05 2.446392e+00 
1.658280e-05 2.658431e+00 
1.674637e-05 2.919907e+00 
1.690483e-05 3.225509e+00 
1.708206e-05 3.636248e+00 
1.720704e-05 3.975837e+00 
1.735958e-05 4.455175e+00 
1.749066e-05 4.931146e+00 
1.764947e-05 5.596063e+00 
1.778279e-05 6.237626e+00 
1.789709e-05 6.857379e+00 
1.800663e-05 7.520211e+00 
1.815228e-05 8.518498e+00 
1.830000e-05 9.684075e+00 
1.846106e-05 1.115876e+01 
1.862087e-05 1.286946e+01 
1.876595e-05 1.467519e+01 
1.895366e-05 1.744387e+01 
1.913262e-05 2.063062e+01 
1.930039e-05 2.421020e+01 
1.945768e-05 2.820761e+01 
1.960514e-05 3.264712e+01 
1.974338e-05 3.755319e+01 
1.987298e-05 4.294360e+01 
2.001820e-05 5.008190e+01 
2.012560e-05 5.626453e+01 
2.021518e-05 6.212859e+01 
2.031529e-05 6.958389e+01 
2.040915e-05 7.759122e+01 
2.049714e-05 8.615569e+01 
2.058510e-05 9.592480e+01 
2.065697e-05 1.049585e+02 
2.075090e-05 1.184550e+02 
2.079744e-05 1.259629e+02 
2.089296e-05 1.433994e+02 
2.097691e-05 1.614045e+02 
2.104882e-05 1.792745e+02 
2.113489e-05 2.043435e+02 
2.121401e-05 2.318523e+02 
2.128938e-05 2.632326e+02 
2.135533e-05 2.961088e+02 
2.141304e-05 3.302876e+02 
2.146354e-05 3.654936e+02 
2.150772e-05 4.013456e+02 
2.154638e-05 4.373715e+02 
2.158021e-05 4.730530e+02 
2.163941e-05 5.464354e+02 
2.168381e-05 6.119717e+02 
2.174208e-05 7.133819e+02 
2.183237e-05 9.069081e+02 
2.187762e-05 1.019495e+03 
2.192440e-05 1.144647e+03 
2.197810e-05 1.295708e+03 
2.203180e-05 1.450198e+03 
2.204523e-05 1.488882e+03 
2.208550e-05 1.604577e+03 
2.213920e-05 1.759065e+03 
2.221975e-05 2.009655e+03 
2.224660e-05 2.107841e+03 
2.229359e-05 2.315815e+03 
2.230030e-05 2.350620e+03 
2.235400e-05 2.694239e+03 
2.237246e-05 2.845760e+03 
2.240770e-05 3.196448e+03 
2.242616e-05 3.417521e+03 
2.244378e-05 3.655864e+03 
2.247051e-05 4.073739e+03 
2.250287e-05 4.680994e+03 
2.254235e-05 5.588787e+03 
2.262250e-05 8.058066e+03 
2.265211e-05 9.188462e+03 
2.268851e-05 1.072962e+04 
2.270411e-05 1.143692e+04 
2.275958e-05 1.413570e+04 
2.277745e-05 1.505081e+04 
2.281654e-05 1.708747e+04 
2.283399e-05 1.799831e+04 
2.285893e-05 1.928370e+04 
2.287496e-05 2.009140e+04 
2.290187e-05 2.139640e+04 
2.292699e-05 2.253780e+04 
2.294929e-05 2.347175e+04 
2.297595e-05 2.446995e+04 
2.300744e-05 2.545558e+04 
2.303430e-05 2.611018e+04 
2.305839e-05 2.653854e+04 
2.308518e-05 2.682966e+04 
2.309576e-05 2.688963e+04 
2.315304e-05 2.667208e+04 
2.317853e-05 2.628928e+04 
2.321181e-05 2.554426e+04 
2.323894e-05 2.475037e+04 
2.326523e-05 2.384077e+04 
2.328890e-05 2.292068e+04 
2.331548e-05 2.179333e+04 
2.333768e-05 2.079133e+04 
2.336623e-05 1.944510e+04 
2.339396e-05 1.809900e+04 
2.342169e-05 1.673954e+04 
2.345289e-05 1.522136e+04 
2.347716e-05 1.406567e+04 
2.353728e-05 1.136831e+04 
2.355474e-05 1.064201e+04 
2.360713e-05 8.646716e+03 
2.365062e-05 7.212942e+03 
2.370507e-05 5.703910e+03 
2.380658e-05 3.659832e+03 
2.383507e-05 3.238741e+03 
2.386872e-05 2.812022e+03 
2.389397e-05 2.536378e+03 
2.393183e-05 2.184383e+03 
2.397145e-05 1.882666e+03 
2.400602e-05 1.665075e+03 
2.403451e-05 1.512087e+03 
2.406300e-05 1.379055e+03 
2.411999e-05 1.160908e+03 
2.417895e-05 9.857693e+02 
2.423023e-05 8.634914e+02 
2.429094e-05 7.448835e+02 
2.436343e-05 6.304610e+02 
2.440926e-05 5.698116e+02 
2.448336e-05 4.869685e+02 
2.454333e-05 4.315377e+02 
2.460330e-05 3.850362e+02 
2.463618e-05 3.629366e+02 
2.466907e-05 3.430343e+02 
2.469821e-05 3.270988e+02 
2.474782e-05 3.032785e+02 
2.478563e-05 2.875880e+02 
2.484391e-05 2.668125e+02 
2.490313e-05 2.489325e+02 
2.505344e-05 2.116129e+02 
2.517677e-05 1.857445e+02 
2.523844e-05 1.750735e+02 
2.528170e-05 1.690277e+02 
2.532179e-05 1.647473e+02 
2.534347e-05 1.630228e+02 
2.538287e-05 1.610172e+02 
2.540096e-05 1.605927e+02 
2.542809e-05 1.605355e+02 
2.545522e-05 1.611486e+02 
2.549527e-05 1.631734e+02 
2.553688e-05 1.664645e+02 
2.561435e-05 1.746088e+02 
2.567969e-05 1.818885e+02 
2.575657e-05 1.887782e+02 
2.577362e-05 1.898814e+02 
2.582478e-05 1.920452e+02 
2.586824e-05 1.924592e+02 
2.590972e-05 1.916590e+02 
2.595529e-05 1.895735e+02 
2.599245e-05 1.870971e+02 
2.605719e-05 1.816162e+02 
2.626592e-05 1.622211e+02 
2.635106e-05 1.560600e+02 
2.647879e-05 1.490157e+02 
2.709857e-05 1.239459e+02 
2.736000e-05 1.157125e+02 
2.764512e-05 1.080488e+02 
2.872882e-05 8.329598e+01 
2.948436e-05 6.883449e+01 
2.983293e-05 6.286695e+01 
3.028657e-05 5.561860e+01 
3.118483e-05 4.328959e+01 
3.137533e-05 4.120283e+01 
3.157890e-05 3.929754e+01 
3.171697e-05 3.824220e+01 
3.179581e-05 3.774170e+01 
3.187640e-05 3.731557e+01 
3.201786e-05 3.679000e+01 
3.215457e-05 3.654257e+01 
3.234355e-05 3.651246e+01 
3.252606e-05 3.668893e+01 
3.263678e-05 3.695394e+01 
3.271076e-05 3.728480e+01 
3.275818e-05 3.760108e+01 
3.280448e-05 3.801594e+01 
3.284934e-05 3.854248e+01 
3.289279e-05 3.919494e+01 
3.293489e-05 3.998641e+01 
3.297567e-05 4.092892e+01 
3.301518e-05 4.203357e+01 
3.305346e-05 4.331082e+01 
3.309053e-05 4.477069e+01 
3.312645e-05 4.642306e+01 
3.316125e-05 4.827788e+01 
3.319496e-05 5.034542e+01 
3.322761e-05 5.263645e+01 
3.326092e-05 5.530527e+01 
3.332054e-05 6.107256e+01 
3.337800e-05 6.811780e+01 
3.343187e-05 7.642501e+01 
3.348238e-05 8.613133e+01 
3.352972e-05 9.737748e+01 
3.357411e-05 1.102990e+02 
3.361572e-05 1.250163e+02 
3.365474e-05 1.416255e+02 
3.370043e-05 1.653360e+02 
3.372560e-05 1.807365e+02 
3.375774e-05 2.032493e+02 
3.378788e-05 2.276732e+02 
3.381613e-05 2.539141e+02 
3.386745e-05 3.113058e+02 
3.391401e-05 3.763374e+02 
3.402159e-05 5.883570e+02 
3.409646e-05 8.021747e+02 
3.415594e-05 1.021022e+03 
3.421335e-05 1.280221e+03 
3.425277e-05 1.488243e+03 
3.429742e-05 1.755543e+03 
3.432420e-05 1.932658e+03 
3.436634e-05 2.237165e+03 
3.440848e-05 2.573346e+03 
3.449803e-05 3.387865e+03 
3.450790e-05 3.485350e+03 
3.458230e-05 4.259640e+03 
3.460946e-05 4.556377e+03 
3.466131e-05 5.135181e+03 
3.470411e-05 5.617023e+03 
3.474559e-05 6.078934e+03 
3.478839e-05 6.541259e+03 
3.482987e-05 6.966617e+03 
3.486674e-05 7.318806e+03 
3.490748e-05 7.672197e+03 
3.491941e-05 7.767563e+03 
3.496879e-05 8.117681e+03 
3.500736e-05 8.336238e+03 
3.505151e-05 8.521580e+03 
3.508973e-05 8.622823e+03 
3.511500e-05 8.658691e+03 
3.515398e-05 8.665109e+03 
3.519265e-05 8.613358e+03 
3.525551e-05 8.410771e+03 
3.529270e-05 8.226656e+03 
3.532521e-05 8.030351e+03 
3.536401e-05 7.757549e+03 
3.540189e-05 7.456073e+03 
3.544660e-05 7.063628e+03 
3.549331e-05 6.621687e+03 
3.554622e-05 6.095662e+03 
3.558836e-05 5.667639e+03 
3.563577e-05 5.186307e+03 
3.567264e-05 4.817787e+03 
3.575692e-05 4.015323e+03 
3.578589e-05 3.756948e+03 
3.584120e-05 3.293871e+03 
3.590440e-05 2.817576e+03 
3.601749e-05 2.112355e+03 
3.610835e-05 1.676053e+03 
3.614564e-05 1.527215e+03 
3.619007e-05 1.370420e+03 
3.623450e-05 1.233898e+03 
3.627893e-05 1.115452e+03 
3.632336e-05 1.012939e+03 
3.636779e-05 9.243257e+02 
3.641222e-05 8.477250e+02 
3.645665e-05 7.814237e+02 
3.654551e-05 6.737895e+02 
3.662895e-05 5.958424e+02 
3.671238e-05 5.339831e+02 
3.678625e-05 4.890766e+02 
3.691366e-05 4.271090e+02 
3.696734e-05 4.054282e+02 
3.705789e-05 3.734225e+02 
3.715352e-05 3.447558e+02 
3.724978e-05 3.203055e+02 
3.737145e-05 2.947440e+02 
3.744699e-05 2.815165e+02 
3.752295e-05 2.700731e+02 
3.775062e-05 2.459252e+02 
3.784353e-05 2.400965e+02 
3.794162e-05 2.362262e+02 
3.801226e-05 2.347424e+02 
3.807441e-05 2.342173e+02 
3.820062e-05 2.348857e+02 
3.849043e-05 2.396138e+02 
3.864145e-05 2.407433e+02 
3.877945e-05 2.401852e+02 
3.892692e-05 2.382754e+02 
3.929961e-05 2.324493e+02 
3.959600e-05 2.299511e+02 
3.989858e-05 2.277810e+02 
4.022454e-05 2.238933e+02 
4.068721e-05 2.174737e+02 
4.109634e-05 2.132451e+02 
4.169444e-05 2.090552e+02 
4.273171e-05 2.042799e+02 
4.349575e-05 2.021255e+02 
4.475008e-05 2.005688e+02 
4.645907e-05 2.014341e+02 
4.800000e-05 2.042429e+02 
4.985396e-05 2.097372e+02 
5.275000e-05 2.217731e+02 
5.599187e-05 2.382587e+02 
5.671902e-05 2.425960e+02 
5.699860e-05 2.453272e+02 
5.731029e-05 2.497062e+02 
5.810485e-05 2.647768e+02 
5.832098e-05 2.679798e+02 
5.854576e-05 2.702691e+02 
5.892998e-05 2.721853e+02 
5.947643e-05 2.740877e+02 
5.983390e-05 2.764483e+02 
6.070000e-05 2.844401e+02 
6.147522e-05 2.910850e+02 
6.569011e-05 3.238165e+02 
6.839116e-05 3.439198e+02 
7.100128e-05 3.613369e+02 
7.349725e-05 3.755846e+02 
7.606037e-05 3.869746e+02 
7.881603e-05 3.949794e+02 
8.128505e-05 3.977979e+02 
8.380582e-05 3.957003e+02 
8.568199e-05 3.907707e+02 
8.750855e-05 3.825812e+02 
8.929128e-05 3.714890e+02 
9.067760e-05 3.608038e+02 
9.205855e-05 3.557661e+02 
9.349455e-05 3.715106e+02 
9.497673e-05 3.993112e+02 
9.623195e-05 4.279801e+02 
9.734724e-05 4.584462e+02 
9.840875e-05 4.931198e+02 
9.952858e-05 5.373758e+02 
1.005256e-04 5.855345e+02 
1.012008e-04 6.243111e+02 
1.020352e-04 6.810810e+02 
1.024609e-04 7.147123e+02 
1.030487e-04 7.675765e+02 
1.036971e-04 8.364521e+02 
1.042730e-04 9.094544e+02 
1.048492e-04 9.970038e+02 
1.053738e-04 1.093215e+03 
1.058540e-04 1.199515e+03 
1.063071e-04 1.321048e+03 
1.065469e-04 1.396099e+03 
1.068574e-04 1.507410e+03 
1.071292e-04 1.621032e+03 
1.073669e-04 1.736144e+03 
1.076499e-04 1.897513e+03 
1.079163e-04 2.080942e+03 
1.080557e-04 2.192312e+03 
1.082996e-04 2.419474e+03 
1.084825e-04 2.623155e+03 
1.086537e-04 2.846080e+03 
1.088255e-04 3.108131e+03 
1.089284e-04 3.286685e+03 
1.090313e-04 3.483782e+03 
1.092997e-04 4.100858e+03 
1.094339e-04 4.475363e+03 
1.095681e-04 4.901622e+03 
1.097022e-04 5.385813e+03 
1.098364e-04 5.934222e+03 
1.101048e-04 7.248195e+03 
1.106330e-04 1.081420e+04 
1.108061e-04 1.228551e+04 
1.110133e-04 1.423744e+04 
1.111167e-04 1.528245e+04 
1.113889e-04 1.821772e+04 
1.114229e-04 1.859956e+04 
1.116610e-04 2.132464e+04 
1.117546e-04 2.240470e+04 
1.119699e-04 2.485501e+04 
1.120988e-04 2.626706e+04 
1.121976e-04 2.730282e+04 
1.123387e-04 2.869323e+04 
1.124861e-04 3.000496e+04 
1.126375e-04 3.117103e+04 
1.127885e-04 3.212109e+04 
1.129625e-04 3.292092e+04 
1.131003e-04 3.331161e+04 
1.132593e-04 3.348282e+04 
1.133524e-04 3.344150e+04 
1.136020e-04 3.281924e+04 
1.137220e-04 3.226424e+04 
1.138619e-04 3.142211e+04 
1.140065e-04 3.035077e+04 
1.141303e-04 2.928820e+04 
1.142666e-04 2.798644e+04 
1.143987e-04 2.661547e+04 
1.145107e-04 2.538616e+04 
1.146548e-04 2.374153e+04 
1.147909e-04 2.214795e+04 
1.149270e-04 2.054099e+04 
1.150800e-04 1.874615e+04 
1.151991e-04 1.737800e+04 
1.154713e-04 1.440886e+04 
1.156541e-04 1.257940e+04 
1.157434e-04 1.174254e+04 
1.159476e-04 9.979204e+03 
1.161904e-04 8.159093e+03 
1.165057e-04 6.234067e+03 
1.169486e-04 4.260859e+03 
1.172231e-04 3.383164e+03 
1.174247e-04 2.869734e+03 
1.176271e-04 2.445186e+03 
1.178654e-04 2.042093e+03 
1.182934e-04 1.528293e+03 
1.187336e-04 1.241650e+03 
1.188757e-04 1.202308e+03 
1.190949e-04 1.198680e+03 
1.192344e-04 1.236215e+03 
1.193802e-04 1.312263e+03 
1.194922e-04 1.398556e+03 
1.195642e-04 1.467760e+03 
1.196734e-04 1.594324e+03 
1.197630e-04 1.718684e+03 
1.198502e-04 1.858363e+03 
1.199247e-04 1.993009e+03 
1.200826e-04 2.326973e+03 
1.203560e-04 3.071036e+03 
1.206065e-04 3.948408e+03 
1.207489e-04 4.532111e+03 
1.210698e-04 6.067142e+03 
1.211033e-04 6.244242e+03 
1.213724e-04 7.765905e+03 
1.215272e-04 8.710537e+03 
1.217028e-04 9.826834e+03 
1.218424e-04 1.073585e+04 
1.219933e-04 1.172634e+04 
1.221110e-04 1.249538e+04 
1.222380e-04 1.331102e+04 
1.223689e-04 1.412654e+04 
1.225193e-04 1.501770e+04 
1.226739e-04 1.586558e+04 
1.228094e-04 1.653862e+04 
1.229322e-04 1.708181e+04 
1.230939e-04 1.768762e+04 
1.231891e-04 1.798114e+04 
1.234687e-04 1.854798e+04 
1.235873e-04 1.864956e+04 
1.238036e-04 1.861887e+04 
1.239480e-04 1.844686e+04 
1.241064e-04 1.812645e+04 
1.242316e-04 1.778295e+04 
1.243268e-04 1.747316e+04 
1.244626e-04 1.696579e+04 
1.246240e-04 1.627647e+04 
1.247630e-04 1.562207e+04 
1.249020e-04 1.492499e+04 
1.250784e-04 1.399893e+04 
1.251842e-04 1.343070e+04 
1.255129e-04 1.166641e+04 
1.260390e-04 9.075014e+03 
1.264903e-04 7.266810e+03 
1.268088e-04 6.251248e+03 
1.270272e-04 5.672636e+03 
1.272097e-04 5.255747e+03 
1.273574e-04 4.958493e+03 
1.275360e-04 4.641703e+03 
1.276178e-04 4.510808e+03 
1.277987e-04 4.249336e+03 
1.280100e-04 3.986813e+03 
1.281563e-04 3.828118e+03 
1.284083e-04 3.591223e+03 
1.287022e-04 3.361820e+03 
1.290189e-04 3.157190e+03 
1.294185e-04 2.945039e+03 
1.298651e-04 2.751325e+03 
1.301492e-04 2.645969e+03 
1.306765e-04 2.479080e+03 
1.311020e-04 2.366887e+03 
1.314219e-04 2.293958e+03 
1.317643e-04 2.225666e+03 
1.321849e-04 2.154124e+03 
1.326803e-04 2.084659e+03 
1.333521e-04 2.009399e+03 
1.340375e-04 1.945897e+03 
1.355245e-04 1.825109e+03 
1.365670e-04 1.750412e+03 
1.380151e-04 1.665292e+03 
1.397862e-04 1.586707e+03 
1.414958e-04 1.531136e+03 
1.435731e-04 1.482788e+03 
1.453964e-04 1.452998e+03 
1.490500e-04 1.411541e+03 
1.533012e-04 1.370422e+03 
1.609266e-04 1.294070e+03 
1.728000e-04 1.181660e+03 
1.920495e-04 1.022273e+03 
2.150000e-04 8.685399e+02 
2.242090e-04 8.131066e+02 
2.291941e-04 7.819247e+02 
2.343859e-04 7.429461e+02 
2.358474e-04 7.351884e+02 
2.373871e-04 7.315523e+02 
2.390051e-04 7.321921e+02 
2.416631e-04 7.360576e+02 
2.433952e-04 7.366902e+02 
2.490332e-04 7.302233e+02 
2.560000e-04 7.172740e+02 
2.713413e-04 6.856318e+02 
2.770268e-04 6.732532e+02 
2.864719e-04 6.518783e+02 
2.953063e-04 6.312209e+02 
2.994173e-04 6.200864e+02 
3.054540e-04 5.999230e+02 
3.069932e-04 5.967255e+02 
3.093974e-04 5.968078e+02 
3.123034e-04 6.020920e+02 
3.152672e-04 6.047762e+02 
3.180561e-04 6.026784e+02 
3.243645e-04 5.935336e+02 
3.459261e-04 5.615068e+02 
3.701809e-04 5.191877e+02 
3.845918e-04 4.936065e+02 
3.914418e-04 4.848962e+02 
4.050420e-04 4.651925e+02 
4.216965e-04 4.360541e+02 
4.398211e-04 3.987976e+02 
4.518559e-04 3.707049e+02 
4.626931e-04 3.429934e+02 
4.716049e-04 3.181042e+02 
4.776073e-04 3.011842e+02 
4.822384e-04 2.874823e+02 
4.963433e-04 2.452834e+02 
5.001205e-04 2.333789e+02 
5.049834e-04 2.167321e+02 
5.094096e-04 2.015652e+02 
5.134614e-04 1.876295e+02 
5.173750e-04 1.738492e+02 
5.203750e-04 1.631738e+02 
5.259741e-04 1.438980e+02 
5.286255e-04 1.355626e+02 
5.310000e-04 1.288130e+02 
5.336385e-04 1.223402e+02 
5.353750e-04 1.187880e+02 
5.377734e-04 1.149574e+02 
5.400000e-04 1.126596e+02 
5.419736e-04 1.117480e+02 
5.435541e-04 1.118420e+02 
5.457984e-04 1.133197e+02 
5.484849e-04 1.172906e+02 
5.509991e-04 1.232955e+02 
5.542485e-04 1.344506e+02 
5.587485e-04 1.563263e+02 
5.614983e-04 1.733937e+02 
5.633983e-04 1.868253e+02 
5.728500e-04 2.725459e+02 
5.762485e-04 3.101844e+02 
5.792489e-04 3.458609e+02 
5.822674e-04 3.837378e+02 
5.837494e-04 4.029619e+02 
5.870000e-04 4.463228e+02 
5.882500e-04 4.633630e+02 
5.910000e-04 5.014025e+02 
5.930000e-04 5.294349e+02 
5.965000e-04 5.789563e+02 
5.982500e-04 6.038313e+02 
6.030000e-04 6.712999e+02 
6.050983e-04 7.009404e+02 
6.087698e-04 7.523690e+02 
6.148836e-04 8.363585e+02 
6.220554e-04 9.314408e+02 
6.301104e-04 1.032728e+03 
6.359803e-04 1.102282e+03 
6.441140e-04 1.192120e+03 
6.546598e-04 1.298117e+03 
6.618830e-04 1.364305e+03 
6.741398e-04 1.466946e+03 
6.855000e-04 1.553113e+03 
7.000000e-04 1.651858e+03 
7.140852e-04 1.736132e+03 
7.235243e-04 1.786340e+03 
7.417974e-04 1.873768e+03 
7.585776e-04 1.940914e+03 
7.746605e-04 1.993047e+03 
7.943282e-04 2.043781e+03 
8.268349e-04 2.105486e+03 
8.328891e-04 2.154561e+03 
8.370524e-04 2.224922e+03 
8.391364e-04 2.273025e+03 
8.434247e-04 2.390048e+03 
8.488960e-04 2.525547e+03 
8.514443e-04 2.560398e+03 
8.535392e-04 2.569482e+03 
8.555674e-04 2.561131e+03 
8.580230e-04 2.531501e+03 
8.659643e-04 2.378624e+03 
8.675828e-04 2.353212e+03 
8.700178e-04 2.325146e+03 
8.738926e-04 2.306897e+03 
8.787537e-04 2.322013e+03 
8.848811e-04 2.381126e+03 
8.895629e-04 2.449698e+03 
8.962231e-04 2.572245e+03 
9.019737e-04 2.667073e+03 
9.047150e-04 2.694586e+03 
9.065781e-04 2.704375e+03 
9.088246e-04 2.706489e+03 
9.113548e-04 2.697774e+03 
9.216628e-04 2.622057e+03 
9.245568e-04 2.611622e+03 
9.282500e-04 2.611178e+03 
9.362485e-04 2.644755e+03 
9.489505e-04 2.718082e+03 
9.685281e-04 2.805176e+03 
9.993035e-04 2.908246e+03 
1.028844e-03 2.984231e+03 
1.059254e-03 3.044015e+03 
1.096478e-03 3.100045e+03 
1.128456e-03 3.127012e+03 
1.165917e-03 3.133753e+03 
1.179188e-03 3.148220e+03 
1.194041e-03 3.191103e+03 
1.219747e-03 3.289305e+03 
1.232613e-03 3.328118e+03 
1.259424e-03 3.382798e+03 
1.298487e-03 3.436775e+03 
1.342988e-03 3.479639e+03 
1.389009e-03 3.510480e+03 
1.429117e-03 3.525143e+03 
1.495561e-03 3.539825e+03 
1.526484e-03 3.558262e+03 
1.557569e-03 3.569270e+03 
1.606444e-03 3.571045e+03 
1.656064e-03 3.565705e+03 
1.727826e-03 3.601776e+03 
1.798871e-03 3.605971e+03 
1.883961e-03 3.591322e+03 
1.978108e-03 3.567023e+03 
2.074521e-03 3.535716e+03 
2.191046e-03 3.485972e+03 
2.309072e-03 3.427146e+03 
2.449759e-03 3.350304e+03 
2.583514e-03 3.268318e+03 
2.705284e-03 3.188935e+03 
2.862163e-03 3.079379e+03 
3.006412e-03 2.970792e+03 
3.130269e-03 2.870089e+03 
3.259305e-03 2.757708e+03 
3.368992e-03 2.652908e+03 
3.467368e-03 2.549124e+03 
3.559143e-03 2.442494e+03 
3.641246e-03 2.335668e+03 
3.699408e-03 2.250387e+03 
3.752970e-03 2.160799e+03 
3.802173e-03 2.064689e+03 
3.841578e-03 1.974673e+03 
3.873169e-03 1.890318e+03 
3.906682e-03 1.788632e+03 
3.935529e-03 1.701974e+03 
3.953365e-03 1.658843e+03 
3.963436e-03 1.640843e+03 
3.977682e-03 1.625012e+03 
3.990769e-03 1.620986e+03 
4.004268e-03 1.626935e+03 
4.021379e-03 1.647213e+03 
4.039765e-03 1.681249e+03 
4.099297e-03 1.822376e+03 
4.122672e-03 1.869301e+03 
4.174550e-03 1.961159e+03 
4.203596e-03 2.026485e+03 
4.246686e-03 2.145672e+03 
4.313400e-03 2.352791e+03 
4.343227e-03 2.438914e+03 
4.363618e-03 2.489690e+03 
4.392420e-03 2.548927e+03 
4.428020e-03 2.604936e+03 
4.465767e-03 2.649099e+03 
4.504224e-03 2.682291e+03 
4.553664e-03 2.711652e+03 
4.603180e-03 2.728212e+03 
4.648081e-03 2.731398e+03 
4.687306e-03 2.723465e+03 
4.762466e-03 2.690643e+03 
4.778882e-03 2.688049e+03 
4.796762e-03 2.691422e+03 
4.813309e-03 2.701665e+03 
4.841026e-03 2.734488e+03 
4.920511e-03 2.875358e+03 
4.944533e-03 2.910868e+03 
4.974919e-03 2.946368e+03 
5.011872e-03 2.978244e+03 
5.060284e-03 3.007952e+03 
5.121238e-03 3.033828e+03 
5.188000e-03 3.052579e+03 
5.256073e-03 3.064196e+03 
5.418839e-03 3.070235e+03 
5.511249e-03 3.063574e+03 
5.671159e-03 3.035702e+03 
5.800635e-03 2.993719e+03 
5.880908e-03 2.960840e+03 
5.942624e-03 2.948762e+03 
6.084757e-03 2.965592e+03 
6.177647e-03 2.957587e+03 
6.299638e-03 2.937412e+03 
6.501569e-03 2.953138e+03 
6.684767e-03 2.937286e+03 
6.954925e-03 2.893691e+03 
7.454244e-03 2.790956e+03 
7.831377e-03 2.706154e+03 
8.427348e-03 2.566499e+03 
8.939002e-03 2.448172e+03 
9.506446e-03 2.320211e+03 
1.024398e-02 2.164662e+03 
1.104744e-02 2.007420e+03 
1.208770e-02 1.822124e+03 
1.264373e-02 1.731520e+03 
1.326702e-02 1.636029e+03 
1.387605e-02 1.548184e+03 
1.453136e-02 1.458978e+03 
1.513634e-02 1.380302e+03 
1.566328e-02 1.314322e+03 
1.618607e-02 1.250522e+03 
1.662724e-02 1.197327e+03 
1.700122e-02 1.152039e+03 
1.732445e-02 1.112286e+03 
1.758210e-02 1.079512e+03 
1.781586e-02 1.048380e+03 
1.800000e-02 1.022305e+03 
1.814554e-02 1.000092e+03 
1.828793e-02 9.760840e+02 
1.839953e-02 9.547147e+02 
1.848986e-02 9.350829e+02 
1.861419e-02 9.044047e+02 
1.878733e-02 8.609022e+02 
1.886340e-02 8.466072e+02 
1.893228e-02 8.388663e+02 
1.900456e-02 8.370955e+02 
1.907862e-02 8.418644e+02 
1.916298e-02 8.535713e+02 
1.937620e-02 8.918581e+02 
1.950539e-02 9.092731e+02 
1.959056e-02 9.170852e+02 
1.969220e-02 9.233355e+02 
1.981224e-02 9.276436e+02 
1.994603e-02 9.298416e+02 
2.010781e-02 9.300564e+02 
2.046536e-02 9.243820e+02 
2.093245e-02 9.093972e+02 
2.149226e-02 8.849603e+02 
2.181572e-02 8.685741e+02 
2.234396e-02 8.382579e+02 
2.274099e-02 8.114971e+02 
2.291266e-02 7.981206e+02 
2.306597e-02 7.846274e+02 
2.327771e-02 7.628291e+02 
2.355845e-02 7.326551e+02 
2.367967e-02 7.236029e+02 
2.379001e-02 7.192825e+02 
2.390666e-02 7.186119e+02 
2.457802e-02 7.326169e+02 
2.506470e-02 7.487525e+02 
2.531565e-02 7.524841e+02 
2.569527e-02 7.517378e+02 
2.618032e-02 7.456626e+02 
2.680426e-02 7.341162e+02 
2.791387e-02 7.090008e+02 
2.913231e-02 6.787110e+02 
3.085851e-02 6.355180e+02 
3.306026e-02 5.838280e+02 
3.645337e-02 5.138657e+02 
3.975347e-02 4.556123e+02 
4.308985e-02 4.050031e+02 
4.820649e-02 3.415558e+02 
5.210976e-02 3.021073e+02 
5.671462e-02 2.629799e+02 
6.427223e-02 2.124322e+02 
7.611718e-02 1.579067e+02 
8.609938e-02 1.266077e+02 
9.712990e-02 1.014182e+02 
1.053968e-01 8.672948e+01 
1.122211e-01 7.638773e+01 
1.172380e-01 6.945455e+01 
1.191842e-01 6.683374e+01 
1.207864e-01 6.466294e+01 
1.221371e-01 6.279002e+01 
1.232425e-01 6.119094e+01 
1.241626e-01 5.977054e+01 
1.249149e-01 5.850357e+01 
1.259280e-01 5.657468e+01 
1.276432e-01 5.309523e+01 
1.281520e-01 5.234179e+01 
1.287119e-01 5.184834e+01 
1.293027e-01 5.174708e+01 
1.299710e-01 5.206292e+01 
1.315170e-01 5.335608e+01 
1.323183e-01 5.380767e+01 
1.334421e-01 5.405444e+01 
1.342848e-01 5.403406e+01 
1.363379e-01 5.361294e+01 
1.388053e-01 5.276138e+01 
1.429942e-01 5.097705e+01 
1.472836e-01 4.900536e+01 
1.536957e-01 4.604563e+01 
1.649023e-01 4.118585e+01 
1.804674e-01 3.540917e+01 
2.022023e-01 2.906195e+01 
2.304093e-01 2.302123e+01 
2.726623e-01 1.694475e+01 
3.349654e-01 1.156727e+01 
4.170944e-01 7.648759e+00 
5.523617e-01 4.468865e+00 
8.181851e-01 2.088575e+00 
1.228714e+00 9.441441e-01 
1.859734e+00 4.171176e-01 
3.384160e+00 1.269771e-01 
1.022000e+01 1.396986e-02 
3.086391e+01 1.531886e-03 
9.320751e+01 1.679680e-04 
2.814822e+02 1.841732e-05 
8.500626e+02 2.019419e-06 
3.162278e+03 1.459245e-07 
1.000000e+04 1.459245e-08 
3.162278e+04 1.459245e-09 
1.000000e+05 1.459240e-10 
-1           -1           
-2           -2           
