% -----------------------------------------------------------------------
%   Program Name: re-cs-98.dat 
%   Author: the Geant4 Collaboration
%   Organization: the Geant4 Collaboration
%   Version: unknown
%   Date: circa 2006
%   Class: Public
%   Copyright (c) Copyright Holders of the Geant4 Collaboration, 1994-2006.
%   See http://cern.ch/geant4/license for details on the copyright holders.
%   All rights not expressly granted under this license are reserved.
% -----------------------------------------------------------------------
1.000000e-06 6.598343e-02 
1.142105e-06 1.211832e-01 
1.181234e-06 1.419949e-01 
1.217917e-06 1.643247e-01 
1.284549e-06 2.130646e-01 
1.343112e-06 2.663551e-01 
1.419490e-06 3.548256e-01 
1.463075e-06 4.165410e-01 
1.501211e-06 4.787741e-01 
1.563780e-06 6.007298e-01 
1.634038e-06 7.750528e-01 
1.667571e-06 8.743794e-01 
1.692720e-06 9.578540e-01 
1.730445e-06 1.098716e+00 
1.789929e-06 1.363137e+00 
1.837803e-06 1.626632e+00 
1.894077e-06 2.011329e+00 
1.930514e-06 2.310458e+00 
1.964674e-06 2.636608e+00 
1.996699e-06 2.990493e+00 
2.026722e-06 3.372509e+00 
2.054869e-06 3.782361e+00 
2.081256e-06 4.219951e+00 
2.105995e-06 4.686275e+00 
2.129187e-06 5.181818e+00 
2.150930e-06 5.706529e+00 
2.171313e-06 6.260164e+00 
2.190423e-06 6.842317e+00 
2.208339e-06 7.452421e+00 
2.225134e-06 8.089762e+00 
2.240880e-06 8.753615e+00 
2.255642e-06 9.443659e+00 
2.269481e-06 1.015973e+01 
2.282456e-06 1.090012e+01 
2.306783e-06 1.249485e+01 
2.328068e-06 1.415912e+01 
2.346694e-06 1.588024e+01 
2.362991e-06 1.764131e+01 
2.377251e-06 1.942381e+01 
2.389728e-06 2.120947e+01 
2.400646e-06 2.298028e+01 
2.410199e-06 2.471840e+01 
2.418558e-06 2.640721e+01 
2.433186e-06 2.981521e+01 
2.444157e-06 3.283529e+01 
2.452385e-06 3.542503e+01 
2.464728e-06 3.996281e+01 
2.470899e-06 4.259181e+01 
2.477070e-06 4.551356e+01 
2.483167e-06 4.873751e+01 
2.489264e-06 5.235841e+01 
2.495361e-06 5.645436e+01 
2.501458e-06 6.112705e+01 
2.507555e-06 6.651270e+01 
2.513652e-06 7.279927e+01 
2.519749e-06 8.025312e+01 
2.525846e-06 8.925825e+01 
2.531943e-06 1.003699e+02 
2.538040e-06 1.143807e+02 
2.544137e-06 1.323902e+02 
2.547185e-06 1.433370e+02 
2.550234e-06 1.558629e+02 
2.553282e-06 1.702115e+02 
2.556331e-06 1.866486e+02 
2.560000e-06 2.096045e+02 
2.562428e-06 2.269393e+02 
2.565476e-06 2.513965e+02 
2.571573e-06 3.104417e+02 
2.583647e-06 4.740602e+02 
2.588861e-06 5.655387e+02 
2.592040e-06 6.272731e+02 
2.595218e-06 6.931414e+02 
2.601574e-06 8.350446e+02 
2.602369e-06 8.535086e+02 
2.607931e-06 9.850356e+02 
2.610116e-06 1.036938e+03 
2.614287e-06 1.134289e+03 
2.617515e-06 1.206401e+03 
2.620644e-06 1.272042e+03 
2.623872e-06 1.333899e+03 
2.627000e-06 1.386799e+03 
2.629781e-06 1.426983e+03 
2.633022e-06 1.464624e+03 
2.636734e-06 1.494383e+03 
2.639912e-06 1.507728e+03 
2.641019e-06 1.509659e+03 
2.644176e-06 1.507358e+03 
2.646506e-06 1.498256e+03 
2.652721e-06 1.444304e+03 
2.654704e-06 1.418575e+03 
2.659367e-06 1.343754e+03 
2.661825e-06 1.297195e+03 
2.665140e-06 1.227993e+03 
2.668367e-06 1.154941e+03 
2.671496e-06 1.080261e+03 
2.674277e-06 1.011814e+03 
2.677182e-06 9.392995e+02 
2.681031e-06 8.433300e+02 
2.684209e-06 7.655275e+02 
2.687785e-06 6.809287e+02 
2.690566e-06 6.180147e+02 
2.696922e-06 4.860971e+02 
2.699107e-06 4.450379e+02 
2.701193e-06 4.080176e+02 
2.704868e-06 3.480368e+02 
2.708443e-06 2.960787e+02 
2.711601e-06 2.553033e+02 
2.714942e-06 2.171462e+02 
2.718248e-06 1.841164e+02 
2.722598e-06 1.472074e+02 
2.726881e-06 1.173544e+02 
2.731098e-06 9.339646e+01 
2.737299e-06 6.625890e+01 
2.743357e-06 4.709478e+01 
2.751230e-06 3.004857e+01 
2.758875e-06 1.934689e+01 
2.766282e-06 1.257954e+01 
2.773460e-06 8.253675e+00 
2.780416e-06 5.478839e+00 
2.783812e-06 4.498046e+00 
2.787155e-06 3.725378e+00 
2.790446e-06 3.126418e+00 
2.792066e-06 2.884265e+00 
2.793673e-06 2.675593e+00 
2.795268e-06 2.497902e+00 
2.796850e-06 2.348951e+00 
2.798420e-06 2.226730e+00 
2.799977e-06 2.129426e+00 
2.801135e-06 2.071928e+00 
2.802667e-06 2.014468e+00 
2.804192e-06 1.977630e+00 
2.805704e-06 1.960332e+00 
2.808705e-06 1.980109e+00 
2.811660e-06 2.066088e+00 
2.814568e-06 2.211478e+00 
2.820293e-06 2.662671e+00 
2.825840e-06 3.295377e+00 
2.856736e-06 1.013790e+01 
2.865552e-06 1.322370e+01 
2.873816e-06 1.668714e+01 
2.881564e-06 2.051833e+01 
2.888828e-06 2.470928e+01 
2.895637e-06 2.925360e+01 
2.902022e-06 3.414669e+01 
2.928433e-06 6.379152e+01 
2.936831e-06 7.808887e+01 
2.944450e-06 9.438363e+01 
2.951117e-06 1.122172e+02 
2.956950e-06 1.315437e+02 
2.962054e-06 1.522318e+02 
2.966520e-06 1.740544e+02 
2.970428e-06 1.967026e+02 
2.973848e-06 2.198145e+02 
2.976840e-06 2.430111e+02 
2.982076e-06 2.916185e+02 
2.986002e-06 3.361042e+02 
2.988948e-06 3.748291e+02 
2.993366e-06 4.429429e+02 
3.001473e-06 6.058888e+02 
3.012541e-06 9.302455e+02 
3.019158e-06 1.193375e+03 
3.022798e-06 1.362938e+03 
3.027371e-06 1.601960e+03 
3.031088e-06 1.817629e+03 
3.034804e-06 2.052009e+03 
3.042238e-06 2.571985e+03 
3.043167e-06 2.641199e+03 
3.049671e-06 3.145465e+03 
3.052226e-06 3.350359e+03 
3.057104e-06 3.745284e+03 
3.060879e-06 4.048527e+03 
3.064537e-06 4.334785e+03 
3.068312e-06 4.616609e+03 
3.072000e-06 4.873167e+03 
3.075222e-06 5.077908e+03 
3.078228e-06 5.249414e+03 
3.079868e-06 5.334192e+03 
3.084224e-06 5.525703e+03 
3.087625e-06 5.638445e+03 
3.091587e-06 5.725983e+03 
3.095294e-06 5.763410e+03 
3.098007e-06 5.763114e+03 
3.101703e-06 5.725284e+03 
3.104291e-06 5.673691e+03 
3.109601e-06 5.506526e+03 
3.112568e-06 5.379921e+03 
3.116570e-06 5.175813e+03 
3.120529e-06 4.941244e+03 
3.123991e-06 4.714359e+03 
3.126882e-06 4.512479e+03 
3.130599e-06 4.240618e+03 
3.134734e-06 3.927852e+03 
3.138869e-06 3.610757e+03 
3.143050e-06 3.292078e+03 
3.146302e-06 3.049216e+03 
3.153736e-06 2.523061e+03 
3.158730e-06 2.199930e+03 
3.161169e-06 2.052496e+03 
3.166744e-06 1.742846e+03 
3.172825e-06 1.449457e+03 
3.189381e-06 8.705660e+02 
3.192983e-06 7.814286e+02 
3.196558e-06 7.036988e+02 
3.200105e-06 6.360556e+02 
3.203624e-06 5.772617e+02 
3.207115e-06 5.261788e+02 
3.210579e-06 4.817757e+02 
3.217454e-06 4.091795e+02 
3.224221e-06 3.537151e+02 
3.230882e-06 3.107232e+02 
3.237439e-06 2.768008e+02 
3.243894e-06 2.495141e+02 
3.250247e-06 2.271431e+02 
3.256502e-06 2.084764e+02 
3.262659e-06 1.926563e+02 
3.268719e-06 1.790686e+02 
3.274685e-06 1.672651e+02 
3.286431e-06 1.476209e+02 
3.297809e-06 1.320818e+02 
3.308832e-06 1.194963e+02 
3.319510e-06 1.091128e+02 
3.329855e-06 1.004164e+02 
3.339876e-06 9.304094e+01 
3.349584e-06 8.671728e+01 
3.358989e-06 8.124293e+01 
3.377211e-06 7.212740e+01 
3.394293e-06 6.500439e+01 
3.410309e-06 5.930728e+01 
3.425323e-06 5.466655e+01 
3.439399e-06 5.082800e+01 
3.452595e-06 4.760959e+01 
3.477338e-06 4.238637e+01 
3.498987e-06 3.851668e+01 
3.517931e-06 3.556488e+01 
3.534507e-06 3.326148e+01 
3.563514e-06 2.974644e+01 
3.585270e-06 2.746448e+01 
3.617903e-06 2.449398e+01 
3.668507e-06 2.070985e+01 
3.722419e-06 1.750452e+01 
3.830243e-06 1.273232e+01 
3.880959e-06 1.100725e+01 
4.058463e-06 6.060260e+00 
4.096000e-06 5.102109e+00 
4.117053e-06 4.574107e+00 
4.131917e-06 4.199678e+00 
4.144924e-06 3.868363e+00 
4.156304e-06 3.574167e+00 
4.176220e-06 3.046825e+00 
4.191157e-06 2.640944e+00 
4.202359e-06 2.333921e+00 
4.210761e-06 2.105716e+00 
4.217063e-06 1.938141e+00 
4.221789e-06 1.815813e+00 
4.232422e-06 1.556789e+00 
4.241832e-06 1.354861e+00 
4.246393e-06 1.269201e+00 
4.251606e-06 1.182910e+00 
4.256820e-06 1.110360e+00 
4.259426e-06 1.079622e+00 
4.265291e-06 1.024719e+00 
4.268549e-06 1.003017e+00 
4.277672e-06 9.762753e-01 
4.279546e-06 9.769280e-01 
4.281684e-06 9.801632e-01 
4.288099e-06 1.005214e+00 
4.292110e-06 1.031922e+00 
4.296119e-06 1.066443e+00 
4.300968e-06 1.117871e+00 
4.305583e-06 1.175946e+00 
4.311558e-06 1.263740e+00 
4.317728e-06 1.369911e+00 
4.320029e-06 1.414041e+00 
4.326138e-06 1.545939e+00 
4.329804e-06 1.637883e+00 
4.340556e-06 1.991851e+00 
4.343406e-06 2.115349e+00 
4.350982e-06 2.532660e+00 
4.353833e-06 2.731696e+00 
4.357005e-06 2.986487e+00 
4.361083e-06 3.373795e+00 
4.364961e-06 3.814460e+00 
4.369658e-06 4.458538e+00 
4.374833e-06 5.330776e+00 
4.391702e-06 9.678053e+00 
4.395615e-06 1.107678e+01 
4.401286e-06 1.339614e+01 
4.405848e-06 1.552013e+01 
4.408741e-06 1.698744e+01 
4.413574e-06 1.964397e+01 
4.417543e-06 2.201116e+01 
4.425328e-06 2.710153e+01 
4.429195e-06 2.982161e+01 
4.432781e-06 3.243644e+01 
4.436647e-06 3.533565e+01 
4.441183e-06 3.881072e+01 
4.446094e-06 4.261414e+01 
4.450732e-06 4.619238e+01 
4.455445e-06 4.975937e+01 
4.459114e-06 5.245151e+01 
4.463530e-06 5.555286e+01 
4.468312e-06 5.868971e+01 
4.470991e-06 6.032728e+01 
4.475884e-06 6.305999e+01 
4.479808e-06 6.498377e+01 
4.483167e-06 6.642411e+01 
4.487976e-06 6.813203e+01 
4.491513e-06 6.910926e+01 
4.493719e-06 6.959599e+01 
4.500338e-06 7.048080e+01 
4.505339e-06 7.057852e+01 
4.508519e-06 7.039094e+01 
4.510903e-06 7.012666e+01 
4.514480e-06 6.953875e+01 
4.518057e-06 6.873177e+01 
4.521697e-06 6.770023e+01 
4.526474e-06 6.605212e+01 
4.531081e-06 6.418237e+01 
4.537996e-06 6.094715e+01 
4.543375e-06 5.815371e+01 
4.546065e-06 5.668923e+01 
4.552117e-06 5.328023e+01 
4.554135e-06 5.212034e+01 
4.564894e-06 4.589061e+01 
4.571618e-06 4.207864e+01 
4.581033e-06 3.701686e+01 
4.596991e-06 2.950444e+01 
4.608000e-06 2.523045e+01 
4.613804e-06 2.327714e+01 
4.620175e-06 2.135870e+01 
4.626346e-06 1.971026e+01 
4.632325e-06 1.829371e+01 
4.643909e-06 1.598929e+01 
4.654769e-06 1.426369e+01 
4.664950e-06 1.294261e+01 
4.674495e-06 1.190519e+01 
4.692392e-06 1.033713e+01 
4.708052e-06 9.240067e+00 
4.735456e-06 7.686073e+00 
4.776563e-06 5.801458e+00 
4.797116e-06 4.951693e+00 
4.807393e-06 4.539930e+00 
4.817669e-06 4.137468e+00 
4.829527e-06 3.689445e+00 
4.853243e-06 2.897170e+00 
4.859172e-06 2.736517e+00 
4.865102e-06 2.598319e+00 
4.871031e-06 2.487168e+00 
4.875477e-06 2.424536e+00 
4.879163e-06 2.387848e+00 
4.881887e-06 2.370401e+00 
4.900958e-06 2.523298e+00 
4.902459e-06 2.558610e+00 
4.912962e-06 2.913851e+00 
4.915119e-06 3.011088e+00 
4.924966e-06 3.563375e+00 
4.932250e-06 4.085496e+00 
4.946293e-06 5.341944e+00 
4.953939e-06 6.140316e+00 
4.960201e-06 6.836258e+00 
4.964770e-06 7.359595e+00 
4.970929e-06 8.073965e+00 
4.973732e-06 8.398773e+00 
4.979359e-06 9.042184e+00 
4.984986e-06 9.663767e+00 
4.988550e-06 1.004056e+01 
4.992770e-06 1.046492e+01 
4.997740e-06 1.092823e+01 
5.008994e-06 1.179663e+01 
5.013120e-06 1.204225e+01 
5.020998e-06 1.239032e+01 
5.025359e-06 1.251189e+01 
5.029315e-06 1.257749e+01 
5.032777e-06 1.260004e+01 
5.035806e-06 1.259338e+01 
5.041107e-06 1.252377e+01 
5.045083e-06 1.242486e+01 
5.048065e-06 1.232562e+01 
5.054774e-06 1.202906e+01 
5.057010e-06 1.190926e+01 
5.066013e-06 1.133465e+01 
5.069014e-06 1.111441e+01 
5.078017e-06 1.038683e+01 
5.081018e-06 1.012667e+01 
5.093022e-06 9.034223e+00 
5.096999e-06 8.663646e+00 
5.108929e-06 7.564253e+00 
5.120000e-06 6.602417e+00 
5.135046e-06 5.457221e+00 
5.141312e-06 5.050392e+00 
5.147595e-06 4.688995e+00 
5.160203e-06 4.112631e+00 
5.163355e-06 4.000312e+00 
5.172811e-06 3.739366e+00 
5.175964e-06 3.677248e+00 
5.180692e-06 3.606583e+00 
5.185420e-06 3.561940e+00 
5.187362e-06 3.550832e+00 
5.191004e-06 3.540849e+00 
5.194191e-06 3.543194e+00 
5.199768e-06 3.570344e+00 
5.203951e-06 3.608176e+00 
5.207089e-06 3.645295e+00 
5.214147e-06 3.752111e+00 
5.223244e-06 3.925324e+00 
5.235852e-06 4.196767e+00 
5.250036e-06 4.486962e+00 
5.261068e-06 4.662696e+00 
5.264220e-06 4.701316e+00 
5.273676e-06 4.781345e+00 
5.276839e-06 4.795538e+00 
5.282374e-06 4.804975e+00 
5.286526e-06 4.799396e+00 
5.292753e-06 4.771637e+00 
5.298980e-06 4.722499e+00 
5.308690e-06 4.610002e+00 
5.311927e-06 4.564677e+00 
5.324874e-06 4.358241e+00 
5.354005e-06 3.879887e+00 
5.363716e-06 3.750441e+00 
5.374541e-06 3.632294e+00 
5.386785e-06 3.530308e+00 
5.393881e-06 3.484097e+00 
5.406693e-06 3.417651e+00 
5.438494e-06 3.285661e+00 
5.448176e-06 3.241822e+00 
5.468705e-06 3.134941e+00 
5.481823e-06 3.058019e+00 
5.511391e-06 2.871566e+00 
5.547297e-06 2.636282e+00 
5.567284e-06 2.500964e+00 
5.588917e-06 2.349238e+00 
5.604011e-06 2.240718e+00 
5.627536e-06 2.071287e+00 
5.681990e-06 1.718501e+00 
5.719196e-06 1.518810e+00 
5.736333e-06 1.428356e+00 
5.751925e-06 1.342089e+00 
5.766112e-06 1.258893e+00 
5.779085e-06 1.178916e+00 
5.791713e-06 1.098405e+00 
5.805028e-06 1.012355e+00 
5.817650e-06 9.317246e-01 
5.849951e-06 7.447160e-01 
5.858688e-06 7.021689e-01 
5.871700e-06 6.473845e-01 
5.877786e-06 6.256780e-01 
5.886149e-06 6.003269e-01 
5.891705e-06 5.865682e-01 
5.898664e-06 5.731239e-01 
5.906243e-06 5.638240e-01 
5.912584e-06 5.609666e-01 
5.919543e-06 5.639835e-01 
5.926503e-06 5.748963e-01 
5.933463e-06 5.958263e-01 
5.937741e-06 6.149003e-01 
5.941885e-06 6.388598e-01 
5.945900e-06 6.681230e-01 
5.949790e-06 7.031270e-01 
5.953558e-06 7.443177e-01 
5.958976e-06 8.184561e-01 
5.964116e-06 9.083427e-01 
5.967604e-06 9.822543e-01 
5.972723e-06 1.113155e+00 
5.975750e-06 1.205000e+00 
5.978707e-06 1.306479e+00 
5.981571e-06 1.417074e+00 
5.984346e-06 1.536913e+00 
5.989638e-06 1.804567e+00 
5.994605e-06 2.109394e+00 
6.001560e-06 2.640397e+00 
6.023651e-06 5.451451e+00 
6.031874e-06 7.097998e+00 
6.036685e-06 8.257504e+00 
6.044579e-06 1.052157e+01 
6.050623e-06 1.259678e+01 
6.055250e-06 1.440849e+01 
6.061863e-06 1.736488e+01 
6.068572e-06 2.084415e+01 
6.075187e-06 2.478801e+01 
6.079518e-06 2.766306e+01 
6.092511e-06 3.776886e+01 
6.099281e-06 4.395062e+01 
6.104684e-06 4.934034e+01 
6.113877e-06 5.942611e+01 
6.117875e-06 6.415920e+01 
6.131065e-06 8.111550e+01 
6.135880e-06 8.774799e+01 
6.145073e-06 1.008978e+02 
6.151400e-06 1.101994e+02 
6.156931e-06 1.184037e+02 
6.161551e-06 1.252494e+02 
6.167490e-06 1.339600e+02 
6.172742e-06 1.414982e+02 
6.178404e-06 1.493647e+02 
6.185049e-06 1.581254e+02 
6.191269e-06 1.657425e+02 
6.199114e-06 1.743617e+02 
6.206299e-06 1.811237e+02 
6.213153e-06 1.864351e+02 
6.220013e-06 1.905416e+02 
6.226503e-06 1.932494e+02 
6.232667e-06 1.947301e+02 
6.239273e-06 1.951265e+02 
6.250375e-06 1.930678e+02 
6.256609e-06 1.904826e+02 
6.263544e-06 1.864896e+02 
6.268003e-06 1.833491e+02 
6.275215e-06 1.774154e+02 
6.280033e-06 1.729276e+02 
6.286357e-06 1.664937e+02 
6.294487e-06 1.574830e+02 
6.301958e-06 1.486629e+02 
6.309429e-06 1.395139e+02 
6.321102e-06 1.249675e+02 
6.324370e-06 1.209082e+02 
6.339311e-06 1.028609e+02 
6.342202e-06 9.951390e+01 
6.362438e-06 7.797494e+01 
6.381708e-06 6.108431e+01 
6.399587e-06 4.870995e+01 
6.413733e-06 4.098370e+01 
6.420724e-06 3.776242e+01 
6.427660e-06 3.491446e+01 
6.441424e-06 3.016490e+01 
6.454973e-06 2.646733e+01 
6.468310e-06 2.357282e+01 
6.481438e-06 2.128192e+01 
6.494362e-06 1.944114e+01 
6.507083e-06 1.793583e+01 
6.519606e-06 1.668213e+01 
6.544260e-06 1.469048e+01 
6.568144e-06 1.317666e+01 
6.591281e-06 1.197318e+01 
6.613696e-06 1.098587e+01 
6.635409e-06 1.015766e+01 
6.656445e-06 9.451176e+00 
6.700000e-06 8.215586e+00 
6.869590e-06 4.717986e+00 
7.002870e-06 2.625904e+00 
7.021974e-06 2.353901e+00 
7.039885e-06 2.105003e+00 
7.056676e-06 1.878017e+00 
7.072417e-06 1.672022e+00 
7.087175e-06 1.486320e+00 
7.101010e-06 1.320412e+00 
7.113981e-06 1.174001e+00 
7.137541e-06 9.395708e-01 
7.148228e-06 8.521050e-01 
7.158247e-06 7.852369e-01 
7.167641e-06 7.397845e-01 
7.176447e-06 7.166756e-01 
7.184703e-06 7.168500e-01 
7.192443e-06 7.411529e-01 
7.200000e-06 7.929057e-01 
7.206501e-06 8.644659e-01 
7.209690e-06 9.102356e-01 
7.212779e-06 9.620756e-01 
7.215771e-06 1.019935e+00 
7.218670e-06 1.083739e+00 
7.221479e-06 1.153393e+00 
7.224199e-06 1.228780e+00 
7.226835e-06 1.309762e+00 
7.231862e-06 1.487868e+00 
7.235419e-06 1.634442e+00 
7.242526e-06 1.985161e+00 
7.253096e-06 2.674789e+00 
7.269642e-06 4.272471e+00 
7.278626e-06 5.476047e+00 
7.285637e-06 6.614902e+00 
7.293197e-06 8.065934e+00 
7.299909e-06 9.570392e+00 
7.308540e-06 1.183645e+01 
7.316833e-06 1.440164e+01 
7.323626e-06 1.681057e+01 
7.330808e-06 1.967996e+01 
7.344518e-06 2.614102e+01 
7.352670e-06 3.062407e+01 
7.357072e-06 3.324723e+01 
7.368153e-06 4.048017e+01 
7.375083e-06 4.544964e+01 
7.378777e-06 4.823250e+01 
7.389859e-06 5.710048e+01 
7.396789e-06 6.300130e+01 
7.408922e-06 7.385162e+01 
7.414779e-06 7.926216e+01 
7.421046e-06 8.512411e+01 
7.428083e-06 9.174024e+01 
7.433961e-06 9.724496e+01 
7.441518e-06 1.042214e+02 
7.446669e-06 1.088680e+02 
7.453430e-06 1.147759e+02 
7.461664e-06 1.215897e+02 
7.471570e-06 1.290777e+02 
7.480370e-06 1.349408e+02 
7.484716e-06 1.375251e+02 
7.493498e-06 1.420587e+02 
7.501732e-06 1.454175e+02 
7.507011e-06 1.470939e+02 
7.514569e-06 1.488280e+02 
7.520850e-06 1.496667e+02 
7.524490e-06 1.499031e+02 
7.537128e-06 1.493323e+02 
7.546501e-06 1.475770e+02 
7.551985e-06 1.460614e+02 
7.560983e-06 1.428611e+02 
7.571087e-06 1.383285e+02 
7.579526e-06 1.338992e+02 
7.590376e-06 1.275204e+02 
7.604048e-06 1.187057e+02 
7.610559e-06 1.143166e+02 
7.624231e-06 1.049342e+02 
7.644944e-06 9.091003e+01 
7.663800e-06 7.897385e+01 
7.687817e-06 6.552318e+01 
7.725623e-06 4.877205e+01 
7.743961e-06 4.244218e+01 
7.762300e-06 3.709633e+01 
7.780639e-06 3.258366e+01 
7.795439e-06 2.945545e+01 
7.817316e-06 2.553484e+01 
7.838534e-06 2.240387e+01 
7.849607e-06 2.099606e+01 
7.877122e-06 1.808330e+01 
7.896415e-06 1.648930e+01 
7.915709e-06 1.523094e+01 
7.925355e-06 1.472018e+01 
7.935002e-06 1.428455e+01 
7.947011e-06 1.384263e+01 
7.959914e-06 1.348488e+01 
7.968341e-06 1.331236e+01 
7.976768e-06 1.318468e+01 
7.986442e-06 1.308915e+01 
7.996116e-06 1.304298e+01 
8.005790e-06 1.304032e+01 
8.015464e-06 1.307494e+01 
8.034812e-06 1.323012e+01 
8.082132e-06 1.380836e+01 
8.108006e-06 1.406277e+01 
8.134929e-06 1.417494e+01 
8.154604e-06 1.413157e+01 
8.170248e-06 1.401638e+01 
8.183974e-06 1.385760e+01 
8.204563e-06 1.352673e+01 
8.225152e-06 1.310310e+01 
8.247641e-06 1.256706e+01 
8.286052e-06 1.159084e+01 
8.318136e-06 1.083444e+01 
8.351636e-06 1.018450e+01 
8.378915e-06 9.774218e+00 
8.399337e-06 9.527658e+00 
8.419760e-06 9.320304e+00 
8.460605e-06 8.975444e+00 
8.587509e-06 8.065792e+00 
8.739345e-06 7.214676e+00 
8.787383e-06 6.936532e+00 
8.824183e-06 6.687707e+00 
8.860267e-06 6.405359e+00 
8.886632e-06 6.176736e+00 
8.921857e-06 5.852082e+00 
9.025216e-06 4.941593e+00 
9.089848e-06 4.487461e+00 
9.141797e-06 4.175682e+00 
9.165425e-06 4.055354e+00 
9.176919e-06 4.005232e+00 
9.190791e-06 3.954858e+00 
9.211213e-06 3.906951e+00 
9.233103e-06 3.900909e+00 
9.257317e-06 3.962868e+00 
9.268654e-06 4.019978e+00 
9.279991e-06 4.095920e+00 
9.287362e-06 4.155422e+00 
9.298419e-06 4.259294e+00 
9.309476e-06 4.379841e+00 
9.328870e-06 4.626671e+00 
9.370688e-06 5.252998e+00 
9.393362e-06 5.595182e+00 
9.416036e-06 5.898755e+00 
9.421704e-06 5.965253e+00 
9.438710e-06 6.136365e+00 
9.446110e-06 6.196144e+00 
9.457210e-06 6.267757e+00 
9.468311e-06 6.316933e+00 
9.477916e-06 6.341142e+00 
9.492324e-06 6.346017e+00 
9.506732e-06 6.314965e+00 
9.519666e-06 6.259103e+00 
9.526377e-06 6.220697e+00 
9.548937e-06 6.051707e+00 
9.571496e-06 5.836037e+00 
9.581764e-06 5.727618e+00 
9.616615e-06 5.338206e+00 
9.675005e-06 4.712402e+00 
9.700456e-06 4.477967e+00 
9.728423e-06 4.256524e+00 
9.748208e-06 4.125030e+00 
9.772085e-06 3.996054e+00 
9.795961e-06 3.900984e+00 
9.819838e-06 3.840182e+00 
9.831776e-06 3.822236e+00 
9.843714e-06 3.812081e+00 
9.867591e-06 3.812565e+00 
9.891467e-06 3.834803e+00 
9.939220e-06 3.907114e+00 
9.965219e-06 3.939179e+00 
9.989747e-06 3.952426e+00 
1.000201e-05 3.951155e+00 
1.002041e-05 3.938704e+00 
1.003880e-05 3.914023e+00 
1.005860e-05 3.875523e+00 
1.008248e-05 3.816760e+00 
1.016445e-05 3.590943e+00 
1.021050e-05 3.490149e+00 
1.027311e-05 3.388662e+00 
1.035797e-05 3.272123e+00 
1.045996e-05 3.124040e+00 
1.051475e-05 3.035941e+00 
1.056944e-05 2.935290e+00 
1.061293e-05 2.842967e+00 
1.066271e-05 2.725245e+00 
1.076546e-05 2.478663e+00 
1.078848e-05 2.430307e+00 
1.082532e-05 2.361584e+00 
1.087196e-05 2.289750e+00 
1.091017e-05 2.241083e+00 
1.107375e-05 2.063695e+00 
1.124707e-05 1.857744e+00 
1.142038e-05 1.649420e+00 
1.175840e-05 1.263862e+00 
1.190000e-05 1.116952e+00 
1.220092e-05 8.365466e-01 
1.244515e-05 6.431720e-01 
1.266452e-05 5.004822e-01 
1.293955e-05 3.634988e-01 
1.301968e-05 3.330086e-01 
1.318749e-05 2.857284e-01 
1.321847e-05 2.794406e-01 
1.327301e-05 2.703578e-01 
1.333521e-05 2.632041e-01 
1.346859e-05 2.595742e-01 
1.361528e-05 2.744833e-01 
1.380384e-05 3.239553e-01 
1.383531e-05 3.358642e-01 
1.389832e-05 3.631733e-01 
1.408994e-05 4.745212e-01 
1.426292e-05 6.133116e-01 
1.443590e-05 7.924349e-01 
1.457428e-05 9.682178e-01 
1.474725e-05 1.231040e+00 
1.496442e-05 1.552852e+00 
1.502987e-05 1.600899e+00 
1.529491e-05 1.481110e+00 
1.551999e-05 1.262828e+00 
1.570970e-05 1.084770e+00 
1.586247e-05 9.487743e-01 
1.603245e-05 8.075469e-01 
1.617405e-05 6.999690e-01 
1.640774e-05 5.476642e-01 
1.652458e-05 4.862596e-01 
1.660792e-05 4.498489e-01 
1.675156e-05 4.035444e-01 
1.689598e-05 3.809127e-01 
1.691928e-05 3.798122e-01 
1.703589e-05 3.864319e-01 
1.714355e-05 4.126052e-01 
1.717232e-05 4.232261e-01 
1.730274e-05 4.926974e-01 
1.742993e-05 5.982558e-01 
1.755316e-05 7.421409e-01 
1.767253e-05 9.270764e-01 
1.800874e-05 1.756615e+00 
1.811387e-05 2.134622e+00 
1.821572e-05 2.568452e+00 
1.831439e-05 3.061317e+00 
1.841001e-05 3.617035e+00 
1.859228e-05 4.931961e+00 
1.867918e-05 5.698239e+00 
1.884755e-05 7.489781e+00 
1.900540e-05 9.613750e+00 
1.954412e-05 2.202334e+01 
1.976560e-05 3.094399e+01 
1.986667e-05 3.619873e+01 
1.996026e-05 4.191809e+01 
2.006184e-05 4.925250e+01 
2.013135e-05 5.508257e+01 
2.020896e-05 6.252070e+01 
2.028172e-05 7.054178e+01 
2.036619e-05 8.137790e+01 
2.047384e-05 9.813815e+01 
2.054206e-05 1.108963e+02 
2.058274e-05 1.194574e+02 
2.065312e-05 1.362701e+02 
2.070000e-05 1.491135e+02 
2.076528e-05 1.696641e+02 
2.084126e-05 1.984596e+02 
2.090775e-05 2.292745e+02 
2.096592e-05 2.619281e+02 
2.101682e-05 2.961536e+02 
2.106373e-05 3.336178e+02 
2.110033e-05 3.676894e+02 
2.113443e-05 4.039587e+02 
2.116427e-05 4.398146e+02 
2.121648e-05 5.133159e+02 
2.125564e-05 5.787762e+02 
2.130704e-05 6.801761e+02 
2.146533e-05 1.124771e+03 
2.153140e-05 1.379752e+03 
2.163713e-05 1.903211e+03 
2.169000e-05 2.242816e+03 
2.171643e-05 2.440815e+03 
2.174287e-05 2.662357e+03 
2.176930e-05 2.911669e+03 
2.180895e-05 3.348066e+03 
2.185990e-05 4.043841e+03 
2.190469e-05 4.807587e+03 
2.200441e-05 7.118862e+03 
2.205209e-05 8.532930e+03 
2.207624e-05 9.317341e+03 
2.210835e-05 1.041780e+04 
2.213327e-05 1.130623e+04 
2.217041e-05 1.265809e+04 
2.219988e-05 1.372828e+04 
2.222472e-05 1.460834e+04 
2.225029e-05 1.547507e+04 
2.227492e-05 1.625615e+04 
2.229680e-05 1.689228e+04 
2.232294e-05 1.756648e+04 
2.235355e-05 1.821577e+04 
2.237965e-05 1.863442e+04 
2.239318e-05 1.879852e+04 
2.241967e-05 1.901008e+04 
2.243498e-05 1.906435e+04 
2.248937e-05 1.884992e+04 
2.250811e-05 1.863232e+04 
2.254885e-05 1.792372e+04 
2.256815e-05 1.748528e+04 
2.258962e-05 1.692903e+04 
2.260343e-05 1.653731e+04 
2.262784e-05 1.578776e+04 
2.265338e-05 1.493978e+04 
2.267472e-05 1.419334e+04 
2.270214e-05 1.319917e+04 
2.272909e-05 1.220256e+04 
2.275603e-05 1.120394e+04 
2.278635e-05 1.009779e+04 
2.280992e-05 9.262133e+03 
2.286381e-05 7.474825e+03 
2.289347e-05 6.581807e+03 
2.294190e-05 5.281311e+03 
2.297958e-05 4.409956e+03 
2.300765e-05 3.839254e+03 
2.304610e-05 3.160884e+03 
2.310160e-05 2.372864e+03 
2.315710e-05 1.776739e+03 
2.322075e-05 1.279364e+03 
2.324739e-05 1.118163e+03 
2.328717e-05 9.189449e+02 
2.337908e-05 6.049009e+02 
2.339222e-05 5.731721e+02 
2.344590e-05 4.704673e+02 
2.345306e-05 4.597313e+02 
2.350318e-05 4.015595e+02 
2.351075e-05 3.951665e+02 
2.352398e-05 3.853553e+02 
2.356368e-05 3.656550e+02 
2.358089e-05 3.612371e+02 
2.359071e-05 3.597263e+02 
2.360790e-05 3.587237e+02 
2.362130e-05 3.592896e+02 
2.363045e-05 3.603024e+02 
2.364495e-05 3.628684e+02 
2.366891e-05 3.694068e+02 
2.369789e-05 3.804587e+02 
2.373515e-05 3.982521e+02 
2.379944e-05 4.329185e+02 
2.383695e-05 4.522765e+02 
2.385303e-05 4.598496e+02 
2.390661e-05 4.803594e+02 
2.392626e-05 4.856773e+02 
2.396376e-05 4.921174e+02 
2.398824e-05 4.936163e+02 
2.400220e-05 4.935224e+02 
2.402664e-05 4.917547e+02 
2.404820e-05 4.885909e+02 
2.408621e-05 4.797422e+02 
2.410284e-05 4.747291e+02 
2.414012e-05 4.614904e+02 
2.419794e-05 4.373025e+02 
2.435482e-05 3.707670e+02 
2.439727e-05 3.560765e+02 
2.443211e-05 3.454528e+02 
2.446772e-05 3.358771e+02 
2.454215e-05 3.194570e+02 
2.457691e-05 3.130930e+02 
2.465330e-05 3.009701e+02 
2.490716e-05 2.665299e+02 
2.512500e-05 2.397727e+02 
2.526900e-05 2.250735e+02 
2.543195e-05 2.113044e+02 
2.554342e-05 2.032020e+02 
2.584713e-05 1.843611e+02 
2.630268e-05 1.606721e+02 
2.660049e-05 1.474616e+02 
2.718047e-05 1.260136e+02 
2.750000e-05 1.161675e+02 
2.832413e-05 9.534094e+01 
3.037386e-05 6.044803e+01 
3.098576e-05 5.333704e+01 
3.121856e-05 5.100722e+01 
3.144424e-05 4.898914e+01 
3.165580e-05 4.734791e+01 
3.185415e-05 4.607874e+01 
3.203719e-05 4.520023e+01 
3.220897e-05 4.469760e+01 
3.229086e-05 4.458757e+01 
3.244703e-05 4.463673e+01 
3.259360e-05 4.498709e+01 
3.292081e-05 4.619795e+01 
3.307024e-05 4.643422e+01 
3.335888e-05 4.620697e+01 
3.344935e-05 4.632893e+01 
3.349247e-05 4.650506e+01 
3.353425e-05 4.677640e+01 
3.357472e-05 4.715484e+01 
3.361393e-05 4.765109e+01 
3.365191e-05 4.827494e+01 
3.368870e-05 4.903559e+01 
3.372435e-05 4.994196e+01 
3.375888e-05 5.100293e+01 
3.379233e-05 5.222754e+01 
3.382473e-05 5.362522e+01 
3.385613e-05 5.520587e+01 
3.391695e-05 5.902723e+01 
3.397397e-05 6.374527e+01 
3.402743e-05 6.946677e+01 
3.407755e-05 7.630544e+01 
3.412454e-05 8.437633e+01 
3.416859e-05 9.378852e+01 
3.420988e-05 1.046374e+02 
3.424860e-05 1.169974e+02 
3.428489e-05 1.309161e+02 
3.431892e-05 1.464104e+02 
3.435624e-05 1.666322e+02 
3.438073e-05 1.820313e+02 
3.440876e-05 2.020325e+02 
3.443505e-05 2.233644e+02 
3.445969e-05 2.459011e+02 
3.450589e-05 2.957275e+02 
3.458170e-05 4.033949e+02 
3.470525e-05 6.709235e+02 
3.475788e-05 8.291372e+02 
3.481425e-05 1.033731e+03 
3.485098e-05 1.188380e+03 
3.490338e-05 1.440068e+03 
3.493482e-05 1.609227e+03 
3.498429e-05 1.903303e+03 
3.500078e-05 2.008870e+03 
3.509186e-05 2.656445e+03 
3.511195e-05 2.812763e+03 
3.517223e-05 3.305592e+03 
3.520522e-05 3.587350e+03 
3.526510e-05 4.111479e+03 
3.529022e-05 4.332906e+03 
3.532611e-05 4.647305e+03 
3.534918e-05 4.846419e+03 
3.539012e-05 5.189791e+03 
3.543139e-05 5.517490e+03 
3.546803e-05 5.787546e+03 
3.550521e-05 6.036590e+03 
3.552396e-05 6.151275e+03 
3.556754e-05 6.386059e+03 
3.560855e-05 6.562220e+03 
3.563243e-05 6.643256e+03 
3.567613e-05 6.748184e+03 
3.571506e-05 6.792905e+03 
3.575832e-05 6.788002e+03 
3.579314e-05 6.742742e+03 
3.582678e-05 6.665072e+03 
3.587624e-05 6.493677e+03 
3.591197e-05 6.330829e+03 
3.595811e-05 6.077658e+03 
3.598047e-05 5.939641e+03 
3.600284e-05 5.792870e+03 
3.603094e-05 5.597499e+03 
3.606782e-05 5.325681e+03 
3.610338e-05 5.050843e+03 
3.615810e-05 4.612659e+03 
3.620097e-05 4.264064e+03 
3.624919e-05 3.874295e+03 
3.628670e-05 3.577446e+03 
3.637242e-05 2.935858e+03 
3.640323e-05 2.721664e+03 
3.647356e-05 2.271434e+03 
3.654388e-05 1.879048e+03 
3.664824e-05 1.404818e+03 
3.674879e-05 1.061365e+03 
3.678145e-05 9.710883e+02 
3.682064e-05 8.750223e+02 
3.686400e-05 7.830148e+02 
3.688734e-05 7.391810e+02 
3.694846e-05 6.412259e+02 
3.699348e-05 5.828435e+02 
3.703851e-05 5.344992e+02 
3.708354e-05 4.948504e+02 
3.712857e-05 4.626861e+02 
3.715729e-05 4.455758e+02 
3.720038e-05 4.242363e+02 
3.724898e-05 4.055324e+02 
3.729349e-05 3.925747e+02 
3.732877e-05 3.846751e+02 
3.737596e-05 3.768198e+02 
3.742486e-05 3.713250e+02 
3.748901e-05 3.671578e+02 
3.758306e-05 3.649877e+02 
3.772916e-05 3.649296e+02 
3.782804e-05 3.642084e+02 
3.790740e-05 3.624214e+02 
3.802340e-05 3.577323e+02 
3.813465e-05 3.514582e+02 
3.842944e-05 3.331249e+02 
3.862276e-05 3.235893e+02 
3.910000e-05 3.051817e+02 
3.972132e-05 2.786958e+02 
3.984915e-05 2.740934e+02 
4.010679e-05 2.662990e+02 
4.057229e-05 2.557512e+02 
4.089393e-05 2.500061e+02 
4.137354e-05 2.429904e+02 
4.174826e-05 2.385253e+02 
4.220000e-05 2.340926e+02 
4.268784e-05 2.303428e+02 
4.333737e-05 2.266828e+02 
4.418029e-05 2.236602e+02 
4.486845e-05 2.223036e+02 
4.599175e-05 2.217810e+02 
4.648410e-05 2.221605e+02 
4.750204e-05 2.239315e+02 
4.842105e-05 2.263838e+02 
4.979065e-05 2.315794e+02 
5.136831e-05 2.392906e+02 
5.321047e-05 2.502710e+02 
5.680637e-05 2.754053e+02 
5.714739e-05 2.788268e+02 
5.758805e-05 2.855410e+02 
5.801670e-05 2.949671e+02 
5.832000e-05 3.021457e+02 
5.853126e-05 3.065159e+02 
5.877069e-05 3.103181e+02 
5.904048e-05 3.130850e+02 
5.983519e-05 3.183449e+02 
6.017452e-05 3.219289e+02 
6.086229e-05 3.310192e+02 
6.156231e-05 3.396607e+02 
6.267345e-05 3.516025e+02 
6.971140e-05 4.398576e+02 
7.267727e-05 4.784908e+02 
7.573113e-05 5.176501e+02 
7.926767e-05 5.609248e+02 
8.247909e-05 5.964534e+02 
8.555434e-05 6.257708e+02 
8.887894e-05 6.512861e+02 
9.180906e-05 6.674727e+02 
9.428193e-05 6.750229e+02 
9.606491e-05 6.767680e+02 
9.830400e-05 6.735591e+02 
1.000006e-04 6.663404e+02 
1.019088e-04 6.531024e+02 
1.035894e-04 6.363187e+02 
1.048905e-04 6.209139e+02 
1.060188e-04 6.163617e+02 
1.073875e-04 6.380974e+02 
1.084147e-04 6.682436e+02 
1.095283e-04 7.097513e+02 
1.103002e-04 7.451136e+02 
1.109905e-04 7.829557e+02 
1.118724e-04 8.428534e+02 
1.126175e-04 9.076372e+02 
1.131979e-04 9.711418e+02 
1.136645e-04 1.033891e+03 
1.141147e-04 1.108275e+03 
1.145567e-04 1.200110e+03 
1.149732e-04 1.311499e+03 
1.152995e-04 1.423164e+03 
1.155927e-04 1.549228e+03 
1.158988e-04 1.716410e+03 
1.160008e-04 1.782329e+03 
1.162863e-04 2.000761e+03 
1.164291e-04 2.132126e+03 
1.165718e-04 2.280929e+03 
1.167146e-04 2.449335e+03 
1.168574e-04 2.639581e+03 
1.170715e-04 2.970823e+03 
1.172856e-04 3.363553e+03 
1.176255e-04 4.127837e+03 
1.180591e-04 5.371311e+03 
1.183128e-04 6.232167e+03 
1.186751e-04 7.597167e+03 
1.189650e-04 8.755596e+03 
1.190284e-04 9.010998e+03 
1.192430e-04 9.865997e+03 
1.194174e-04 1.053598e+04 
1.195535e-04 1.103276e+04 
1.197002e-04 1.153372e+04 
1.198724e-04 1.206411e+04 
1.200432e-04 1.251644e+04 
1.201064e-04 1.266293e+04 
1.202762e-04 1.299505e+04 
1.204250e-04 1.320705e+04 
1.206129e-04 1.336214e+04 
1.206889e-04 1.338797e+04 
1.209669e-04 1.329834e+04 
1.210462e-04 1.322024e+04 
1.212622e-04 1.289361e+04 
1.214292e-04 1.253393e+04 
1.215526e-04 1.221376e+04 
1.217112e-04 1.174181e+04 
1.218508e-04 1.127794e+04 
1.219674e-04 1.086163e+04 
1.221174e-04 1.029591e+04 
1.222623e-04 9.725443e+03 
1.224435e-04 8.993993e+03 
1.226337e-04 8.221583e+03 
1.226971e-04 7.966239e+03 
1.230143e-04 6.731445e+03 
1.230655e-04 6.541339e+03 
1.234241e-04 5.308807e+03 
1.240958e-04 3.538678e+03 
1.243355e-04 3.075816e+03 
1.245391e-04 2.743337e+03 
1.247593e-04 2.438692e+03 
1.250565e-04 2.103805e+03 
1.253861e-04 1.813007e+03 
1.257537e-04 1.561972e+03 
1.261929e-04 1.332854e+03 
1.266953e-04 1.140582e+03 
1.270749e-04 1.043296e+03 
1.274150e-04 1.000370e+03 
1.276856e-04 1.005452e+03 
1.278857e-04 1.037100e+03 
1.280707e-04 1.091145e+03 
1.282205e-04 1.154474e+03 
1.282672e-04 1.178099e+03 
1.283852e-04 1.246317e+03 
1.284852e-04 1.314244e+03 
1.286294e-04 1.429122e+03 
1.287843e-04 1.575864e+03 
1.292939e-04 2.237679e+03 
1.296313e-04 2.825891e+03 
1.297595e-04 3.078310e+03 
1.299834e-04 3.552979e+03 
1.301192e-04 3.858945e+03 
1.303335e-04 4.363546e+03 
1.304879e-04 4.738804e+03 
1.306151e-04 5.051972e+03 
1.307725e-04 5.440285e+03 
1.309433e-04 5.856838e+03 
1.311242e-04 6.284690e+03 
1.312483e-04 6.565630e+03 
1.314068e-04 6.904367e+03 
1.315756e-04 7.234146e+03 
1.316347e-04 7.340837e+03 
1.318370e-04 7.666030e+03 
1.319238e-04 7.784907e+03 
1.322196e-04 8.085499e+03 
1.323508e-04 8.163623e+03 
1.325779e-04 8.215242e+03 
1.326808e-04 8.203702e+03 
1.328558e-04 8.135342e+03 
1.329898e-04 8.043312e+03 
1.330993e-04 7.944230e+03 
1.332429e-04 7.784106e+03 
1.334276e-04 7.533733e+03 
1.335860e-04 7.285475e+03 
1.337839e-04 6.941322e+03 
1.339918e-04 6.551947e+03 
1.340611e-04 6.418117e+03 
1.344174e-04 5.720720e+03 
1.347023e-04 5.178283e+03 
1.352614e-04 4.235542e+03 
1.355824e-04 3.790849e+03 
1.357430e-04 3.596546e+03 
1.359891e-04 3.333573e+03 
1.361500e-04 3.183069e+03 
1.363613e-04 3.008977e+03 
1.365662e-04 2.863021e+03 
1.368760e-04 2.679198e+03 
1.372100e-04 2.521506e+03 
1.375675e-04 2.388645e+03 
1.379451e-04 2.278491e+03 
1.384695e-04 2.162291e+03 
1.389747e-04 2.078368e+03 
1.393497e-04 2.028377e+03 
1.400321e-04 1.955142e+03 
1.404192e-04 1.920318e+03 
1.415889e-04 1.831496e+03 
1.428463e-04 1.754767e+03 
1.445475e-04 1.677370e+03 
1.462177e-04 1.623989e+03 
1.485000e-04 1.574615e+03 
1.510620e-04 1.538965e+03 
1.536000e-04 1.515975e+03 
1.631700e-04 1.452248e+03 
1.685807e-04 1.409243e+03 
1.757924e-04 1.345365e+03 
1.842454e-04 1.269623e+03 
1.972438e-04 1.158782e+03 
2.176946e-04 1.005031e+03 
2.306362e-04 9.197477e+02 
2.369586e-04 8.789983e+02 
2.393904e-04 8.622526e+02 
2.437521e-04 8.281460e+02 
2.467235e-04 8.036939e+02 
2.481500e-04 7.958861e+02 
2.498502e-04 7.924100e+02 
2.538417e-04 7.964222e+02 
2.556901e-04 7.962623e+02 
2.590080e-04 7.914463e+02 
2.650000e-04 7.780123e+02 
2.767922e-04 7.491095e+02 
2.921628e-04 7.108269e+02 
3.037538e-04 6.832885e+02 
3.153229e-04 6.557971e+02 
3.353199e-04 6.067269e+02 
3.382861e-04 6.022761e+02 
3.416832e-04 6.006739e+02 
3.464626e-04 6.002335e+02 
3.589911e-04 5.912799e+02 
3.851484e-04 5.606637e+02 
4.039402e-04 5.333952e+02 
4.124242e-04 5.210519e+02 
4.203469e-04 5.128433e+02 
4.365195e-04 4.925962e+02 
4.588496e-04 4.575546e+02 
4.743142e-04 4.296931e+02 
4.897788e-04 3.982472e+02 
5.021307e-04 3.699107e+02 
5.142964e-04 3.387849e+02 
5.220969e-04 3.177925e+02 
5.310338e-04 2.936684e+02 
5.405524e-04 2.695935e+02 
5.446575e-04 2.586241e+02 
5.471130e-04 2.515158e+02 
5.505625e-04 2.410008e+02 
5.553054e-04 2.260265e+02 
5.573500e-04 2.194400e+02 
5.615000e-04 2.057572e+02 
5.660000e-04 1.904643e+02 
5.696900e-04 1.778005e+02 
5.800000e-04 1.450925e+02 
5.829421e-04 1.375121e+02 
5.853625e-04 1.322219e+02 
5.880000e-04 1.276324e+02 
5.905409e-04 1.245614e+02 
5.934981e-04 1.229048e+02 
5.965287e-04 1.236280e+02 
5.994492e-04 1.269103e+02 
6.023639e-04 1.329579e+02 
6.049481e-04 1.408084e+02 
6.067472e-04 1.477234e+02 
6.093888e-04 1.601023e+02 
6.130960e-04 1.820287e+02 
6.167585e-04 2.089610e+02 
6.253734e-04 2.926831e+02 
6.287487e-04 3.327737e+02 
6.335000e-04 3.951323e+02 
6.366050e-04 4.390856e+02 
6.385000e-04 4.669692e+02 
6.413025e-04 5.094667e+02 
6.430000e-04 5.358324e+02 
6.460458e-04 5.840778e+02 
6.480000e-04 6.155191e+02 
6.515000e-04 6.724224e+02 
6.561000e-04 7.476191e+02 
6.610331e-04 8.277465e+02 
6.657500e-04 9.029979e+02 
6.709530e-04 9.837226e+02 
6.780000e-04 1.088371e+03 
6.845731e-04 1.180436e+03 
6.914678e-04 1.270967e+03 
6.965000e-04 1.332986e+03 
7.040000e-04 1.418776e+03 
7.135000e-04 1.516973e+03 
7.237624e-04 1.611622e+03 
7.297873e-04 1.662349e+03 
7.414123e-04 1.751584e+03 
7.543404e-04 1.839647e+03 
7.680000e-04 1.921748e+03 
7.838728e-04 2.004310e+03 
7.969478e-04 2.062498e+03 
8.162681e-04 2.136542e+03 
8.346701e-04 2.194677e+03 
8.542853e-04 2.243498e+03 
8.906762e-04 2.304969e+03 
8.951589e-04 2.330335e+03 
8.997568e-04 2.376295e+03 
9.043273e-04 2.441834e+03 
9.066742e-04 2.479281e+03 
9.124775e-04 2.557723e+03 
9.149242e-04 2.575206e+03 
9.172950e-04 2.579832e+03 
9.197092e-04 2.572081e+03 
9.220470e-04 2.554435e+03 
9.302229e-04 2.465237e+03 
9.324618e-04 2.447265e+03 
9.353000e-04 2.434089e+03 
9.390390e-04 2.433865e+03 
9.455290e-04 2.470002e+03 
9.538313e-04 2.553353e+03 
9.627673e-04 2.670098e+03 
9.661610e-04 2.717060e+03 
9.723913e-04 2.789995e+03 
9.763468e-04 2.818626e+03 
9.788014e-04 2.828330e+03 
9.819798e-04 2.833179e+03 
9.917684e-04 2.829879e+03 
9.962902e-04 2.836946e+03 
1.000513e-03 2.851653e+03 
1.026242e-03 2.979219e+03 
1.048717e-03 3.064407e+03 
1.079509e-03 3.157330e+03 
1.109341e-03 3.228964e+03 
1.143159e-03 3.288434e+03 
1.177888e-03 3.327687e+03 
1.212691e-03 3.347625e+03 
1.248968e-03 3.346404e+03 
1.255770e-03 3.352645e+03 
1.264148e-03 3.370446e+03 
1.277163e-03 3.418773e+03 
1.298487e-03 3.509634e+03 
1.312926e-03 3.555699e+03 
1.335609e-03 3.603960e+03 
1.371485e-03 3.654511e+03 
1.413587e-03 3.694535e+03 
1.461358e-03 3.724734e+03 
1.518621e-03 3.748311e+03 
1.612598e-03 3.764741e+03 
1.643378e-03 3.781388e+03 
1.680226e-03 3.792169e+03 
1.729103e-03 3.791488e+03 
1.782435e-03 3.782014e+03 
1.857105e-03 3.807534e+03 
1.921985e-03 3.805390e+03 
2.006781e-03 3.791958e+03 
2.101389e-03 3.766430e+03 
2.210097e-03 3.725591e+03 
2.328825e-03 3.674213e+03 
2.447654e-03 3.615170e+03 
2.581177e-03 3.539559e+03 
2.733408e-03 3.448849e+03 
2.888075e-03 3.347560e+03 
3.046386e-03 3.235034e+03 
3.200622e-03 3.116353e+03 
3.352486e-03 2.991349e+03 
3.479866e-03 2.877587e+03 
3.600089e-03 2.760410e+03 
3.704503e-03 2.649403e+03 
3.792892e-03 2.545569e+03 
3.866729e-03 2.448359e+03 
3.935501e-03 2.344586e+03 
3.989158e-03 2.252764e+03 
4.036821e-03 2.158827e+03 
4.069252e-03 2.084556e+03 
4.102063e-03 1.996641e+03 
4.127761e-03 1.916547e+03 
4.185532e-03 1.723534e+03 
4.201878e-03 1.684223e+03 
4.209230e-03 1.671849e+03 
4.218891e-03 1.661561e+03 
4.227587e-03 1.658538e+03 
4.238250e-03 1.663083e+03 
4.248431e-03 1.675575e+03 
4.258613e-03 1.695187e+03 
4.276723e-03 1.743621e+03 
4.316848e-03 1.872938e+03 
4.332864e-03 1.918512e+03 
4.341352e-03 1.939423e+03 
4.357259e-03 1.971936e+03 
4.375347e-03 1.998936e+03 
4.406945e-03 2.029285e+03 
4.440144e-03 2.060854e+03 
4.453998e-03 2.080422e+03 
4.471034e-03 2.112386e+03 
4.491805e-03 2.163729e+03 
4.519022e-03 2.247624e+03 
4.559686e-03 2.385299e+03 
4.590170e-03 2.478816e+03 
4.611747e-03 2.534766e+03 
4.637229e-03 2.589517e+03 
4.665586e-03 2.638256e+03 
4.706965e-03 2.692805e+03 
4.746586e-03 2.732260e+03 
4.802226e-03 2.772341e+03 
4.855855e-03 2.795843e+03 
4.905157e-03 2.803628e+03 
4.947766e-03 2.798238e+03 
5.047068e-03 2.758113e+03 
5.066261e-03 2.759699e+03 
5.083232e-03 2.768241e+03 
5.111529e-03 2.798432e+03 
5.163555e-03 2.888231e+03 
5.191735e-03 2.938349e+03 
5.216811e-03 2.976651e+03 
5.243616e-03 3.009660e+03 
5.283085e-03 3.045684e+03 
5.329596e-03 3.075483e+03 
5.382399e-03 3.099450e+03 
5.441266e-03 3.118166e+03 
5.509125e-03 3.132308e+03 
5.602588e-03 3.142712e+03 
5.781444e-03 3.141055e+03 
5.885311e-03 3.129352e+03 
6.059507e-03 3.094156e+03 
6.194631e-03 3.048855e+03 
6.281799e-03 3.011541e+03 
6.345999e-03 2.996515e+03 
6.524245e-03 3.005814e+03 
6.711741e-03 2.973384e+03 
6.830510e-03 2.978499e+03 
6.937243e-03 2.981566e+03 
7.104223e-03 2.964933e+03 
7.362452e-03 2.921128e+03 
7.803555e-03 2.829429e+03 
8.347616e-03 2.705117e+03 
8.874712e-03 2.583689e+03 
9.580794e-03 2.422509e+03 
1.034398e-02 2.257705e+03 
1.125253e-02 2.077352e+03 
1.224363e-02 1.898843e+03 
1.333282e-02 1.723352e+03 
1.396354e-02 1.630643e+03 
1.462178e-02 1.539833e+03 
1.524594e-02 1.458066e+03 
1.593071e-02 1.372617e+03 
1.653897e-02 1.299831e+03 
1.703433e-02 1.242165e+03 
1.748672e-02 1.190204e+03 
1.785572e-02 1.147456e+03 
1.819701e-02 1.107398e+03 
1.848737e-02 1.072206e+03 
1.871412e-02 1.043290e+03 
1.889188e-02 1.019239e+03 
1.905461e-02 9.955315e+02 
1.919681e-02 9.726202e+02 
1.931254e-02 9.515069e+02 
1.940284e-02 9.328786e+02 
1.953515e-02 9.019966e+02 
1.971216e-02 8.600483e+02 
1.979532e-02 8.453566e+02 
1.986424e-02 8.380793e+02 
1.992157e-02 8.360537e+02 
1.999080e-02 8.385001e+02 
2.008009e-02 8.482721e+02 
2.030659e-02 8.859787e+02 
2.044366e-02 9.042811e+02 
2.052551e-02 9.119382e+02 
2.062210e-02 9.182734e+02 
2.073230e-02 9.228089e+02 
2.087598e-02 9.257993e+02 
2.103744e-02 9.265638e+02 
2.141017e-02 9.218404e+02 
2.187154e-02 9.087164e+02 
2.245174e-02 8.858593e+02 
2.306501e-02 8.569665e+02 
2.338438e-02 8.401673e+02 
2.391939e-02 8.087522e+02 
2.415504e-02 7.930798e+02 
2.435712e-02 7.780725e+02 
2.450998e-02 7.652083e+02 
2.473129e-02 7.436534e+02 
2.501827e-02 7.150683e+02 
2.514455e-02 7.063584e+02 
2.526458e-02 7.019993e+02 
2.539598e-02 7.013373e+02 
2.609302e-02 7.145596e+02 
2.660984e-02 7.294715e+02 
2.688884e-02 7.324185e+02 
2.730549e-02 7.306639e+02 
2.784868e-02 7.235127e+02 
2.882380e-02 7.049852e+02 
2.968781e-02 6.859560e+02 
3.128228e-02 6.488786e+02 
3.316043e-02 6.058648e+02 
3.603128e-02 5.456827e+02 
3.871601e-02 4.958162e+02 
4.170398e-02 4.464845e+02 
4.538352e-02 3.941905e+02 
4.926597e-02 3.479301e+02 
5.300136e-02 3.101193e+02 
5.758541e-02 2.707472e+02 
6.554504e-02 2.172535e+02 
7.768059e-02 1.613780e+02 
9.124076e-02 1.209190e+02 
9.952568e-02 1.030585e+02 
1.078176e-01 8.854152e+01 
1.125049e-01 8.144144e+01 
1.164294e-01 7.596714e+01 
1.220974e-01 6.864248e+01 
1.244222e-01 6.576267e+01 
1.263449e-01 6.339092e+01 
1.278750e-01 6.147839e+01 
1.291562e-01 5.982686e+01 
1.302418e-01 5.835258e+01 
1.311287e-01 5.705178e+01 
1.318327e-01 5.591953e+01 
1.329809e-01 5.384076e+01 
1.343493e-01 5.134756e+01 
1.349306e-01 5.057789e+01 
1.355477e-01 5.011823e+01 
1.360897e-01 5.004385e+01 
1.367223e-01 5.028201e+01 
1.385708e-01 5.160090e+01 
1.394991e-01 5.199442e+01 
1.400671e-01 5.210463e+01 
1.408878e-01 5.213226e+01 
1.418676e-01 5.202848e+01 
1.442371e-01 5.145159e+01 
1.468543e-01 5.053885e+01 
1.507260e-01 4.896973e+01 
1.553604e-01 4.700116e+01 
1.617228e-01 4.429143e+01 
1.727841e-01 3.986627e+01 
1.904580e-01 3.384198e+01 
2.113990e-01 2.822261e+01 
2.407155e-01 2.238308e+01 
2.851018e-01 1.644818e+01 
3.530307e-01 1.106153e+01 
4.370659e-01 7.392912e+00 
5.761650e-01 4.358633e+00 
8.709636e-01 1.959452e+00 
1.286622e+00 9.151227e-01 
1.947381e+00 4.043400e-01 
3.556850e+00 1.221888e-01 
1.070165e+01 1.354352e-02 
3.231848e+01 1.485123e-03 
9.760024e+01 1.628398e-04 
2.947480e+02 1.785501e-05 
8.901248e+02 1.957763e-06 
3.162278e+03 1.551179e-07 
1.000000e+04 1.551179e-08 
3.162278e+04 1.551179e-09 
1.000000e+05 1.551180e-10 
-1           -1           
-2           -2           
