# Copyright 2020, General Electric Company. All rights reserved. See https://github.com/xcist/code/blob/master/LICENSE

# angle, materials in cm ('al', 'graphite', 'cu', 'ti')
-0.479672	0.756884	6.001013	0.002817	0.000000
-0.478714	0.756507	5.998024	0.002816	0.000000
-0.477756	0.756132	5.995045	0.002814	0.000000
-0.476798	0.755757	5.992080	0.002813	0.000000
-0.475840	0.755383	5.989116	0.002811	0.000000
-0.474882	0.755012	5.986167	0.002810	0.000000
-0.473924	0.754642	5.983233	0.002809	0.000000
-0.472966	0.754272	5.980299	0.002807	0.000000
-0.472008	0.753902	5.977367	0.002806	0.000000
-0.471050	0.753534	5.974451	0.002804	0.000000
-0.470092	0.753167	5.971543	0.002803	0.000000
-0.469134	0.752801	5.968638	0.002802	0.000000
-0.468176	0.752436	5.965744	0.002800	0.000000
-0.467218	0.752072	5.962858	0.002799	0.000000
-0.466260	0.751709	5.959982	0.002798	0.000000
-0.465303	0.751347	5.957111	0.002796	0.000000
-0.464345	0.750986	5.954247	0.002795	0.000000
-0.463387	0.750626	5.951392	0.002794	0.000000
-0.462429	0.750267	5.948548	0.002792	0.000000
-0.461471	0.749909	5.945709	0.002791	0.000000
-0.460513	0.749552	5.942880	0.002790	0.000000
-0.459555	0.749197	5.940061	0.002788	0.000000
-0.458597	0.748842	5.937248	0.002787	0.000000
-0.457639	0.748488	5.934443	0.002786	0.000000
-0.456681	0.748135	5.931647	0.002784	0.000000
-0.455723	0.747784	5.928858	0.002783	0.000000
-0.454765	0.747433	5.926080	0.002782	0.000000
-0.453807	0.747084	5.923307	0.002781	0.000000
-0.452849	0.746735	5.920543	0.002779	0.000000
-0.451891	0.746387	5.917786	0.002778	0.000000
-0.450933	0.746041	5.915040	0.002777	0.000000
-0.449975	0.745695	5.912301	0.002775	0.000000
-0.449017	0.745351	5.909569	0.002774	0.000000
-0.448059	0.745007	5.906844	0.002773	0.000000
-0.447101	0.744664	5.904126	0.002772	0.000000
-0.446143	0.744322	5.901415	0.002770	0.000000
-0.445185	0.743982	5.898718	0.002769	0.000000
-0.444227	0.743643	5.896025	0.002768	0.000000
-0.443269	0.743304	5.893336	0.002766	0.000000
-0.442311	0.742966	5.890659	0.002765	0.000000
-0.441353	0.742629	5.887992	0.002764	0.000000
-0.440395	0.742294	5.885333	0.002763	0.000000
-0.439437	0.741959	5.882679	0.002761	0.000000
-0.438480	0.741625	5.880031	0.002760	0.000000
-0.437522	0.741293	5.877395	0.002759	0.000000
-0.436564	0.740961	5.874763	0.002758	0.000000
-0.435606	0.740630	5.872139	0.002756	0.000000
-0.434648	0.740301	5.869525	0.002755	0.000000
-0.433690	0.739972	5.866921	0.002754	0.000000
-0.432732	0.739644	5.864323	0.002753	0.000000
-0.431774	0.739317	5.861731	0.002752	0.000000
-0.430816	0.738991	5.859146	0.002750	0.000000
-0.429858	0.738666	5.856570	0.002749	0.000000
-0.428900	0.738342	5.853999	0.002748	0.000000
-0.427942	0.738019	5.851438	0.002747	0.000000
-0.426984	0.737697	5.848884	0.002746	0.000000
-0.426026	0.737376	5.846339	0.002744	0.000000
-0.425068	0.737056	5.843801	0.002743	0.000000
-0.424110	0.736736	5.841270	0.002742	0.000000
-0.423152	0.736418	5.838747	0.002741	0.000000
-0.422194	0.736101	5.836231	0.002740	0.000000
-0.421236	0.735785	5.833723	0.002738	0.000000
-0.420278	0.735469	5.831223	0.002737	0.000000
-0.419320	0.735155	5.828731	0.002736	0.000000
-0.418362	0.734841	5.826240	0.002735	0.000000
-0.417404	0.734528	5.823763	0.002734	0.000000
-0.416446	0.734217	5.821293	0.002733	0.000000
-0.415488	0.733906	5.818829	0.002732	0.000000
-0.414530	0.733596	5.816374	0.002730	0.000000
-0.413572	0.733288	5.813925	0.002729	0.000000
-0.412614	0.732980	5.811485	0.002728	0.000000
-0.411657	0.732673	5.809050	0.002727	0.000000
-0.410699	0.732367	5.806626	0.002726	0.000000
-0.409741	0.732062	5.804205	0.002725	0.000000
-0.408783	0.731757	5.801794	0.002724	0.000000
-0.407825	0.731454	5.799388	0.002722	0.000000
-0.406867	0.731152	5.796992	0.002721	0.000000
-0.405909	0.730851	5.794603	0.002720	0.000000
-0.404951	0.730550	5.792220	0.002719	0.000000
-0.403993	0.730250	5.789842	0.002718	0.000000
-0.403035	0.729951	5.787474	0.002717	0.000000
-0.402077	0.729653	5.785112	0.002716	0.000000
-0.401119	0.729357	5.782763	0.002715	0.000000
-0.400161	0.729061	5.780416	0.002714	0.000000
-0.399203	0.728766	5.778075	0.002712	0.000000
-0.398245	0.728472	5.775743	0.002711	0.000000
-0.397287	0.728179	5.773419	0.002710	0.000000
-0.396329	0.727886	5.771101	0.002709	0.000000
-0.395371	0.727595	5.768789	0.002708	0.000000
-0.394413	0.727305	5.766490	0.002707	0.000000
-0.393455	0.727015	5.764194	0.002706	0.000000
-0.392497	0.726727	5.761907	0.002705	0.000000
-0.391539	0.726439	5.759624	0.002704	0.000000
-0.390581	0.726152	5.757349	0.002703	0.000000
-0.389623	0.725865	5.755080	0.002702	0.000000
-0.388665	0.725580	5.752818	0.002701	0.000000
-0.387707	0.725296	5.750564	0.002700	0.000000
-0.386749	0.725013	5.748315	0.002699	0.000000
-0.385791	0.724730	5.746077	0.002698	0.000000
-0.384834	0.724449	5.743845	0.002696	0.000000
-0.383876	0.724168	5.741619	0.002695	0.000000
-0.382918	0.723888	5.739399	0.002694	0.000000
-0.381960	0.723609	5.737189	0.002693	0.000000
-0.381002	0.723331	5.734986	0.002692	0.000000
-0.380044	0.723054	5.732789	0.002691	0.000000
-0.379086	0.722778	5.730597	0.002690	0.000000
-0.378128	0.722502	5.728412	0.002689	0.000000
-0.377170	0.722228	5.726237	0.002688	0.000000
-0.376212	0.721954	5.724065	0.002687	0.000000
-0.375254	0.721681	5.721902	0.002686	0.000000
-0.374296	0.721409	5.719746	0.002685	0.000000
-0.373338	0.721138	5.717597	0.002684	0.000000
-0.372380	0.720868	5.715454	0.002683	0.000000
-0.371422	0.720599	5.713317	0.002682	0.000000
-0.370464	0.720330	5.711188	0.002681	0.000000
-0.369506	0.720062	5.709068	0.002680	0.000000
-0.368548	0.719796	5.706955	0.002679	0.000000
-0.367590	0.719529	5.704841	0.002678	0.000000
-0.366632	0.719264	5.702742	0.002677	0.000000
-0.365674	0.719000	5.700647	0.002676	0.000000
-0.364716	0.718737	5.698559	0.002675	0.000000
-0.363758	0.718475	5.696478	0.002674	0.000000
-0.362800	0.718213	5.694405	0.002673	0.000000
-0.361842	0.717952	5.692336	0.002672	0.000000
-0.360884	0.717692	5.690277	0.002671	0.000000
-0.359926	0.717433	5.688219	0.002670	0.000000
-0.358968	0.717174	5.686171	0.002669	0.000000
-0.358011	0.716917	5.684130	0.002668	0.000000
-0.357053	0.716660	5.682097	0.002668	0.000000
-0.356095	0.716405	5.680070	0.002667	0.000000
-0.355137	0.716150	5.678049	0.002666	0.000000
-0.354179	0.715896	5.676033	0.002665	0.000000
-0.353221	0.715643	5.674026	0.002664	0.000000
-0.352263	0.715390	5.672026	0.002663	0.000000
-0.351305	0.715139	5.670028	0.002662	0.000000
-0.350347	0.714887	5.668031	0.002661	0.000000
-0.349389	0.714624	5.665951	0.002660	0.000000
-0.348431	0.714350	5.663778	0.002659	0.000000
-0.347473	0.714065	5.661518	0.002658	0.000000
-0.346515	0.713769	5.659172	0.002657	0.000000
-0.345557	0.713462	5.656740	0.002656	0.000000
-0.344599	0.713145	5.654225	0.002655	0.000000
-0.343641	0.712818	5.651628	0.002654	0.000000
-0.342683	0.712480	5.648946	0.002654	0.000000
-0.341725	0.712130	5.646176	0.002653	0.000000
-0.340767	0.711771	5.643328	0.002652	0.000000
-0.339809	0.711402	5.640404	0.002651	0.000000
-0.338851	0.711023	5.637399	0.002650	0.000000
-0.337893	0.710634	5.634315	0.002649	0.000000
-0.336935	0.710235	5.631154	0.002648	0.000000
-0.335977	0.709826	5.627909	0.002647	0.000000
-0.335019	0.709407	5.624588	0.002646	0.000000
-0.334061	0.708977	5.621181	0.002646	0.000000
-0.333103	0.708537	5.617687	0.002645	0.000000
-0.332145	0.708085	5.614106	0.002644	0.000000
-0.331188	0.707623	5.610437	0.002643	0.000000
-0.330230	0.707149	5.606684	0.002642	0.000000
-0.329272	0.706665	5.602840	0.002641	0.000000
-0.328314	0.706168	5.598902	0.002640	0.000000
-0.327356	0.705658	5.594866	0.002640	0.000000
-0.326398	0.705137	5.590735	0.002639	0.000000
-0.325440	0.704602	5.586488	0.002638	0.000000
-0.324482	0.704051	5.582121	0.002637	0.000000
-0.323524	0.703486	5.577641	0.002636	0.000000
-0.322566	0.702905	5.573036	0.002635	0.000000
-0.321608	0.702307	5.568297	0.002634	0.000000
-0.320650	0.701692	5.563417	0.002634	0.000000
-0.319692	0.701057	5.558386	0.002633	0.000000
-0.318734	0.700402	5.553191	0.002632	0.000000
-0.317776	0.699724	5.547818	0.002631	0.000000
-0.316818	0.699019	5.542223	0.002630	0.000000
-0.315860	0.698283	5.536390	0.002629	0.000000
-0.314902	0.697515	5.530300	0.002629	0.000000
-0.313944	0.696709	5.523907	0.002628	0.000000
-0.312986	0.695858	5.517160	0.002627	0.000000
-0.312028	0.694954	5.509989	0.002626	0.000000
-0.311070	0.693983	5.502291	0.002625	0.000000
-0.310112	0.692923	5.493890	0.002625	0.000000
-0.309154	0.691737	5.484489	0.002624	0.000000
-0.308196	0.690424	5.474084	0.002623	0.000000
-0.307238	0.689108	5.463648	0.002622	0.000000
-0.306280	0.687792	5.453213	0.002621	0.000000
-0.305322	0.686464	5.442687	0.002621	0.000000
-0.304365	0.685112	5.431967	0.002620	0.000000
-0.303407	0.683745	5.421123	0.002619	0.000000
-0.302449	0.682377	5.410278	0.002618	0.000000
-0.301491	0.681008	5.399425	0.002617	0.000000
-0.300533	0.679625	5.388461	0.002617	0.000000
-0.299575	0.678209	5.377230	0.002616	0.000000
-0.298617	0.676792	5.366001	0.002615	0.000000
-0.297659	0.675377	5.354780	0.002614	0.000000
-0.296701	0.673954	5.343493	0.002614	0.000000
-0.295743	0.672505	5.332012	0.002613	0.000000
-0.294785	0.671040	5.320394	0.002612	0.000000
-0.293827	0.669574	5.308778	0.002611	0.000000
-0.292869	0.668104	5.297149	0.002611	0.000000
-0.291911	0.666621	5.285441	0.002610	0.000000
-0.290953	0.665090	5.273399	0.002609	0.000000
-0.289995	0.663558	5.261354	0.002608	0.000000
-0.289037	0.662023	5.249321	0.002608	0.000000
-0.288079	0.660478	5.237231	0.002607	0.000000
-0.287121	0.658898	5.224891	0.002606	0.000000
-0.286163	0.657290	5.212358	0.002605	0.000000
-0.285205	0.655679	5.199828	0.002605	0.000000
-0.284247	0.654065	5.187283	0.002604	0.000000
-0.283289	0.652439	5.174674	0.002603	0.000000
-0.282331	0.650737	5.161510	0.002603	0.000000
-0.281373	0.649035	5.148349	0.002602	0.000000
-0.280415	0.647335	5.135186	0.002601	0.000000
-0.279457	0.645631	5.121983	0.002600	0.000000
-0.278499	0.643857	5.108307	0.002600	0.000000
-0.277542	0.642013	5.094206	0.002599	0.000000
-0.276584	0.640150	5.080105	0.002598	0.000000
-0.275626	0.638267	5.065991	0.002598	0.000000
-0.274668	0.636358	5.051820	0.002597	0.000000
-0.273710	0.634185	5.035793	0.002596	0.000000
-0.272752	0.631996	5.019765	0.002595	0.000000
-0.271794	0.629789	5.003730	0.002595	0.000000
-0.270836	0.627563	4.987667	0.002594	0.000000
-0.269878	0.625091	4.969840	0.002593	0.000000
-0.268920	0.622375	4.950250	0.002593	0.000000
-0.267962	0.619639	4.930567	0.002592	0.000000
-0.267004	0.616887	4.910816	0.002591	0.000000
-0.266046	0.614131	4.891002	0.002591	0.000000
-0.265088	0.611349	4.871148	0.002590	0.000000
-0.264130	0.608569	4.851231	0.002589	0.000000
-0.263172	0.605774	4.831246	0.002589	0.000000
-0.262214	0.602958	4.811191	0.002588	0.000000
-0.261256	0.600116	4.791178	0.002587	0.000000
-0.260298	0.597248	4.771219	0.002587	0.000000
-0.259340	0.594355	4.751217	0.002586	0.000000
-0.258382	0.591440	4.731183	0.002585	0.000000
-0.257424	0.588502	4.711112	0.002585	0.000000
-0.256466	0.585534	4.691056	0.002584	0.000000
-0.255508	0.582542	4.670815	0.002583	0.000000
-0.254550	0.579527	4.650377	0.002583	0.000000
-0.253592	0.576490	4.629728	0.002582	0.000000
-0.252634	0.573427	4.608971	0.002581	0.000000
-0.251676	0.570349	4.588126	0.002581	0.000000
-0.250719	0.567269	4.567101	0.002580	0.000000
-0.249761	0.564192	4.545871	0.002580	0.000000
-0.248803	0.561113	4.524422	0.002579	0.000000
-0.247845	0.558006	4.502925	0.002578	0.000000
-0.246887	0.554878	4.481277	0.002578	0.000000
-0.245929	0.551728	4.459430	0.002577	0.000000
-0.244971	0.548555	4.437464	0.002576	0.000000
-0.244013	0.545359	4.415498	0.002576	0.000000
-0.243055	0.542142	4.393488	0.002575	0.000000
-0.242097	0.538903	4.371251	0.002575	0.000000
-0.241139	0.535642	4.348735	0.002574	0.000000
-0.240181	0.532359	4.325938	0.002573	0.000000
-0.239223	0.529052	4.303001	0.002573	0.000000
-0.238265	0.525723	4.279863	0.002572	0.000000
-0.237307	0.522377	4.256459	0.002572	0.000000
-0.236349	0.519030	4.232780	0.002571	0.000000
-0.235391	0.515687	4.208896	0.002570	0.000000
-0.234433	0.512343	4.184852	0.002570	0.000000
-0.233475	0.508992	4.160589	0.002569	0.000000
-0.232517	0.505636	4.136055	0.002569	0.000000
-0.231559	0.502273	4.111293	0.002568	0.000000
-0.230601	0.498902	4.086469	0.002568	0.000000
-0.229643	0.495526	4.061485	0.002567	0.000000
-0.228685	0.492145	4.036252	0.002566	0.000000
-0.227727	0.488758	4.010748	0.002566	0.000000
-0.226769	0.485365	3.985035	0.002565	0.000000
-0.225811	0.481967	3.959158	0.002565	0.000000
-0.224853	0.478563	3.933091	0.002564	0.000000
-0.223896	0.475155	3.906749	0.002564	0.000000
-0.222938	0.471742	3.880111	0.002563	0.000000
-0.221980	0.468335	3.853292	0.002562	0.000000
-0.221022	0.464932	3.826303	0.002562	0.000000
-0.220064	0.461531	3.799052	0.002561	0.000000
-0.219106	0.458131	3.771588	0.002561	0.000000
-0.218148	0.454733	3.744039	0.002560	0.000000
-0.217190	0.451337	3.716497	0.002560	0.000000
-0.216232	0.447944	3.688943	0.002559	0.000000
-0.215274	0.444551	3.661275	0.002559	0.000000
-0.214316	0.441160	3.633515	0.002558	0.000000
-0.213358	0.437773	3.605745	0.002558	0.000000
-0.212400	0.434388	3.577996	0.002557	0.000000
-0.211442	0.431006	3.550175	0.002557	0.000000
-0.210484	0.427625	3.522253	0.002556	0.000000
-0.209526	0.424248	3.494269	0.002556	0.000000
-0.208568	0.420877	3.466289	0.002555	0.000000
-0.207610	0.417511	3.438331	0.002554	0.000000
-0.206652	0.414148	3.410334	0.002554	0.000000
-0.205694	0.410787	3.382310	0.002553	0.000000
-0.204736	0.407431	3.354335	0.002553	0.000000
-0.203778	0.404081	3.326483	0.002552	0.000000
-0.202820	0.400733	3.298642	0.002552	0.000000
-0.201862	0.397387	3.270765	0.002551	0.000000
-0.200904	0.394044	3.242895	0.002551	0.000000
-0.199946	0.390708	3.215108	0.002550	0.000000
-0.198988	0.387377	3.187428	0.002550	0.000000
-0.198030	0.384048	3.159720	0.002549	0.000000
-0.197073	0.380724	3.131996	0.002549	0.000000
-0.196115	0.377405	3.104335	0.002548	0.000000
-0.195157	0.374093	3.076823	0.002548	0.000000
-0.194199	0.370788	3.049337	0.002548	0.000000
-0.193241	0.367486	3.021835	0.002547	0.000000
-0.192283	0.364189	2.994340	0.002547	0.000000
-0.191325	0.360898	2.966923	0.002546	0.000000
-0.190367	0.357615	2.939648	0.002546	0.000000
-0.189409	0.354337	2.912355	0.002545	0.000000
-0.188451	0.351062	2.885055	0.002545	0.000000
-0.187493	0.347792	2.857758	0.002544	0.000000
-0.186535	0.344532	2.830643	0.002544	0.000000
-0.185577	0.341279	2.803601	0.002543	0.000000
-0.184619	0.338030	2.776569	0.002543	0.000000
-0.183661	0.334785	2.749541	0.002542	0.000000
-0.182703	0.331549	2.722589	0.002542	0.000000
-0.181745	0.328324	2.695817	0.002542	0.000000
-0.180787	0.325105	2.669045	0.002541	0.000000
-0.179829	0.321891	2.642271	0.002541	0.000000
-0.178871	0.318683	2.615504	0.002540	0.000000
-0.177913	0.315488	2.588935	0.002540	0.000000
-0.176955	0.312302	2.562426	0.002539	0.000000
-0.175997	0.309120	2.535924	0.002539	0.000000
-0.175039	0.305944	2.509450	0.002538	0.000000
-0.174081	0.302777	2.483088	0.002538	0.000000
-0.173123	0.299623	2.456931	0.002538	0.000000
-0.172165	0.296473	2.430773	0.002537	0.000000
-0.171207	0.293332	2.404638	0.002537	0.000000
-0.170250	0.290197	2.378514	0.002536	0.000000
-0.169292	0.287078	2.352597	0.002536	0.000000
-0.168334	0.283970	2.326766	0.002536	0.000000
-0.167376	0.280867	2.300954	0.002535	0.000000
-0.166418	0.277772	2.275154	0.002535	0.000000
-0.165460	0.274687	2.249443	0.002534	0.000000
-0.164502	0.271618	2.223981	0.002534	0.000000
-0.163544	0.268557	2.198598	0.002534	0.000000
-0.162586	0.265504	2.173235	0.002533	0.000000
-0.161628	0.262458	2.147893	0.002533	0.000000
-0.160670	0.259429	2.122762	0.002532	0.000000
-0.159712	0.256413	2.097733	0.002532	0.000000
-0.158754	0.253404	2.072730	0.002532	0.000000
-0.157796	0.250402	2.047754	0.002531	0.000000
-0.156838	0.247414	2.022871	0.002531	0.000000
-0.155880	0.244444	1.998205	0.002530	0.000000
-0.154922	0.241486	1.973648	0.002530	0.000000
-0.153964	0.238535	1.949177	0.002530	0.000000
-0.153006	0.235592	1.924751	0.002529	0.000000
-0.152048	0.232670	1.900538	0.002529	0.000000
-0.151090	0.229761	1.876453	0.002529	0.000000
-0.150132	0.226863	1.852425	0.002528	0.000000
-0.149174	0.223974	1.828434	0.002528	0.000000
-0.148216	0.221098	1.804533	0.002527	0.000000
-0.147258	0.218243	1.780841	0.002527	0.000000
-0.146300	0.215402	1.757257	0.002527	0.000000
-0.145342	0.212572	1.733778	0.002526	0.000000
-0.144384	0.209749	1.710390	0.002526	0.000000
-0.143427	0.206948	1.687228	0.002526	0.000000
-0.142469	0.204165	1.664229	0.002525	0.000000
-0.141511	0.201393	1.641314	0.002525	0.000000
-0.140553	0.198632	1.618445	0.002525	0.000000
-0.139595	0.195885	1.595666	0.002524	0.000000
-0.138637	0.193163	1.573104	0.002524	0.000000
-0.137679	0.190458	1.550684	0.002524	0.000000
-0.136721	0.187764	1.528361	0.002523	0.000000
-0.135763	0.185082	1.506152	0.002523	0.000000
-0.134805	0.182421	1.484190	0.002523	0.000000
-0.133847	0.179780	1.462427	0.002522	0.000000
-0.132889	0.177153	1.440772	0.002522	0.000000
-0.131931	0.174538	1.419177	0.002522	0.000000
-0.130973	0.171938	1.397682	0.002521	0.000000
-0.130015	0.169364	1.376394	0.002521	0.000000
-0.129057	0.166812	1.355281	0.002521	0.000000
-0.128099	0.164275	1.334280	0.002520	0.000000
-0.127141	0.161750	1.313406	0.002520	0.000000
-0.126183	0.159246	1.292770	0.002520	0.000000
-0.125225	0.156766	1.272377	0.002519	0.000000
-0.124267	0.154304	1.252134	0.002519	0.000000
-0.123309	0.151853	1.231968	0.002519	0.000000
-0.122351	0.149418	1.211905	0.002519	0.000000
-0.121393	0.147010	1.192049	0.002518	0.000000
-0.120435	0.144632	1.172422	0.002518	0.000000
-0.119477	0.142270	1.152908	0.002518	0.000000
-0.118519	0.139922	1.133537	0.002517	0.000000
-0.117561	0.137596	1.114404	0.002517	0.000000
-0.116603	0.135296	1.095544	0.002517	0.000000
-0.115646	0.133015	1.076858	0.002517	0.000000
-0.114688	0.130748	1.058254	0.002516	0.000000
-0.113730	0.128497	1.039770	0.002516	0.000000
-0.112772	0.126274	1.021489	0.002516	0.000000
-0.111814	0.124086	1.003479	0.002515	0.000000
-0.110856	0.121917	0.985608	0.002515	0.000000
-0.109898	0.119764	0.967896	0.002515	0.000000
-0.108940	0.117634	0.950421	0.002515	0.000000
-0.107982	0.115532	0.933239	0.002514	0.000000
-0.107024	0.113453	0.916262	0.002514	0.000000
-0.106066	0.111389	0.899382	0.002514	0.000000
-0.105108	0.109342	0.882619	0.002514	0.000000
-0.104150	0.107322	0.866049	0.002513	0.000000
-0.103192	0.105344	0.849806	0.002513	0.000000
-0.102234	0.103387	0.833739	0.002513	0.000000
-0.101276	0.101447	0.817834	0.002513	0.000000
-0.100318	0.099528	0.802160	0.002512	0.000000
-0.099360	0.097642	0.786788	0.002512	0.000000
-0.098402	0.095781	0.771639	0.002512	0.000000
-0.097444	0.093936	0.756598	0.002512	0.000000
-0.096486	0.092109	0.741673	0.002511	0.000000
-0.095528	0.090310	0.726936	0.002511	0.000000
-0.094570	0.088560	0.712618	0.002511	0.000000
-0.093612	0.086832	0.698488	0.002511	0.000000
-0.092654	0.085122	0.684534	0.002511	0.000000
-0.091696	0.083432	0.670787	0.002510	0.000000
-0.090738	0.081776	0.657340	0.002510	0.000000
-0.089781	0.080150	0.644131	0.002510	0.000000
-0.088823	0.078541	0.631039	0.002510	0.000000
-0.087865	0.076952	0.618079	0.002510	0.000000
-0.086907	0.075391	0.605325	0.002509	0.000000
-0.085949	0.073883	0.593039	0.002509	0.000000
-0.084991	0.072399	0.580951	0.002509	0.000000
-0.084033	0.070933	0.569048	0.002509	0.000000
-0.083075	0.069484	0.557305	0.002508	0.000000
-0.082117	0.068072	0.545859	0.002508	0.000000
-0.081159	0.066693	0.534679	0.002508	0.000000
-0.080201	0.065334	0.523636	0.002508	0.000000
-0.079243	0.063998	0.512761	0.002508	0.000000
-0.078285	0.062687	0.502093	0.002508	0.000000
-0.077327	0.061437	0.491940	0.002507	0.000000
-0.076369	0.060207	0.481982	0.002507	0.000000
-0.075411	0.058994	0.472174	0.002507	0.000000
-0.074453	0.057798	0.462497	0.002507	0.000000
-0.073495	0.056640	0.453124	0.002507	0.000000
-0.072537	0.055521	0.444057	0.002506	0.000000
-0.071579	0.054425	0.435163	0.002506	0.000000
-0.070621	0.053353	0.426460	0.002506	0.000000
-0.069663	0.052303	0.417948	0.002506	0.000000
-0.068705	0.051315	0.409967	0.002506	0.000000
-0.067747	0.050347	0.402151	0.002506	0.000000
-0.066789	0.049395	0.394471	0.002505	0.000000
-0.065831	0.048461	0.386921	0.002505	0.000000
-0.064873	0.047569	0.379692	0.002505	0.000000
-0.063915	0.046719	0.372810	0.002505	0.000000
-0.062958	0.045892	0.366117	0.002505	0.000000
-0.062000	0.045081	0.359557	0.002505	0.000000
-0.061042	0.044281	0.353102	0.002505	0.000000
-0.060084	0.043525	0.347012	0.002504	0.000000
-0.059126	0.042779	0.341010	0.002504	0.000000
-0.058168	0.042043	0.335067	0.002504	0.000000
-0.057210	0.041318	0.329206	0.002504	0.000000
-0.056252	0.040622	0.323587	0.002504	0.000000
-0.055294	0.039958	0.318232	0.002504	0.000000
-0.054336	0.039310	0.313012	0.002504	0.000000
-0.053378	0.038672	0.307881	0.002503	0.000000
-0.052420	0.038039	0.302799	0.002503	0.000000
-0.051462	0.037447	0.298044	0.002503	0.000000
-0.050504	0.036874	0.293424	0.002503	0.000000
-0.049546	0.036313	0.288902	0.002503	0.000000
-0.048588	0.035762	0.284471	0.002503	0.000000
-0.047630	0.035239	0.280259	0.002503	0.000000
-0.046672	0.034747	0.276302	0.002503	0.000000
-0.045714	0.034269	0.272475	0.002503	0.000000
-0.044756	0.033798	0.268691	0.002502	0.000000
-0.043798	0.033332	0.264949	0.002502	0.000000
-0.042840	0.032908	0.261542	0.002502	0.000000
-0.041882	0.032507	0.258319	0.002502	0.000000
-0.040924	0.032119	0.255196	0.002502	0.000000
-0.039966	0.031741	0.252160	0.002502	0.000000
-0.039008	0.031385	0.249307	0.002502	0.000000
-0.038050	0.031056	0.246673	0.002502	0.000000
-0.037092	0.030743	0.244164	0.002502	0.000000
-0.036135	0.030438	0.241711	0.002502	0.000000
-0.035177	0.030143	0.239339	0.002501	0.000000
-0.034219	0.029871	0.237153	0.002501	0.000000
-0.033261	0.029615	0.235103	0.002501	0.000000
-0.032303	0.029371	0.233140	0.002501	0.000000
-0.031345	0.029132	0.231231	0.002501	0.000000
-0.030387	0.028899	0.229362	0.002501	0.000000
-0.029429	0.028671	0.227541	0.002501	0.000000
-0.028471	0.028453	0.225787	0.002501	0.000000
-0.027513	0.028243	0.224108	0.002501	0.000000
-0.026555	0.028043	0.222506	0.002501	0.000000
-0.025597	0.027853	0.220985	0.002501	0.000000
-0.024639	0.027670	0.219523	0.002501	0.000000
-0.023681	0.027492	0.218101	0.002501	0.000000
-0.022723	0.027320	0.216721	0.002501	0.000000
-0.021765	0.027154	0.215400	0.002501	0.000000
-0.020807	0.026998	0.214147	0.002500	0.000000
-0.019849	0.026850	0.212962	0.002500	0.000000
-0.018891	0.026710	0.211845	0.002500	0.000000
-0.017933	0.026579	0.210801	0.002500	0.000000
-0.016975	0.026454	0.209801	0.002500	0.000000
-0.016017	0.026333	0.208835	0.002500	0.000000
-0.015059	0.026218	0.207921	0.002500	0.000000
-0.014101	0.026112	0.207071	0.002500	0.000000
-0.013143	0.026014	0.206285	0.002500	0.000000
-0.012185	0.025924	0.205566	0.002500	0.000000
-0.011227	0.025841	0.204909	0.002500	0.000000
-0.010269	0.025766	0.204305	0.002500	0.000000
-0.009312	0.025694	0.203735	0.002500	0.000000
-0.008354	0.025628	0.203211	0.002500	0.000000
-0.007396	0.025570	0.202747	0.002500	0.000000
-0.006438	0.025520	0.202344	0.002500	0.000000
-0.005480	0.025477	0.202004	0.002500	0.000000
-0.004522	0.025442	0.201726	0.002500	0.000000
-0.003564	0.025414	0.201501	0.002500	0.000000
-0.002606	0.025390	0.201312	0.002500	0.000000
-0.001648	0.025371	0.201160	0.002500	0.000000
-0.000690	0.025360	0.201074	0.002500	0.000000
0.000268	0.025358	0.201052	0.002500	0.000000
0.001226	0.025363	0.201091	0.002500	0.000000
0.002184	0.025375	0.201190	0.002500	0.000000
0.003142	0.025394	0.201344	0.002500	0.000000
0.004100	0.025419	0.201539	0.002500	0.000000
0.005058	0.025448	0.201770	0.002500	0.000000
0.006016	0.025484	0.202057	0.002500	0.000000
0.006974	0.025528	0.202407	0.002500	0.000000
0.007932	0.025580	0.202823	0.002500	0.000000
0.008890	0.025640	0.203304	0.002500	0.000000
0.009848	0.025708	0.203843	0.002500	0.000000
0.010806	0.025780	0.204419	0.002500	0.000000
0.011764	0.025857	0.205031	0.002500	0.000000
0.012722	0.025940	0.205695	0.002500	0.000000
0.013680	0.026031	0.206424	0.002500	0.000000
0.014638	0.026130	0.207218	0.002500	0.000000
0.015596	0.026238	0.208078	0.002500	0.000000
0.016554	0.026354	0.209008	0.002500	0.000000
0.017511	0.026477	0.209983	0.002500	0.000000
0.018469	0.026603	0.210993	0.002500	0.000000
0.019427	0.026736	0.212054	0.002500	0.000000
0.020385	0.026877	0.213180	0.002501	0.000000
0.021343	0.027026	0.214375	0.002501	0.000000
0.022301	0.027184	0.215637	0.002501	0.000000
0.023259	0.027350	0.216967	0.002501	0.000000
0.024217	0.027525	0.218359	0.002501	0.000000
0.025175	0.027704	0.219790	0.002501	0.000000
0.026133	0.027888	0.221261	0.002501	0.000000
0.027091	0.028080	0.222803	0.002501	0.000000
0.028049	0.028282	0.224419	0.002501	0.000000
0.029007	0.028493	0.226109	0.002501	0.000000
0.029965	0.028712	0.227872	0.002501	0.000000
0.030923	0.028941	0.229700	0.002501	0.000000
0.031881	0.029175	0.231575	0.002501	0.000000
0.032839	0.029414	0.233490	0.002501	0.000000
0.033797	0.029661	0.235472	0.002501	0.000000
0.034755	0.029918	0.237535	0.002502	0.000000
0.035713	0.030199	0.239790	0.002502	0.000000
0.036671	0.030495	0.242169	0.002502	0.000000
0.037629	0.030801	0.244629	0.002502	0.000000
0.038587	0.031116	0.247147	0.002502	0.000000
0.039545	0.031445	0.249786	0.002502	0.000000
0.040503	0.031809	0.252705	0.002502	0.000000
0.041461	0.032189	0.255753	0.002502	0.000000
0.042419	0.032580	0.258898	0.002502	0.000000
0.043377	0.032982	0.262132	0.002502	0.000000
0.044335	0.033422	0.265668	0.002502	0.000000
0.045292	0.033885	0.269383	0.002503	0.000000
0.046250	0.034357	0.273174	0.002503	0.000000
0.047208	0.034836	0.277013	0.002503	0.000000
0.048166	0.035330	0.280990	0.002503	0.000000
0.049124	0.035861	0.285270	0.002503	0.000000
0.050082	0.036413	0.289714	0.002503	0.000000
0.051040	0.036978	0.294262	0.002503	0.000000
0.051998	0.037553	0.298900	0.002503	0.000000
0.052956	0.038160	0.303780	0.002504	0.000000
0.053914	0.038789	0.308831	0.002504	0.000000
0.054872	0.039429	0.313980	0.002504	0.000000
0.055830	0.040078	0.319213	0.002504	0.000000
0.056788	0.040745	0.324602	0.002504	0.000000
0.057746	0.041448	0.330281	0.002504	0.000000
0.058704	0.042176	0.336154	0.002504	0.000000
0.059662	0.042916	0.342117	0.002505	0.000000
0.060620	0.043662	0.348128	0.002505	0.000000
0.061578	0.044435	0.354346	0.002505	0.000000
0.062536	0.045231	0.360776	0.002505	0.000000
0.063494	0.046046	0.367371	0.002505	0.000000
0.064452	0.046880	0.374124	0.002505	0.000000
0.065410	0.047743	0.381109	0.002505	0.000000
0.066368	0.048649	0.388445	0.002506	0.000000
0.067326	0.049592	0.396063	0.002506	0.000000
0.068284	0.050555	0.403829	0.002506	0.000000
0.069242	0.051534	0.411723	0.002506	0.000000
0.070200	0.052548	0.419923	0.002506	0.000000
0.071157	0.053599	0.428451	0.002506	0.000000
0.072115	0.054681	0.437230	0.002507	0.000000
0.073073	0.055786	0.446196	0.002507	0.000000
0.074031	0.056918	0.455371	0.002507	0.000000
0.074989	0.058088	0.464833	0.002507	0.000000
0.075947	0.059293	0.474581	0.002507	0.000000
0.076905	0.060517	0.484466	0.002508	0.000000
0.077863	0.061757	0.494526	0.002508	0.000000
0.078821	0.063032	0.504880	0.002508	0.000000
0.079779	0.064346	0.515570	0.002508	0.000000
0.080737	0.065691	0.526518	0.002508	0.000000
0.081695	0.067058	0.537630	0.002508	0.000000
0.082653	0.068449	0.548901	0.002509	0.000000
0.083611	0.069871	0.560420	0.002509	0.000000
0.084569	0.071330	0.572242	0.002509	0.000000
0.085527	0.072807	0.584243	0.002509	0.000000
0.086485	0.074304	0.596433	0.002509	0.000000
0.087443	0.075831	0.608888	0.002510	0.000000
0.088401	0.077397	0.621676	0.002510	0.000000
0.089359	0.078995	0.634703	0.002510	0.000000
0.090317	0.080613	0.647856	0.002510	0.000000
0.091275	0.082250	0.661150	0.002511	0.000000
0.092233	0.083913	0.674657	0.002511	0.000000
0.093191	0.085616	0.688513	0.002511	0.000000
0.094149	0.087335	0.702558	0.002511	0.000000
0.095107	0.089075	0.716782	0.002511	0.000000
0.096065	0.090842	0.731246	0.002512	0.000000
0.097023	0.092647	0.746015	0.002512	0.000000
0.097980	0.094482	0.761003	0.002512	0.000000
0.098938	0.096334	0.776100	0.002512	0.000000
0.099896	0.098203	0.791319	0.002513	0.000000
0.100854	0.100096	0.806729	0.002513	0.000000
0.101812	0.102029	0.822543	0.002513	0.000000
0.102770	0.103978	0.838529	0.002513	0.000000
0.103728	0.105945	0.854683	0.002514	0.000000
0.104686	0.107937	0.871030	0.002514	0.000000
0.105644	0.109965	0.887655	0.002514	0.000000
0.106602	0.112021	0.904489	0.002514	0.000000
0.107560	0.114092	0.921423	0.002515	0.000000
0.108518	0.116179	0.938464	0.002515	0.000000
0.109476	0.118284	0.955663	0.002515	0.000000
0.110434	0.120431	0.973288	0.002515	0.000000
0.111392	0.122592	0.991079	0.002516	0.000000
0.112350	0.124771	1.009028	0.002516	0.000000
0.113308	0.126969	1.027112	0.002516	0.000000
0.114266	0.129200	1.045454	0.002517	0.000000
0.115224	0.131460	1.064016	0.002517	0.000000
0.116182	0.133734	1.082668	0.002517	0.000000
0.117140	0.136021	1.101404	0.002517	0.000000
0.118098	0.138324	1.120263	0.002518	0.000000
0.119056	0.140666	1.139562	0.002518	0.000000
0.120014	0.143023	1.159013	0.002518	0.000000
0.120972	0.145394	1.178603	0.002519	0.000000
0.121930	0.147780	1.198285	0.002519	0.000000
0.122888	0.150197	1.218206	0.002519	0.000000
0.123846	0.152641	1.238344	0.002519	0.000000
0.124803	0.155097	1.258556	0.002520	0.000000
0.125761	0.157566	1.278845	0.002520	0.000000
0.126719	0.160047	1.299220	0.002520	0.000000
0.127677	0.162567	1.320019	0.002521	0.000000
0.128635	0.165099	1.340966	0.002521	0.000000
0.129593	0.167645	1.362041	0.002521	0.000000
0.130551	0.170202	1.383188	0.002522	0.000000
0.131509	0.172785	1.404546	0.002522	0.000000
0.132467	0.175393	1.426103	0.002522	0.000000
0.133425	0.178014	1.447741	0.002523	0.000000
0.134383	0.180647	1.469442	0.002523	0.000000
0.135341	0.183290	1.491207	0.002523	0.000000
0.136299	0.185966	1.513327	0.002524	0.000000
0.137257	0.188655	1.535594	0.002524	0.000000
0.138215	0.191355	1.557985	0.002524	0.000000
0.139173	0.194065	1.580440	0.002525	0.000000
0.140131	0.196796	1.603077	0.002525	0.000000
0.141089	0.199549	1.625903	0.002525	0.000000
0.142047	0.202315	1.648806	0.002526	0.000000
0.143005	0.205091	1.671759	0.002526	0.000000
0.143963	0.207878	1.694764	0.002526	0.000000
0.144921	0.210693	1.718063	0.002527	0.000000
0.145879	0.213520	1.741494	0.002527	0.000000
0.146837	0.216356	1.765025	0.002527	0.000000
0.147795	0.219203	1.788638	0.002528	0.000000
0.148753	0.222066	1.812413	0.002528	0.000000
0.149711	0.224948	1.836355	0.002528	0.000000
0.150668	0.227841	1.860372	0.002529	0.000000
0.151626	0.230744	1.884434	0.002529	0.000000
0.152584	0.233655	1.908531	0.002530	0.000000
0.153542	0.236589	1.932866	0.002530	0.000000
0.154500	0.239536	1.957311	0.002530	0.000000
0.155458	0.242491	1.981825	0.002531	0.000000
0.156416	0.245455	2.006421	0.002531	0.000000
0.157374	0.248432	2.031170	0.002531	0.000000
0.158332	0.251426	2.056086	0.002532	0.000000
0.159290	0.254431	2.081092	0.002532	0.000000
0.160248	0.257443	2.106113	0.002533	0.000000
0.161206	0.260463	2.131157	0.002533	0.000000
0.162164	0.263501	2.156398	0.002533	0.000000
0.163122	0.266553	2.181759	0.002534	0.000000
0.164080	0.269611	2.207152	0.002534	0.000000
0.165038	0.272675	2.232573	0.002535	0.000000
0.165996	0.275751	2.258127	0.002535	0.000000
0.166954	0.278839	2.283852	0.002535	0.000000
0.167912	0.281939	2.309679	0.002536	0.000000
0.168870	0.285044	2.335517	0.002536	0.000000
0.169828	0.288156	2.361364	0.002537	0.000000
0.170786	0.291282	2.387370	0.002537	0.000000
0.171744	0.294421	2.413501	0.002538	0.000000
0.172702	0.297568	2.439669	0.002538	0.000000
0.173660	0.300720	2.465843	0.002538	0.000000
0.174618	0.303879	2.492080	0.002539	0.000000
0.175576	0.307049	2.518454	0.002539	0.000000
0.176534	0.310229	2.544952	0.002540	0.000000
0.177492	0.313415	2.571488	0.002540	0.000000
0.178450	0.316605	2.598021	0.002541	0.000000
0.179407	0.319805	2.624664	0.002541	0.000000
0.180365	0.323017	2.651436	0.002541	0.000000
0.181323	0.326234	2.678231	0.002542	0.000000
0.182281	0.329457	2.705022	0.002542	0.000000
0.183239	0.332686	2.731862	0.002543	0.000000
0.184197	0.335925	2.758814	0.002543	0.000000
0.185155	0.339172	2.785864	0.002544	0.000000
0.186113	0.342424	2.812912	0.002544	0.000000
0.187071	0.345680	2.839983	0.002545	0.000000
0.188029	0.348945	2.867164	0.002545	0.000000
0.188987	0.352218	2.894468	0.002546	0.000000
0.189945	0.355496	2.921784	0.002546	0.000000
0.190903	0.358777	2.949093	0.002547	0.000000
0.191861	0.362064	2.976428	0.002547	0.000000
0.192819	0.365357	3.003849	0.002547	0.000000
0.193777	0.368658	3.031380	0.002548	0.000000
0.194735	0.371962	3.058895	0.002548	0.000000
0.195693	0.375270	3.086392	0.002549	0.000000
0.196651	0.378585	3.113941	0.002549	0.000000
0.197609	0.381907	3.141641	0.002550	0.000000
0.198567	0.385235	3.169371	0.002550	0.000000
0.199525	0.388565	3.197081	0.002551	0.000000
0.200483	0.391898	3.224792	0.002551	0.000000
0.201441	0.395238	3.252589	0.002552	0.000000
0.202399	0.398583	3.280503	0.002552	0.000000
0.203357	0.401930	3.308382	0.002553	0.000000
0.204315	0.405280	3.336232	0.002553	0.000000
0.205272	0.408633	3.364095	0.002554	0.000000
0.206230	0.411993	3.392125	0.002554	0.000000
0.207188	0.415356	3.420156	0.002555	0.000000
0.208146	0.418721	3.448161	0.002555	0.000000
0.209104	0.422089	3.476132	0.002556	0.000000
0.210062	0.425462	3.504103	0.002556	0.000000
0.211020	0.428843	3.532126	0.002557	0.000000
0.211978	0.432225	3.560043	0.002558	0.000000
0.212936	0.435609	3.587850	0.002558	0.000000
0.213894	0.438994	3.615568	0.002559	0.000000
0.214852	0.442384	3.643375	0.002559	0.000000
0.215810	0.445777	3.671139	0.002560	0.000000
0.216768	0.449171	3.698793	0.002560	0.000000
0.217726	0.452566	3.726343	0.002561	0.000000
0.218684	0.455963	3.753873	0.002561	0.000000
0.219642	0.459363	3.781473	0.002562	0.000000
0.220600	0.462765	3.808970	0.002562	0.000000
0.221558	0.466168	3.836161	0.002563	0.000000
0.222516	0.469572	3.863060	0.002563	0.000000
0.223474	0.472982	3.889877	0.002564	0.000000
0.224432	0.476394	3.916468	0.002565	0.000000
0.225390	0.479803	3.942783	0.002565	0.000000
0.226348	0.483207	3.968822	0.002566	0.000000
0.227306	0.486605	3.994655	0.002566	0.000000
0.228264	0.489997	4.020389	0.002567	0.000000
0.229222	0.493385	4.045864	0.002567	0.000000
0.230180	0.496765	4.071040	0.002568	0.000000
0.231138	0.500142	4.095948	0.002569	0.000000
0.232096	0.503511	4.120764	0.002569	0.000000
0.233053	0.506873	4.145483	0.002570	0.000000
0.234011	0.510230	4.169998	0.002570	0.000000
0.234969	0.513581	4.194231	0.002571	0.000000
0.235927	0.516927	4.218243	0.002572	0.000000
0.236885	0.520271	4.242141	0.002572	0.000000
0.237843	0.523619	4.265790	0.002573	0.000000
0.238801	0.526966	4.289136	0.002573	0.000000
0.239759	0.530290	4.312189	0.002574	0.000000
0.240717	0.533591	4.335124	0.002575	0.000000
0.241675	0.536870	4.357862	0.002575	0.000000
0.242633	0.540129	4.380337	0.002576	0.000000
0.243591	0.543365	4.402543	0.002576	0.000000
0.244549	0.546580	4.424550	0.002577	0.000000
0.245507	0.549774	4.446523	0.002578	0.000000
0.246465	0.552943	4.468497	0.002578	0.000000
0.247423	0.556088	4.490294	0.002579	0.000000
0.248381	0.559212	4.511879	0.002579	0.000000
0.249339	0.562312	4.533405	0.002580	0.000000
0.250297	0.565394	4.554801	0.002581	0.000000
0.251255	0.568471	4.576010	0.002581	0.000000
0.252213	0.571552	4.597008	0.002582	0.000000
0.253171	0.574630	4.617844	0.002583	0.000000
0.254129	0.577690	4.638612	0.002583	0.000000
0.255087	0.580725	4.659236	0.002584	0.000000
0.256045	0.583733	4.679617	0.002585	0.000000
0.257003	0.586719	4.699790	0.002585	0.000000
0.257961	0.589679	4.719876	0.002586	0.000000
0.258918	0.592615	4.739933	0.002587	0.000000
0.259876	0.595528	4.759968	0.002587	0.000000
0.260834	0.598417	4.779962	0.002588	0.000000
0.261792	0.601281	4.799933	0.002589	0.000000
0.262750	0.604120	4.819961	0.002589	0.000000
0.263708	0.606935	4.840018	0.002590	0.000000
0.264666	0.609721	4.859988	0.002591	0.000000
0.265624	0.612504	4.879889	0.002591	0.000000
0.266582	0.615275	4.899740	0.002592	0.000000
0.267540	0.618037	4.919540	0.002593	0.000000
0.268498	0.620787	4.939282	0.002593	0.000000
0.269456	0.623521	4.958959	0.002594	0.000000
0.270414	0.626182	4.978136	0.002595	0.000000
0.271372	0.628620	4.995722	0.002595	0.000000
0.272330	0.630842	5.011780	0.002596	0.000000
0.273288	0.633045	5.027812	0.002597	0.000000
0.274246	0.635231	5.043846	0.002597	0.000000
0.275204	0.637310	5.059202	0.002598	0.000000
0.276162	0.639260	5.073700	0.002599	0.000000
0.277120	0.641138	5.087801	0.002600	0.000000
0.278078	0.642999	5.101904	0.002600	0.000000
0.279036	0.644829	5.115919	0.002601	0.000000
0.279994	0.646593	5.129557	0.002602	0.000000
0.280952	0.648292	5.142717	0.002602	0.000000
0.281910	0.649993	5.155878	0.002603	0.000000
0.282868	0.651695	5.169042	0.002604	0.000000
0.283826	0.653372	5.182027	0.002605	0.000000
0.284784	0.655008	5.194711	0.002605	0.000000
0.285741	0.656620	5.207241	0.002606	0.000000
0.286699	0.658230	5.219773	0.002607	0.000000
0.287657	0.659833	5.232270	0.002607	0.000000
0.288615	0.661413	5.244609	0.002608	0.000000
0.289573	0.662950	5.256642	0.002609	0.000000
0.290531	0.664484	5.268681	0.002610	0.000000
0.291489	0.666016	5.280722	0.002610	0.000000
0.292447	0.667534	5.292675	0.002611	0.000000
0.293405	0.669020	5.304413	0.002612	0.000000
0.294363	0.670488	5.316026	0.002613	0.000000
0.295321	0.671954	5.327639	0.002614	0.000000
0.296279	0.673417	5.339235	0.002614	0.000000
0.297237	0.674867	5.350732	0.002615	0.000000
0.298195	0.676281	5.361949	0.002616	0.000000
0.299153	0.677697	5.373174	0.002617	0.000000
0.300111	0.679113	5.384399	0.002617	0.000000
0.301069	0.680522	5.395569	0.002618	0.000000
0.302027	0.681905	5.406535	0.002619	0.000000
0.302985	0.683272	5.417373	0.002620	0.000000
0.303943	0.684640	5.428217	0.002620	0.000000
0.304901	0.686005	5.439044	0.002621	0.000000
0.305859	0.687361	5.449792	0.002622	0.000000
0.306817	0.688677	5.460228	0.002623	0.000000
0.307775	0.689993	5.470663	0.002624	0.000000
0.308733	0.691306	5.481074	0.002624	0.000000
0.309691	0.692537	5.490833	0.002625	0.000000
0.310649	0.693640	5.499578	0.002626	0.000000
0.311607	0.694634	5.507455	0.002627	0.000000
0.312564	0.695555	5.514760	0.002628	0.000000
0.313522	0.696419	5.521609	0.002629	0.000000
0.314480	0.697237	5.528093	0.002629	0.000000
0.315438	0.698012	5.534237	0.002630	0.000000
0.316396	0.698751	5.540102	0.002631	0.000000
0.317354	0.699463	5.545741	0.002632	0.000000
0.318312	0.700148	5.551173	0.002633	0.000000
0.319270	0.700809	5.556417	0.002633	0.000000
0.320228	0.701449	5.561490	0.002634	0.000000
0.321186	0.702070	5.566411	0.002635	0.000000
0.322144	0.702672	5.571189	0.002636	0.000000
0.323102	0.703257	5.575827	0.002637	0.000000
0.324060	0.703825	5.580329	0.002638	0.000000
0.325018	0.704377	5.584709	0.002639	0.000000
0.325976	0.704916	5.588978	0.002639	0.000000
0.326934	0.705441	5.593140	0.002640	0.000000
0.327892	0.705953	5.597200	0.002641	0.000000
0.328850	0.706453	5.601163	0.002642	0.000000
0.329808	0.706941	5.605032	0.002643	0.000000
0.330766	0.707417	5.608809	0.002644	0.000000
0.331724	0.707883	5.612500	0.002645	0.000000
0.332682	0.708336	5.616096	0.002645	0.000000
0.333640	0.708778	5.619601	0.002646	0.000000
0.334598	0.709210	5.623025	0.002647	0.000000
0.335556	0.709631	5.626368	0.002648	0.000000
0.336514	0.710043	5.629631	0.002649	0.000000
0.337472	0.710445	5.632815	0.002650	0.000000
0.338429	0.710836	5.635917	0.002651	0.000000
0.339388	0.711218	5.638942	0.002652	0.000000
0.340345	0.711589	5.641890	0.002653	0.000000
0.341303	0.711950	5.644748	0.002653	0.000000
0.342261	0.712300	5.647526	0.002654	0.000000
0.343219	0.712641	5.650225	0.002655	0.000000
0.344177	0.712971	5.652841	0.002656	0.000000
0.345135	0.713291	5.655377	0.002657	0.000000
0.346093	0.713600	5.657831	0.002658	0.000000
0.347051	0.713899	5.660200	0.002659	0.000000
0.348009	0.714187	5.662484	0.002660	0.000000
0.348967	0.714464	5.664678	0.002661	0.000000
0.349925	0.714728	5.666771	0.002662	0.000000
0.350883	0.714981	5.668777	0.002663	0.000000
0.351841	0.715232	5.670771	0.002664	0.000000
0.352799	0.715484	5.672768	0.002665	0.000000
0.353757	0.715737	5.674773	0.002666	0.000000
0.354715	0.715991	5.676784	0.002666	0.000000
0.355673	0.716245	5.678800	0.002667	0.000000
0.356631	0.716500	5.680825	0.002668	0.000000
0.357589	0.716756	5.682855	0.002669	0.000000
0.358547	0.717012	5.684888	0.002670	0.000000
0.359505	0.717270	5.686934	0.002671	0.000000
0.360463	0.717529	5.688985	0.002672	0.000000
0.361421	0.717789	5.691043	0.002673	0.000000
0.362379	0.718049	5.693105	0.002674	0.000000
0.363337	0.718310	5.695174	0.002675	0.000000
0.364295	0.718572	5.697251	0.002676	0.000000
0.365253	0.718835	5.699336	0.002677	0.000000
0.366210	0.719099	5.701426	0.002678	0.000000
0.367168	0.719363	5.703524	0.002679	0.000000
0.368126	0.719629	5.705630	0.002680	0.000000
0.369084	0.719895	5.707739	0.002681	0.000000
0.370042	0.720162	5.709857	0.002682	0.000000
0.371000	0.720430	5.711981	0.002683	0.000000
0.371958	0.720698	5.714113	0.002684	0.000000
0.372916	0.720968	5.716250	0.002685	0.000000
0.373874	0.721238	5.718395	0.002686	0.000000
0.374832	0.721510	5.720549	0.002687	0.000000
0.375790	0.721783	5.722708	0.002688	0.000000
0.376748	0.722056	5.724871	0.002689	0.000000
0.377706	0.722330	5.727045	0.002690	0.000000
0.378664	0.722605	5.729225	0.002691	0.000000
0.379622	0.722881	5.731411	0.002692	0.000000
0.380580	0.723157	5.733605	0.002693	0.000000
0.381538	0.723435	5.735807	0.002694	0.000000
0.382496	0.723713	5.738010	0.002695	0.000000
0.383454	0.723992	5.740224	0.002696	0.000000
0.384412	0.724272	5.742446	0.002697	0.000000
0.385370	0.724553	5.744677	0.002698	0.000000
0.386328	0.724835	5.746910	0.002699	0.000000
0.387286	0.725118	5.749153	0.002700	0.000000
0.388244	0.725402	5.751404	0.002702	0.000000
0.389202	0.725686	5.753660	0.002703	0.000000
0.390160	0.725972	5.755923	0.002704	0.000000
0.391118	0.726258	5.758191	0.002705	0.000000
0.392076	0.726545	5.760470	0.002706	0.000000
0.393033	0.726833	5.762755	0.002707	0.000000
0.393992	0.727123	5.765048	0.002708	0.000000
0.394949	0.727412	5.767345	0.002709	0.000000
0.395907	0.727703	5.769652	0.002710	0.000000
0.396865	0.727995	5.771966	0.002711	0.000000
0.397823	0.728288	5.774285	0.002712	0.000000
0.398781	0.728581	5.776610	0.002713	0.000000
0.399739	0.728875	5.778944	0.002714	0.000000
0.400697	0.729171	5.781291	0.002716	0.000000
0.401655	0.729467	5.783634	0.002717	0.000000
0.402613	0.729764	5.785991	0.002718	0.000000
0.403571	0.730063	5.788357	0.002719	0.000000
0.404529	0.730362	5.790729	0.002720	0.000000
0.405487	0.730662	5.793107	0.002721	0.000000
0.406445	0.730963	5.795492	0.002722	0.000000
0.407403	0.731264	5.797882	0.002723	0.000000
0.408361	0.731567	5.800286	0.002725	0.000000
0.409319	0.731871	5.802689	0.002726	0.000000
0.410277	0.732175	5.805106	0.002727	0.000000
0.411235	0.732480	5.807526	0.002728	0.000000
0.412193	0.732787	5.809956	0.002729	0.000000
0.413151	0.733094	5.812391	0.002730	0.000000
0.414109	0.733402	5.814834	0.002731	0.000000
0.415067	0.733711	5.817284	0.002733	0.000000
0.416025	0.734021	5.819742	0.002734	0.000000
0.416983	0.734332	5.822211	0.002735	0.000000
0.417941	0.734644	5.824686	0.002736	0.000000
0.418898	0.734958	5.827166	0.002737	0.000000
0.419857	0.735272	5.829657	0.002738	0.000000
0.420814	0.735586	5.832154	0.002740	0.000000
0.421772	0.735902	5.834655	0.002741	0.000000
0.422730	0.736219	5.837164	0.002742	0.000000
0.423688	0.736536	5.839684	0.002743	0.000000
0.424646	0.736855	5.842211	0.002744	0.000000
0.425604	0.737175	5.844747	0.002745	0.000000
0.426562	0.737495	5.847284	0.002747	0.000000
0.427520	0.737817	5.849833	0.002748	0.000000
0.428478	0.738139	5.852389	0.002749	0.000000
0.429436	0.738463	5.854955	0.002750	0.000000
0.430394	0.738787	5.857527	0.002751	0.000000
0.431352	0.739112	5.860106	0.002753	0.000000
0.432310	0.739438	5.862693	0.002754	0.000000
0.433268	0.739766	5.865290	0.002755	0.000000
0.434226	0.740094	5.867890	0.002756	0.000000
0.435184	0.740423	5.870496	0.002758	0.000000
0.436142	0.740753	5.873117	0.002759	0.000000
0.437100	0.741084	5.875742	0.002760	0.000000
0.438058	0.741416	5.878374	0.002761	0.000000
0.439016	0.741750	5.881016	0.002763	0.000000
0.439974	0.742084	5.883665	0.002764	0.000000
0.440932	0.742419	5.886321	0.002765	0.000000
0.441890	0.742755	5.888986	0.002766	0.000000
0.442848	0.743091	5.891658	0.002768	0.000000
0.443806	0.743430	5.894339	0.002769	0.000000
0.444764	0.743768	5.897026	0.002770	0.000000
0.445722	0.744108	5.899720	0.002771	0.000000
0.446680	0.744450	5.902425	0.002773	0.000000
0.447637	0.744792	5.905138	0.002774	0.000000
0.448595	0.745135	5.907858	0.002775	0.000000
0.449553	0.745479	5.910584	0.002776	0.000000
0.450511	0.745823	5.913319	0.002778	0.000000
0.451469	0.746169	5.916060	0.002779	0.000000
0.452427	0.746517	5.918813	0.002780	0.000000
0.453385	0.746865	5.921571	0.002782	0.000000
0.454343	0.747213	5.924338	0.002783	0.000000
0.455301	0.747563	5.927112	0.002784	0.000000
0.456259	0.747914	5.929895	0.002786	0.000000
0.457217	0.748267	5.932689	0.002787	0.000000
0.458175	0.748620	5.935488	0.002788	0.000000
0.459133	0.748974	5.938295	0.002789	0.000000
0.460091	0.749328	5.941110	0.002791	0.000000
0.461049	0.749684	5.943933	0.002792	0.000000
0.462007	0.750042	5.946768	0.002793	0.000000
0.462965	0.750400	5.949606	0.002795	0.000000
0.463923	0.750760	5.952456	0.002796	0.000000
0.464881	0.751120	5.955313	0.002798	0.000000
0.465839	0.751481	5.958176	0.002799	0.000000
0.466797	0.751844	5.961048	0.002800	0.000000
0.467755	0.752207	5.963930	0.002802	0.000000
0.468713	0.752571	5.966816	0.002803	0.000000
0.469671	0.752937	5.969716	0.002804	0.000000
0.470629	0.753304	5.972624	0.002806	0.000000
0.471587	0.753671	5.975536	0.002807	0.000000
0.472545	0.754038	5.978448	0.002808	0.000000
0.473502	0.754407	5.981372	0.002810	0.000000
0.474460	0.754777	5.984311	0.002811	0.000000
0.475418	0.755149	5.987259	0.002812	0.000000
0.476376	0.755522	5.990218	0.002814	0.000000
0.477334	0.755896	5.993180	0.002815	0.000000
