% -----------------------------------------------------------------------
%   Program Name: re-cs-91.dat 
%   Author: the Geant4 Collaboration
%   Organization: the Geant4 Collaboration
%   Version: unknown
%   Date: circa 2006
%   Class: Public
%   Copyright (c) Copyright Holders of the Geant4 Collaboration, 1994-2006.
%   See http://cern.ch/geant4/license for details on the copyright holders.
%   All rights not expressly granted under this license are reserved.
% -----------------------------------------------------------------------
1.000000e-06 1.309336e-01 
1.047409e-06 1.668298e-01 
1.070245e-06 1.873790e-01 
1.091655e-06 2.090646e-01 
1.111726e-06 2.318649e-01 
1.130543e-06 2.557591e-01 
1.148184e-06 2.807302e-01 
1.164722e-06 3.067761e-01 
1.180227e-06 3.340015e-01 
1.200000e-06 3.732546e-01 
1.221165e-06 4.214717e-01 
1.233142e-06 4.524765e-01 
1.244370e-06 4.847109e-01 
1.254897e-06 5.181118e-01 
1.264765e-06 5.527614e-01 
1.274017e-06 5.887348e-01 
1.291365e-06 6.668035e-01 
1.306544e-06 7.499251e-01 
1.319825e-06 8.388167e-01 
1.331446e-06 9.339390e-01 
1.341615e-06 1.035742e+00 
1.350513e-06 1.144705e+00 
1.358298e-06 1.261364e+00 
1.365110e-06 1.386359e+00 
1.371071e-06 1.520555e+00 
1.376287e-06 1.665212e+00 
1.380850e-06 1.822027e+00 
1.384843e-06 1.992755e+00 
1.388337e-06 2.178470e+00 
1.391395e-06 2.378861e+00 
1.394070e-06 2.591944e+00 
1.396411e-06 2.814296e+00 
1.398459e-06 3.041609e+00 
1.400251e-06 3.269332e+00 
1.401819e-06 3.493203e+00 
1.404563e-06 3.946463e+00 
1.406621e-06 4.342599e+00 
1.411493e-06 5.489295e+00 
1.415132e-06 6.538844e+00 
1.418012e-06 7.472799e+00 
1.419751e-06 8.071192e+00 
1.423228e-06 9.312341e+00 
1.423663e-06 9.468884e+00 
1.426705e-06 1.054832e+01 
1.427901e-06 1.095554e+01 
1.430183e-06 1.168570e+01 
1.431378e-06 1.203538e+01 
1.432519e-06 1.234309e+01 
1.433660e-06 1.262174e+01 
1.435182e-06 1.294233e+01 
1.436649e-06 1.319014e+01 
1.438007e-06 1.336093e+01 
1.439148e-06 1.345800e+01 
1.440615e-06 1.351771e+01 
1.442571e-06 1.347975e+01 
1.444201e-06 1.334430e+01 
1.444622e-06 1.329407e+01 
1.446741e-06 1.294899e+01 
1.448133e-06 1.264186e+01 
1.449374e-06 1.231801e+01 
1.451058e-06 1.180983e+01 
1.452256e-06 1.140491e+01 
1.454634e-06 1.051409e+01 
1.455735e-06 1.006942e+01 
1.457365e-06 9.385451e+00 
1.458984e-06 8.685095e+00 
1.460076e-06 8.206852e+00 
1.461480e-06 7.591291e+00 
1.463001e-06 6.930671e+00 
1.464224e-06 6.409841e+00 
1.464957e-06 6.103324e+00 
1.466696e-06 5.399435e+00 
1.468217e-06 4.814749e+00 
1.469467e-06 4.359561e+00 
1.470689e-06 3.938124e+00 
1.471912e-06 3.541591e+00 
1.475389e-06 2.555980e+00 
1.476727e-06 2.233359e+00 
1.477797e-06 1.997606e+00 
1.478867e-06 1.781049e+00 
1.480388e-06 1.504911e+00 
1.482189e-06 1.223673e+00 
1.484096e-06 9.758073e-01 
1.487150e-06 6.724326e-01 
1.489448e-06 5.090296e-01 
1.490875e-06 4.311306e-01 
1.491886e-06 3.855418e-01 
1.492549e-06 3.595599e-01 
1.493202e-06 3.368245e-01 
1.493844e-06 3.170353e-01 
1.494477e-06 2.999182e-01 
1.495099e-06 2.852231e-01 
1.495712e-06 2.727220e-01 
1.496919e-06 2.533651e-01 
1.498088e-06 2.406228e-01 
1.499220e-06 2.332759e-01 
1.500317e-06 2.303208e-01 
1.501380e-06 2.309327e-01 
1.534325e-06 1.158296e+00 
1.541878e-06 1.724195e+00 
1.544981e-06 2.020417e+00 
1.546093e-06 2.135347e+00 
1.549431e-06 2.504653e+00 
1.551607e-06 2.761648e+00 
1.555407e-06 3.227230e+00 
1.555882e-06 3.285839e+00 
1.559208e-06 3.689171e+00 
1.560514e-06 3.840894e+00 
1.563008e-06 4.112147e+00 
1.564832e-06 4.289936e+00 
1.565702e-06 4.367240e+00 
1.567008e-06 4.472771e+00 
1.568313e-06 4.564540e+00 
1.569075e-06 4.611215e+00 
1.570409e-06 4.679846e+00 
1.572159e-06 4.743124e+00 
1.573565e-06 4.770688e+00 
1.574884e-06 4.776969e+00 
1.576547e-06 4.757365e+00 
1.578210e-06 4.706978e+00 
1.578893e-06 4.677465e+00 
1.580841e-06 4.565830e+00 
1.582625e-06 4.429652e+00 
1.583372e-06 4.363662e+00 
1.585296e-06 4.171155e+00 
1.587022e-06 3.974028e+00 
1.589849e-06 3.611011e+00 
1.591327e-06 3.406566e+00 
1.592784e-06 3.198385e+00 
1.594012e-06 3.019716e+00 
1.595141e-06 2.854348e+00 
1.596517e-06 2.652729e+00 
1.598000e-06 2.437428e+00 
1.599318e-06 2.249796e+00 
1.601012e-06 2.015745e+00 
1.603031e-06 1.750585e+00 
1.604645e-06 1.551551e+00 
1.605495e-06 1.451935e+00 
1.607054e-06 1.279109e+00 
1.608731e-06 1.108021e+00 
1.610148e-06 9.759145e-01 
1.611847e-06 8.325147e-01 
1.613571e-06 7.035204e-01 
1.615222e-06 5.950872e-01 
1.617163e-06 4.856357e-01 
1.620014e-06 3.572567e-01 
1.622953e-06 2.602217e-01 
1.624574e-06 2.198647e-01 
1.625867e-06 1.935448e-01 
1.626511e-06 1.821879e-01 
1.627154e-06 1.719445e-01 
1.627796e-06 1.627509e-01 
1.628436e-06 1.545455e-01 
1.629075e-06 1.472693e-01 
1.630351e-06 1.352691e-01 
1.631622e-06 1.263403e-01 
1.632888e-06 1.200939e-01 
1.634149e-06 1.161787e-01 
1.635406e-06 1.142797e-01 
1.636657e-06 1.141163e-01 
1.637903e-06 1.154404e-01 
1.640386e-06 1.217222e-01 
1.642850e-06 1.316908e-01 
1.645294e-06 1.442727e-01 
1.650126e-06 1.743710e-01 
1.652513e-06 1.909438e-01 
1.657251e-06 2.259454e-01 
1.661914e-06 2.624231e-01 
1.666505e-06 2.999723e-01 
1.671024e-06 3.384645e-01 
1.955722e-06 3.257407e+00 
1.960536e-06 3.351447e+00 
1.965350e-06 3.458353e+00 
1.970164e-06 3.578357e+00 
1.989419e-06 4.144310e+00 
1.996385e-06 4.335734e+00 
2.001263e-06 4.442869e+00 
2.006141e-06 4.517222e+00 
2.010733e-06 4.551054e+00 
2.013488e-06 4.553259e+00 
2.017131e-06 4.535525e+00 
2.020774e-06 4.496072e+00 
2.025652e-06 4.415693e+00 
2.037847e-06 4.162757e+00 
2.042010e-06 4.092346e+00 
2.044597e-06 4.059544e+00 
2.047184e-06 4.037030e+00 
2.051052e-06 4.024904e+00 
2.054919e-06 4.040277e+00 
2.059797e-06 4.098845e+00 
2.064675e-06 4.197627e+00 
2.069553e-06 4.330142e+00 
2.074430e-06 4.488502e+00 
2.087530e-06 4.983868e+00 
2.096914e-06 5.358201e+00 
2.125064e-06 6.473866e+00 
2.187831e-06 9.434253e+00 
2.213984e-06 1.106535e+01 
2.229676e-06 1.220910e+01 
2.247157e-06 1.366097e+01 
2.263546e-06 1.522524e+01 
2.278910e-06 1.690999e+01 
2.293314e-06 1.872341e+01 
2.306818e-06 2.067296e+01 
2.319478e-06 2.276595e+01 
2.331346e-06 2.500977e+01 
2.342473e-06 2.741198e+01 
2.352904e-06 2.998026e+01 
2.362684e-06 3.272245e+01 
2.371852e-06 3.564657e+01 
2.380447e-06 3.876084e+01 
2.388505e-06 4.207383e+01 
2.396059e-06 4.559453e+01 
2.403142e-06 4.933247e+01 
2.409781e-06 5.329779e+01 
2.416006e-06 5.750133e+01 
2.421841e-06 6.195480e+01 
2.427312e-06 6.667123e+01 
2.432441e-06 7.166566e+01 
2.437250e-06 7.695584e+01 
2.441757e-06 8.256277e+01 
2.445983e-06 8.851075e+01 
2.453907e-06 1.020163e+02 
2.460841e-06 1.173300e+02 
2.466908e-06 1.346097e+02 
2.472216e-06 1.538569e+02 
2.476861e-06 1.748818e+02 
2.480925e-06 1.973241e+02 
2.484481e-06 2.207113e+02 
2.487593e-06 2.445282e+02 
2.490316e-06 2.682768e+02 
2.494783e-06 3.138973e+02 
2.501167e-06 3.956020e+02 
2.510485e-06 5.552151e+02 
2.515551e-06 6.635323e+02 
2.518640e-06 7.368077e+02 
2.521728e-06 8.151525e+02 
2.527904e-06 9.845442e+02 
2.528677e-06 1.006651e+03 
2.534081e-06 1.164624e+03 
2.536204e-06 1.227232e+03 
2.540837e-06 1.361675e+03 
2.542873e-06 1.418725e+03 
2.545783e-06 1.496750e+03 
2.547654e-06 1.544129e+03 
2.550683e-06 1.615089e+03 
2.553469e-06 1.672938e+03 
2.556543e-06 1.727148e+03 
2.559173e-06 1.764520e+03 
2.562068e-06 1.795202e+03 
2.565157e-06 1.815079e+03 
2.566232e-06 1.818779e+03 
2.569299e-06 1.820028e+03 
2.572336e-06 1.807675e+03 
2.573709e-06 1.797699e+03 
2.576746e-06 1.766245e+03 
2.578999e-06 1.734888e+03 
2.583791e-06 1.647479e+03 
2.586811e-06 1.579685e+03 
2.589966e-06 1.500204e+03 
2.593024e-06 1.416382e+03 
2.595133e-06 1.355569e+03 
2.598147e-06 1.265640e+03 
2.601296e-06 1.169439e+03 
2.605111e-06 1.052196e+03 
2.608199e-06 9.584956e+02 
2.611673e-06 8.560772e+02 
2.614376e-06 7.795421e+02 
2.620552e-06 6.179717e+02 
2.622305e-06 5.759820e+02 
2.624306e-06 5.303121e+02 
2.628808e-06 4.365769e+02 
2.632581e-06 3.677086e+02 
2.636523e-06 3.049049e+02 
2.639242e-06 2.668044e+02 
2.642737e-06 2.236604e+02 
2.646621e-06 1.828136e+02 
2.650460e-06 1.490066e+02 
2.655081e-06 1.158411e+02 
2.661022e-06 8.322003e+01 
2.667572e-06 5.743431e+01 
2.677397e-06 3.270485e+01 
2.683947e-06 2.239661e+01 
2.690616e-06 1.517700e+01 
2.696238e-06 1.088781e+01 
2.705097e-06 6.404277e+00 
2.710588e-06 4.619276e+00 
2.713903e-06 3.819855e+00 
2.716227e-06 3.366379e+00 
2.718381e-06 3.017174e+00 
2.720534e-06 2.731218e+00 
2.722880e-06 2.486687e+00 
2.724417e-06 2.362013e+00 
2.725954e-06 2.264121e+00 
2.727184e-06 2.204374e+00 
2.728652e-06 2.153988e+00 
2.729533e-06 2.134387e+00 
2.731196e-06 2.118528e+00 
2.733691e-06 2.145053e+00 
2.736186e-06 2.229880e+00 
2.740427e-06 2.503041e+00 
2.747058e-06 3.245535e+00 
2.757359e-06 5.161521e+00 
2.766951e-06 7.829684e+00 
2.771527e-06 9.429070e+00 
2.776103e-06 1.125418e+01 
2.782756e-06 1.432997e+01 
2.785108e-06 1.554076e+01 
2.790585e-06 1.861228e+01 
2.793323e-06 2.027952e+01 
2.796810e-06 2.252603e+01 
2.798818e-06 2.388078e+01 
2.806737e-06 2.961851e+01 
2.810578e-06 3.260087e+01 
2.817462e-06 3.819019e+01 
2.824346e-06 4.398531e+01 
2.827788e-06 4.692372e+01 
2.831230e-06 4.987568e+01 
2.835124e-06 5.322672e+01 
2.838044e-06 5.575109e+01 
2.844615e-06 6.151672e+01 
2.853660e-06 7.001660e+01 
2.860146e-06 7.706690e+01 
2.865650e-06 8.421723e+01 
2.867371e-06 8.676222e+01 
2.872534e-06 9.556884e+01 
2.874671e-06 9.983557e+01 
2.877876e-06 1.070764e+02 
2.881081e-06 1.155048e+02 
2.882795e-06 1.205770e+02 
2.885794e-06 1.305452e+02 
2.888043e-06 1.390516e+02 
2.891417e-06 1.537314e+02 
2.894791e-06 1.710934e+02 
2.897431e-06 1.868571e+02 
2.900070e-06 2.048235e+02 
2.903512e-06 2.320555e+02 
2.906954e-06 2.642795e+02 
2.910396e-06 3.023380e+02 
2.913838e-06 3.471793e+02 
2.917280e-06 3.998587e+02 
2.924909e-06 5.505030e+02 
2.934490e-06 8.242484e+02 
2.940020e-06 1.035848e+03 
2.945630e-06 1.297447e+03 
2.949921e-06 1.532154e+03 
2.954384e-06 1.809561e+03 
2.958011e-06 2.060223e+03 
2.961638e-06 2.332989e+03 
2.968892e-06 2.939352e+03 
2.969799e-06 3.020187e+03 
2.976146e-06 3.609970e+03 
2.978640e-06 3.850039e+03 
2.983400e-06 4.313476e+03 
2.987084e-06 4.669998e+03 
2.990654e-06 5.007140e+03 
2.994338e-06 5.339692e+03 
2.997908e-06 5.640751e+03 
3.001082e-06 5.885760e+03 
3.004014e-06 6.089557e+03 
3.005615e-06 6.190528e+03 
3.009866e-06 6.419479e+03 
3.013185e-06 6.555271e+03 
3.017052e-06 6.662181e+03 
3.020519e-06 6.709069e+03 
3.022614e-06 6.714558e+03 
3.025846e-06 6.689327e+03 
3.029134e-06 6.622480e+03 
3.030395e-06 6.586136e+03 
3.034631e-06 6.422715e+03 
3.037527e-06 6.276711e+03 
3.039479e-06 6.163890e+03 
3.042339e-06 5.979707e+03 
3.045116e-06 5.781578e+03 
3.048686e-06 5.503307e+03 
3.051860e-06 5.238128e+03 
3.054920e-06 4.970608e+03 
3.059567e-06 4.550533e+03 
3.063194e-06 4.217980e+03 
3.067274e-06 3.846159e+03 
3.070448e-06 3.562752e+03 
3.077702e-06 2.948685e+03 
3.082576e-06 2.571532e+03 
3.084956e-06 2.399443e+03 
3.090396e-06 2.037979e+03 
3.097409e-06 1.638978e+03 
3.109964e-06 1.102399e+03 
3.114526e-06 9.570035e+02 
3.118802e-06 8.408718e+02 
3.122811e-06 7.476227e+02 
3.126569e-06 6.722421e+02 
3.130093e-06 6.108340e+02 
3.133396e-06 5.603897e+02 
3.139590e-06 4.814620e+02 
3.145009e-06 4.260204e+02 
3.149751e-06 3.857204e+02 
3.158050e-06 3.292287e+02 
3.164274e-06 2.956508e+02 
3.173610e-06 2.552558e+02 
3.183102e-06 2.229361e+02 
3.190937e-06 2.010631e+02 
3.198772e-06 1.825483e+02 
3.206606e-06 1.667966e+02 
3.214441e-06 1.534016e+02 
3.222276e-06 1.420659e+02 
3.230111e-06 1.325453e+02 
3.237946e-06 1.246102e+02 
3.245879e-06 1.179484e+02 
3.253829e-06 1.123971e+02 
3.261779e-06 1.077006e+02 
3.277679e-06 9.984704e+01 
3.290583e-06 9.406152e+01 
3.301530e-06 8.915010e+01 
3.316294e-06 8.239027e+01 
3.324128e-06 7.879534e+01 
3.365756e-06 6.168841e+01 
3.376570e-06 5.809859e+01 
3.387086e-06 5.495431e+01 
3.400078e-06 5.149886e+01 
3.408988e-06 4.937373e+01 
3.425058e-06 4.596704e+01 
3.465169e-06 3.888358e+01 
3.482268e-06 3.604532e+01 
3.507628e-06 3.209225e+01 
3.516553e-06 3.090464e+01 
3.525561e-06 2.987723e+01 
3.534175e-06 2.907725e+01 
3.542506e-06 2.847558e+01 
3.550838e-06 2.802690e+01 
3.560018e-06 2.767038e+01 
3.585860e-06 2.691346e+01 
3.592321e-06 2.666572e+01 
3.602011e-06 2.618864e+01 
3.611702e-06 2.556924e+01 
3.619704e-06 2.495341e+01 
3.627978e-06 2.423150e+01 
3.636549e-06 2.341504e+01 
3.644753e-06 2.259357e+01 
3.671476e-06 1.994878e+01 
3.680718e-06 1.913860e+01 
3.689521e-06 1.844805e+01 
3.698387e-06 1.783915e+01 
3.707358e-06 1.730921e+01 
3.716329e-06 1.685432e+01 
3.734270e-06 1.609043e+01 
3.750063e-06 1.546444e+01 
3.770528e-06 1.460596e+01 
3.788999e-06 1.385128e+01 
3.798234e-06 1.353651e+01 
3.807469e-06 1.329064e+01 
3.813917e-06 1.316539e+01 
3.820364e-06 1.307825e+01 
3.830524e-06 1.300891e+01 
3.860171e-06 1.300663e+01 
3.872702e-06 1.293956e+01 
3.881711e-06 1.282837e+01 
3.890720e-06 1.265971e+01 
3.904190e-06 1.230948e+01 
3.922948e-06 1.168074e+01 
3.938499e-06 1.109756e+01 
3.952106e-06 1.057706e+01 
3.994000e-06 9.030533e+00 
4.032850e-06 7.646316e+00 
4.049174e-06 7.062882e+00 
4.064596e-06 6.517112e+00 
4.110096e-06 5.081509e+00 
4.144205e-06 4.247515e+00 
4.152795e-06 4.046017e+00 
4.162859e-06 3.801275e+00 
4.168372e-06 3.661636e+00 
4.174264e-06 3.507910e+00 
4.183368e-06 3.263013e+00 
4.192511e-06 3.014080e+00 
4.211380e-06 2.539377e+00 
4.215999e-06 2.441954e+00 
4.223891e-06 2.302118e+00 
4.226326e-06 2.266729e+00 
4.236652e-06 2.162977e+00 
4.238031e-06 2.155133e+00 
4.247685e-06 2.141880e+00 
4.252014e-06 2.159938e+00 
4.256146e-06 2.191149e+00 
4.260279e-06 2.236125e+00 
4.262615e-06 2.267747e+00 
4.266705e-06 2.334168e+00 
4.269772e-06 2.393642e+00 
4.272072e-06 2.444005e+00 
4.277248e-06 2.577044e+00 
4.280277e-06 2.669033e+00 
4.284840e-06 2.830660e+00 
4.288262e-06 2.973073e+00 
4.290055e-06 3.056030e+00 
4.299832e-06 3.636355e+00 
4.303845e-06 3.953826e+00 
4.307053e-06 4.249965e+00 
4.311408e-06 4.722490e+00 
4.315483e-06 5.250279e+00 
4.320106e-06 5.966346e+00 
4.320972e-06 6.115834e+00 
4.334814e-06 9.304630e+00 
4.349231e-06 1.461445e+01 
4.351974e-06 1.589266e+01 
4.362943e-06 2.190577e+01 
4.367213e-06 2.462708e+01 
4.372666e-06 2.838673e+01 
4.377769e-06 3.216186e+01 
4.382809e-06 3.608926e+01 
4.387694e-06 4.003543e+01 
4.392102e-06 4.366593e+01 
4.396769e-06 4.753039e+01 
4.401602e-06 5.149271e+01 
4.406479e-06 5.538186e+01 
4.412493e-06 5.992561e+01 
4.416564e-06 6.278278e+01 
4.422030e-06 6.626769e+01 
4.426615e-06 6.882820e+01 
4.430598e-06 7.075027e+01 
4.435374e-06 7.265407e+01 
4.439216e-06 7.385080e+01 
4.441785e-06 7.447889e+01 
4.449491e-06 7.552342e+01 
4.454037e-06 7.555250e+01 
4.457294e-06 7.531314e+01 
4.462637e-06 7.447143e+01 
4.464819e-06 7.397545e+01 
4.468637e-06 7.290925e+01 
4.473649e-06 7.115762e+01 
4.478481e-06 6.913475e+01 
4.480092e-06 6.839637e+01 
4.489100e-06 6.378946e+01 
4.492946e-06 6.163146e+01 
4.500622e-06 5.711831e+01 
4.510804e-06 5.098027e+01 
4.513462e-06 4.939197e+01 
4.528289e-06 4.097746e+01 
4.551684e-06 3.021797e+01 
4.560702e-06 2.702338e+01 
4.567545e-06 2.493320e+01 
4.577227e-06 2.241879e+01 
4.588176e-06 2.011096e+01 
4.598408e-06 1.837052e+01 
4.611770e-06 1.655728e+01 
4.624689e-06 1.516334e+01 
4.641510e-06 1.370354e+01 
4.654608e-06 1.275354e+01 
4.666946e-06 1.196131e+01 
4.715668e-06 9.398064e+00 
4.739106e-06 8.336141e+00 
4.767434e-06 7.108538e+00 
4.775801e-06 6.756166e+00 
4.799398e-06 5.830005e+00 
4.811740e-06 5.432123e+00 
4.816913e-06 5.296287e+00 
4.823506e-06 5.158412e+00 
4.828991e-06 5.079814e+00 
4.831086e-06 5.059684e+00 
4.837371e-06 5.036263e+00 
4.848915e-06 5.160877e+00 
4.852762e-06 5.257575e+00 
4.864648e-06 5.753699e+00 
4.868734e-06 5.997395e+00 
4.876534e-06 6.570376e+00 
4.880620e-06 6.926806e+00 
4.888420e-06 7.710945e+00 
4.905121e-06 9.786135e+00 
4.913537e-06 1.097794e+01 
4.916830e-06 1.145858e+01 
4.924570e-06 1.259743e+01 
4.929876e-06 1.336926e+01 
4.936008e-06 1.423262e+01 
4.938052e-06 1.451025e+01 
4.949664e-06 1.594717e+01 
4.959736e-06 1.693711e+01 
4.964809e-06 1.732484e+01 
4.969652e-06 1.761887e+01 
4.976544e-06 1.790347e+01 
4.980386e-06 1.799264e+01 
4.983748e-06 1.802993e+01 
4.989631e-06 1.800525e+01 
4.994043e-06 1.791410e+01 
4.997352e-06 1.780677e+01 
5.004798e-06 1.745181e+01 
5.007280e-06 1.730127e+01 
5.016194e-06 1.664565e+01 
5.019166e-06 1.639231e+01 
5.031052e-06 1.524957e+01 
5.042938e-06 1.397977e+01 
5.050000e-06 1.320630e+01 
5.064481e-06 1.166614e+01 
5.080344e-06 1.017194e+01 
5.085108e-06 9.780665e+00 
5.100567e-06 8.732606e+00 
5.113060e-06 8.156016e+00 
5.119306e-06 7.961805e+00 
5.125553e-06 7.829745e+00 
5.129094e-06 7.781849e+00 
5.134407e-06 7.745366e+00 
5.139720e-06 7.749405e+00 
5.143769e-06 7.778058e+00 
5.148208e-06 7.833078e+00 
5.152260e-06 7.903098e+00 
5.161375e-06 8.120083e+00 
5.173674e-06 8.508208e+00 
5.189107e-06 9.059512e+00 
5.201454e-06 9.473006e+00 
5.204543e-06 9.565044e+00 
5.213809e-06 9.802347e+00 
5.217256e-06 9.873689e+00 
5.227599e-06 1.002616e+01 
5.236445e-06 1.008111e+01 
5.240667e-06 1.008353e+01 
5.250167e-06 1.003805e+01 
5.259237e-06 9.939449e+00 
5.265141e-06 9.853639e+00 
5.301713e-06 9.235934e+00 
5.312421e-06 9.106398e+00 
5.326094e-06 9.004957e+00 
5.335915e-06 8.974778e+00 
5.344340e-06 8.972593e+00 
5.357086e-06 8.998897e+00 
5.393769e-06 9.122111e+00 
5.408130e-06 9.143864e+00 
5.447371e-06 9.094381e+00 
5.472010e-06 9.016318e+00 
5.545455e-06 8.736090e+00 
5.611154e-06 8.458826e+00 
5.642612e-06 8.379620e+00 
5.676031e-06 8.357173e+00 
5.719147e-06 8.358612e+00 
5.743052e-06 8.339628e+00 
5.765498e-06 8.302210e+00 
5.856227e-06 8.091395e+00 
5.927596e-06 7.996375e+00 
6.000000e-06 7.895856e+00 
6.084608e-06 7.713026e+00 
6.113499e-06 7.662862e+00 
6.145822e-06 7.628899e+00 
6.250171e-06 7.598108e+00 
6.297955e-06 7.539466e+00 
6.382635e-06 7.382840e+00 
6.698764e-06 6.893825e+00 
6.831314e-06 6.750250e+00 
7.288858e-06 6.229466e+00 
7.762471e-06 5.718980e+00 
8.210602e-06 5.263290e+00 
8.740410e-06 4.729533e+00 
9.225714e-06 4.253780e+00 
9.653560e-06 3.833527e+00 
1.003418e-05 3.461622e+00 
1.035142e-05 3.160860e+00 
1.059254e-05 2.937551e+00 
1.084440e-05 2.712332e+00 
1.100539e-05 2.573166e+00 
1.161449e-05 2.107388e+00 
1.171505e-05 2.044345e+00 
1.187968e-05 1.951597e+00 
1.199359e-05 1.895950e+00 
1.209008e-05 1.856641e+00 
1.217807e-05 1.833147e+00 
1.225309e-05 1.829102e+00 
1.236483e-05 1.853995e+00 
1.249795e-05 1.916835e+00 
1.261268e-05 1.989158e+00 
1.268114e-05 2.039921e+00 
1.280855e-05 2.150726e+00 
1.290508e-05 2.250092e+00 
1.306073e-05 2.440534e+00 
1.323320e-05 2.697556e+00 
1.331541e-05 2.839531e+00 
1.347470e-05 3.154980e+00 
1.366875e-05 3.612783e+00 
1.376417e-05 3.871705e+00 
1.389528e-05 4.272087e+00 
1.405329e-05 4.828904e+00 
1.424183e-05 5.608133e+00 
1.443827e-05 6.574421e+00 
1.462177e-05 7.649190e+00 
1.481143e-05 8.964701e+00 
1.496235e-05 1.018546e+01 
1.513274e-05 1.178440e+01 
1.531556e-05 1.380305e+01 
1.545268e-05 1.556451e+01 
1.559305e-05 1.763051e+01 
1.570977e-05 1.958057e+01 
1.591088e-05 2.350432e+01 
1.605926e-05 2.695155e+01 
1.621810e-05 3.129377e+01 
1.637164e-05 3.626123e+01 
1.652783e-05 4.226542e+01 
1.664497e-05 4.754256e+01 
1.678736e-05 5.505014e+01 
1.691071e-05 6.272580e+01 
1.703663e-05 7.194042e+01 
1.715742e-05 8.238834e+01 
1.728077e-05 9.506967e+01 
1.740412e-05 1.103004e+02 
1.748636e-05 1.222081e+02 
1.759831e-05 1.412224e+02 
1.768541e-05 1.587657e+02 
1.778535e-05 1.826678e+02 
1.784007e-05 1.978454e+02 
1.789137e-05 2.136791e+02 
1.793947e-05 2.301433e+02 
1.799710e-05 2.522657e+02 
1.806910e-05 2.843028e+02 
1.814471e-05 3.245592e+02 
1.820780e-05 3.648981e+02 
1.826443e-05 4.079723e+02 
1.831399e-05 4.525692e+02 
1.835735e-05 4.983303e+02 
1.839529e-05 5.447703e+02 
1.842849e-05 5.912968e+02 
1.845754e-05 6.372650e+02 
1.850838e-05 7.315395e+02 
1.854651e-05 8.155419e+02 
1.859655e-05 9.453942e+02 
1.870682e-05 1.315316e+03 
1.875275e-05 1.500703e+03 
1.879868e-05 1.700176e+03 
1.885609e-05 1.964688e+03 
1.890203e-05 2.188503e+03 
1.895944e-05 2.496143e+03 
1.898241e-05 2.635259e+03 
1.901685e-05 2.873161e+03 
1.902834e-05 2.962861e+03 
1.906279e-05 3.274294e+03 
1.908575e-05 3.526498e+03 
1.912020e-05 3.992613e+03 
1.913599e-05 4.248741e+03 
1.916613e-05 4.826366e+03 
1.918946e-05 5.364362e+03 
1.922314e-05 6.301669e+03 
1.924922e-05 7.171074e+03 
1.932445e-05 1.044239e+04 
1.936142e-05 1.246175e+04 
1.937474e-05 1.324823e+04 
1.942207e-05 1.625033e+04 
1.943732e-05 1.726887e+04 
1.947064e-05 1.953419e+04 
1.948539e-05 2.053958e+04 
1.950647e-05 2.195930e+04 
1.952003e-05 2.285216e+04 
1.954294e-05 2.430667e+04 
1.956456e-05 2.559344e+04 
1.958376e-05 2.664644e+04 
1.960670e-05 2.777146e+04 
1.963358e-05 2.887301e+04 
1.965651e-05 2.960406e+04 
1.966839e-05 2.990143e+04 
1.969165e-05 3.031453e+04 
1.970661e-05 3.045850e+04 
1.975191e-05 3.030665e+04 
1.977308e-05 2.993874e+04 
1.979468e-05 2.937950e+04 
1.981112e-05 2.883705e+04 
1.983235e-05 2.799980e+04 
1.985101e-05 2.714954e+04 
1.986913e-05 2.623397e+04 
1.989243e-05 2.494736e+04 
1.991313e-05 2.372114e+04 
1.993310e-05 2.248440e+04 
1.996342e-05 2.054362e+04 
1.998709e-05 1.900870e+04 
2.001371e-05 1.729451e+04 
2.003442e-05 1.598956e+04 
2.008175e-05 1.316778e+04 
2.011355e-05 1.143923e+04 
2.012909e-05 1.065185e+04 
2.016458e-05 9.001138e+03 
2.020488e-05 7.383169e+03 
2.030435e-05 4.476048e+03 
2.032921e-05 3.957672e+03 
2.035408e-05 3.507858e+03 
2.037894e-05 3.118980e+03 
2.040381e-05 2.783679e+03 
2.042868e-05 2.495033e+03 
2.045354e-05 2.246660e+03 
2.047841e-05 2.032789e+03 
2.050751e-05 1.819436e+03 
2.055300e-05 1.550001e+03 
2.060274e-05 1.322827e+03 
2.065247e-05 1.145953e+03 
2.070220e-05 1.004902e+03 
2.076262e-05 8.677478e+02 
2.080166e-05 7.939265e+02 
2.085140e-05 7.126802e+02 
2.090113e-05 6.428231e+02 
2.095086e-05 5.820132e+02 
2.101747e-05 5.117459e+02 
2.120151e-05 3.632658e+02 
2.146000e-05 2.247845e+02 
2.151256e-05 2.050977e+02 
2.156513e-05 1.884615e+02 
2.159141e-05 1.812898e+02 
2.161769e-05 1.748636e+02 
2.164859e-05 1.682201e+02 
2.167025e-05 1.641180e+02 
2.169653e-05 1.597008e+02 
2.172664e-05 1.553137e+02 
2.177538e-05 1.494443e+02 
2.182794e-05 1.442717e+02 
2.195579e-05 1.330970e+02 
2.206912e-05 1.228705e+02 
2.212330e-05 1.187030e+02 
2.217195e-05 1.160911e+02 
2.221407e-05 1.150492e+02 
2.225655e-05 1.153441e+02 
2.229203e-05 1.166629e+02 
2.231332e-05 1.179003e+02 
2.234872e-05 1.206117e+02 
2.239424e-05 1.250238e+02 
2.245541e-05 1.317156e+02 
2.250429e-05 1.368035e+02 
2.255968e-05 1.413469e+02 
2.257872e-05 1.424728e+02 
2.261507e-05 1.438900e+02 
2.264814e-05 1.442984e+02 
2.267515e-05 1.440087e+02 
2.270078e-05 1.432414e+02 
2.274238e-05 1.410832e+02 
2.275619e-05 1.401514e+02 
2.280666e-05 1.360513e+02 
2.290103e-05 1.269461e+02 
2.300114e-05 1.179272e+02 
2.306125e-05 1.135948e+02 
2.312107e-05 1.101540e+02 
2.313727e-05 1.093524e+02 
2.326947e-05 1.041455e+02 
2.341120e-05 9.935868e+01 
2.353514e-05 9.480032e+01 
2.374137e-05 8.679323e+01 
2.402512e-05 7.696094e+01 
2.416374e-05 7.275839e+01 
2.447578e-05 6.381608e+01 
2.466096e-05 5.858465e+01 
2.484224e-05 5.351453e+01 
2.499388e-05 4.936294e+01 
2.522585e-05 4.331471e+01 
2.550213e-05 3.697603e+01 
2.558186e-05 3.542284e+01 
2.565887e-05 3.408551e+01 
2.573833e-05 3.290627e+01 
2.580797e-05 3.207212e+01 
2.586775e-05 3.153266e+01 
2.593012e-05 3.117817e+01 
2.597689e-05 3.107918e+01 
2.602500e-05 3.115646e+01 
2.605849e-05 3.133594e+01 
2.610162e-05 3.174528e+01 
2.613086e-05 3.215365e+01 
2.616399e-05 3.276323e+01 
2.618737e-05 3.329854e+01 
2.621076e-05 3.393028e+01 
2.624194e-05 3.493868e+01 
2.627313e-05 3.615934e+01 
2.630743e-05 3.778033e+01 
2.633549e-05 3.935096e+01 
2.636668e-05 4.138866e+01 
2.639786e-05 4.377377e+01 
2.642904e-05 4.655387e+01 
2.646363e-05 5.016718e+01 
2.649141e-05 5.353247e+01 
2.652259e-05 5.787607e+01 
2.655704e-05 6.348375e+01 
2.658495e-05 6.875262e+01 
2.662923e-05 7.871786e+01 
2.667074e-05 9.026411e+01 
2.671424e-05 1.052848e+02 
2.674614e-05 1.186921e+02 
2.678035e-05 1.358542e+02 
2.681241e-05 1.551362e+02 
2.684633e-05 1.796389e+02 
2.687066e-05 2.003266e+02 
2.690352e-05 2.331962e+02 
2.694507e-05 2.845464e+02 
2.698725e-05 3.505310e+02 
2.704227e-05 4.632904e+02 
2.717435e-05 9.115577e+02 
2.722869e-05 1.195397e+03 
2.726610e-05 1.433179e+03 
2.730364e-05 1.710046e+03 
2.733923e-05 2.010290e+03 
2.736500e-05 2.251431e+03 
2.739418e-05 2.549103e+03 
2.742777e-05 2.923907e+03 
2.749914e-05 3.828759e+03 
2.750702e-05 3.936810e+03 
2.756632e-05 4.793658e+03 
2.758797e-05 5.121528e+03 
2.762930e-05 5.760541e+03 
2.766342e-05 6.292226e+03 
2.769648e-05 6.801939e+03 
2.773060e-05 7.312421e+03 
2.776366e-05 7.782700e+03 
2.779305e-05 8.172865e+03 
2.782021e-05 8.504373e+03 
2.783504e-05 8.671810e+03 
2.787440e-05 9.063682e+03 
2.790514e-05 9.310672e+03 
2.794225e-05 9.532873e+03 
2.797465e-05 9.654687e+03 
2.799686e-05 9.698093e+03 
2.803016e-05 9.701501e+03 
2.805285e-05 9.661812e+03 
2.810286e-05 9.458448e+03 
2.813174e-05 9.272803e+03 
2.816905e-05 8.966609e+03 
2.818712e-05 8.793948e+03 
2.821719e-05 8.476067e+03 
2.825390e-05 8.043770e+03 
2.829225e-05 7.552253e+03 
2.833469e-05 6.976723e+03 
2.836828e-05 6.508874e+03 
2.840606e-05 5.980429e+03 
2.843545e-05 5.574216e+03 
2.850263e-05 4.684796e+03 
2.852573e-05 4.396957e+03 
2.856981e-05 3.879168e+03 
2.863279e-05 3.219932e+03 
2.878237e-05 2.049377e+03 
2.884032e-05 1.731966e+03 
2.886420e-05 1.619889e+03 
2.890784e-05 1.440049e+03 
2.895958e-05 1.263456e+03 
2.900000e-05 1.148880e+03 
2.902816e-05 1.079388e+03 
2.909910e-05 9.351266e+02 
2.914452e-05 8.614280e+02 
2.919230e-05 7.960455e+02 
2.927513e-05 7.050879e+02 
2.936629e-05 6.282273e+02 
2.941924e-05 5.914672e+02 
2.949130e-05 5.482740e+02 
2.960113e-05 4.936735e+02 
2.970802e-05 4.498648e+02 
2.980753e-05 4.150393e+02 
2.998894e-05 3.622297e+02 
3.013502e-05 3.274620e+02 
3.021187e-05 3.115893e+02 
3.028393e-05 2.981563e+02 
3.035645e-05 2.860251e+02 
3.043440e-05 2.745089e+02 
3.056527e-05 2.586269e+02 
3.065169e-05 2.504553e+02 
3.082382e-05 2.396615e+02 
3.089106e-05 2.374658e+02 
3.096709e-05 2.363381e+02 
3.101476e-05 2.363259e+02 
3.108136e-05 2.371034e+02 
3.121345e-05 2.406160e+02 
3.132959e-05 2.444314e+02 
3.144881e-05 2.473837e+02 
3.152349e-05 2.482257e+02 
3.162467e-05 2.479444e+02 
3.170234e-05 2.467401e+02 
3.180130e-05 2.443423e+02 
3.206764e-05 2.368265e+02 
3.222002e-05 2.335735e+02 
3.243084e-05 2.306357e+02 
3.285407e-05 2.262352e+02 
3.345620e-05 2.173057e+02 
3.416760e-05 2.085420e+02 
3.521981e-05 1.986096e+02 
3.672823e-05 1.877594e+02 
3.812355e-05 1.797937e+02 
4.340103e-05 1.567788e+02 
4.536057e-05 1.483582e+02 
4.638469e-05 1.430670e+02 
4.663908e-05 1.425840e+02 
4.682721e-05 1.428859e+02 
4.706306e-05 1.440824e+02 
4.750392e-05 1.471120e+02 
4.761695e-05 1.475722e+02 
4.776666e-05 1.477750e+02 
4.789192e-05 1.475707e+02 
4.808627e-05 1.466820e+02 
4.858500e-05 1.432826e+02 
4.888540e-05 1.417601e+02 
5.031226e-05 1.375459e+02 
5.132306e-05 1.338535e+02 
5.332831e-05 1.259806e+02 
5.600991e-05 1.143337e+02 
5.801169e-05 1.047370e+02 
5.974036e-05 9.570923e+01 
6.136282e-05 8.672911e+01 
6.287380e-05 7.794269e+01 
6.409047e-05 7.060202e+01 
6.531738e-05 6.299659e+01 
6.629553e-05 5.699842e+01 
6.719270e-05 5.394955e+01 
6.825123e-05 5.780922e+01 
6.931973e-05 6.541363e+01 
7.033614e-05 7.416069e+01 
7.117650e-05 8.271936e+01 
7.224517e-05 9.565274e+01 
7.310840e-05 1.080839e+02 
7.372800e-05 1.183780e+02 
7.464423e-05 1.360605e+02 
7.549371e-05 1.555731e+02 
7.629678e-05 1.774876e+02 
7.710230e-05 2.036267e+02 
7.775773e-05 2.286905e+02 
7.842150e-05 2.583605e+02 
7.915370e-05 2.971440e+02 
7.962906e-05 3.264786e+02 
8.018641e-05 3.659978e+02 
8.070893e-05 4.090675e+02 
8.119879e-05 4.558458e+02 
8.165804e-05 5.065089e+02 
8.208858e-05 5.612256e+02 
8.249222e-05 6.201231e+02 
8.294968e-05 6.976019e+02 
8.334112e-05 7.748968e+02 
8.356113e-05 8.236572e+02 
8.392416e-05 9.140599e+02 
8.416208e-05 9.811174e+02 
8.443612e-05 1.067402e+03 
8.471898e-05 1.168351e+03 
8.504370e-05 1.302131e+03 
8.537138e-05 1.461022e+03 
8.556984e-05 1.571518e+03 
8.585191e-05 1.751302e+03 
8.609385e-05 1.931431e+03 
8.624715e-05 2.060657e+03 
8.653460e-05 2.342216e+03 
8.678612e-05 2.642281e+03 
8.700620e-05 2.959934e+03 
8.719876e-05 3.293850e+03 
8.736726e-05 3.641993e+03 
8.751469e-05 4.001426e+03 
8.765434e-05 4.401099e+03 
8.775658e-05 4.738181e+03 
8.795412e-05 5.522637e+03 
8.810227e-05 6.254922e+03 
8.821339e-05 6.904645e+03 
8.829672e-05 7.457969e+03 
8.842173e-05 8.409839e+03 
8.854673e-05 9.529296e+03 
8.865571e-05 1.066172e+04 
8.887365e-05 1.343609e+04 
8.928250e-05 2.086736e+04 
8.941852e-05 2.407375e+04 
8.982787e-05 3.597369e+04 
9.004788e-05 4.355009e+04 
9.007538e-05 4.453774e+04 
9.026790e-05 5.159207e+04 
9.035052e-05 5.464562e+04 
9.043539e-05 5.775781e+04 
9.053550e-05 6.135341e+04 
9.063127e-05 6.466948e+04 
9.073882e-05 6.818660e+04 
9.082865e-05 7.090832e+04 
9.094415e-05 7.405208e+04 
9.103950e-05 7.629506e+04 
9.115347e-05 7.849916e+04 
9.130342e-05 8.051895e+04 
9.140314e-05 8.126617e+04 
9.153405e-05 8.149230e+04 
9.164522e-05 8.100472e+04 
9.175467e-05 7.992482e+04 
9.186339e-05 7.828672e+04 
9.203388e-05 7.467507e+04 
9.212210e-05 7.236099e+04 
9.222251e-05 6.941004e+04 
9.233269e-05 6.584472e+04 
9.241704e-05 6.292746e+04 
9.251175e-05 5.950368e+04 
9.259086e-05 5.655730e+04 
9.269258e-05 5.269931e+04 
9.280499e-05 4.840536e+04 
9.291741e-05 4.414613e+04 
9.303593e-05 3.976011e+04 
9.312812e-05 3.646161e+04 
9.334813e-05 2.913030e+04 
9.343193e-05 2.657416e+04 
9.351191e-05 2.426761e+04 
9.359190e-05 2.209551e+04 
9.369003e-05 1.961719e+04 
9.380231e-05 1.703389e+04 
9.391003e-05 1.480371e+04 
9.401444e-05 1.286612e+04 
9.416753e-05 1.040115e+04 
9.431966e-05 8.358519e+03 
9.450227e-05 6.381584e+03 
9.475642e-05 4.361517e+03 
9.486863e-05 3.700096e+03 
9.500404e-05 3.065301e+03 
9.510862e-05 2.687589e+03 
9.539170e-05 2.117184e+03 
9.542679e-05 2.090850e+03 
9.549926e-05 2.067313e+03 
9.557966e-05 2.090413e+03 
9.565782e-05 2.163552e+03 
9.569311e-05 2.213340e+03 
9.574032e-05 2.296635e+03 
9.578163e-05 2.385506e+03 
9.583261e-05 2.516199e+03 
9.589142e-05 2.696656e+03 
9.595228e-05 2.917936e+03 
9.601639e-05 3.190311e+03 
9.610788e-05 3.651777e+03 
9.658793e-05 7.627684e+03 
9.663410e-05 8.157932e+03 
9.687079e-05 1.129298e+04 
9.696186e-05 1.267931e+04 
9.707107e-05 1.446386e+04 
9.718089e-05 1.637991e+04 
9.722757e-05 1.722714e+04 
9.738882e-05 2.027634e+04 
9.746845e-05 2.183508e+04 
9.757018e-05 2.385516e+04 
9.765575e-05 2.556231e+04 
9.774731e-05 2.737802e+04 
9.784603e-05 2.930029e+04 
9.793135e-05 3.091213e+04 
9.804033e-05 3.287646e+04 
9.810718e-05 3.401488e+04 
9.821582e-05 3.573413e+04 
9.832851e-05 3.731723e+04 
9.838238e-05 3.799300e+04 
9.849412e-05 3.921154e+04 
9.858615e-05 4.001666e+04 
9.869445e-05 4.072113e+04 
9.881916e-05 4.119511e+04 
9.889516e-05 4.130461e+04 
9.905339e-05 4.110163e+04 
9.916827e-05 4.060259e+04 
9.926871e-05 3.993954e+04 
9.938856e-05 3.889489e+04 
9.946046e-05 3.814821e+04 
9.958248e-05 3.670131e+04 
9.970013e-05 3.512461e+04 
9.984927e-05 3.293017e+04 
9.998864e-05 3.074519e+04 
1.001433e-04 2.824452e+04 
1.001948e-04 2.740575e+04 
1.004211e-04 2.377431e+04 
1.004712e-04 2.299361e+04 
1.008219e-04 1.794067e+04 
1.013671e-04 1.195686e+04 
1.014914e-04 1.092584e+04 
1.016145e-04 1.001643e+04 
1.017381e-04 9.206462e+03 
1.019309e-04 8.130669e+03 
1.021237e-04 7.251622e+03 
1.023138e-04 6.544498e+03 
1.025039e-04 5.965950e+03 
1.027675e-04 5.328787e+03 
1.030216e-04 4.849825e+03 
1.032793e-04 4.461136e+03 
1.035700e-04 4.105468e+03 
1.039253e-04 3.753427e+03 
1.042737e-04 3.469609e+03 
1.045953e-04 3.246759e+03 
1.049790e-04 3.018996e+03 
1.053620e-04 2.825184e+03 
1.056506e-04 2.697725e+03 
1.059473e-04 2.581125e+03 
1.064694e-04 2.405783e+03 
1.068871e-04 2.288082e+03 
1.074375e-04 2.157249e+03 
1.080811e-04 2.031745e+03 
1.087000e-04 1.932928e+03 
1.092239e-04 1.862696e+03 
1.099738e-04 1.779306e+03 
1.107869e-04 1.706750e+03 
1.116154e-04 1.647153e+03 
1.123125e-04 1.605443e+03 
1.131745e-04 1.562033e+03 
1.143104e-04 1.515181e+03 
1.154262e-04 1.477102e+03 
1.181381e-04 1.401729e+03 
1.203553e-04 1.349111e+03 
1.262964e-04 1.228129e+03 
1.326736e-04 1.124510e+03 
1.392436e-04 1.039981e+03 
1.536000e-04 8.952870e+02 
1.733739e-04 7.471576e+02 
1.798871e-04 7.048569e+02 
1.842537e-04 6.754188e+02 
1.875020e-04 6.503861e+02 
1.899547e-04 6.308233e+02 
1.911500e-04 6.246835e+02 
1.926023e-04 6.222815e+02 
1.953666e-04 6.243703e+02 
1.967854e-04 6.237955e+02 
2.019937e-04 6.136785e+02 
2.065380e-04 6.026812e+02 
2.125819e-04 5.861674e+02 
2.187901e-04 5.679693e+02 
2.248031e-04 5.494265e+02 
2.296812e-04 5.333784e+02 
2.340234e-04 5.168481e+02 
2.374700e-04 5.019294e+02 
2.386326e-04 4.991952e+02 
2.399337e-04 4.989759e+02 
2.428554e-04 5.047183e+02 
2.437785e-04 5.057856e+02 
2.450910e-04 5.055559e+02 
2.484468e-04 4.995248e+02 
2.663268e-04 4.644417e+02 
2.757273e-04 4.441159e+02 
2.845238e-04 4.244403e+02 
2.956188e-04 3.974154e+02 
2.997658e-04 3.870260e+02 
3.038748e-04 3.798416e+02 
3.057676e-04 3.771230e+02 
3.100392e-04 3.698630e+02 
3.162278e-04 3.567773e+02 
3.281216e-04 3.289460e+02 
3.388442e-04 3.008643e+02 
3.457814e-04 2.806010e+02 
3.512758e-04 2.616692e+02 
3.564477e-04 2.418540e+02 
3.573968e-04 2.389618e+02 
3.583298e-04 2.366284e+02 
3.597117e-04 2.341592e+02 
3.618268e-04 2.321051e+02 
3.635785e-04 2.307300e+02 
3.646355e-04 2.295376e+02 
3.666035e-04 2.263064e+02 
3.700269e-04 2.198977e+02 
3.736843e-04 2.149733e+02 
3.747768e-04 2.132210e+02 
3.760724e-04 2.105271e+02 
3.773060e-04 2.072521e+02 
3.789389e-04 2.019742e+02 
3.815971e-04 1.920590e+02 
3.869000e-04 1.718328e+02 
3.901500e-04 1.598072e+02 
3.923000e-04 1.519115e+02 
3.961750e-04 1.379534e+02 
4.024375e-04 1.175282e+02 
4.045000e-04 1.117562e+02 
4.065000e-04 1.067702e+02 
4.085000e-04 1.024804e+02 
4.103743e-04 9.917137e+01 
4.120975e-04 9.679484e+01 
4.139981e-04 9.496435e+01 
4.168694e-04 9.385076e+01 
4.200000e-04 9.497012e+01 
4.238186e-04 9.966146e+01 
4.283936e-04 1.100185e+02 
4.292480e-04 1.125257e+02 
4.320000e-04 1.218504e+02 
4.350232e-04 1.342790e+02 
4.389703e-04 1.538198e+02 
4.472464e-04 2.055746e+02 
4.508819e-04 2.321726e+02 
4.549280e-04 2.640494e+02 
4.597500e-04 3.044693e+02 
4.630000e-04 3.328403e+02 
4.655631e-04 3.557369e+02 
4.680000e-04 3.778738e+02 
4.717357e-04 4.123856e+02 
4.747864e-04 4.409803e+02 
4.786301e-04 4.773596e+02 
4.831551e-04 5.204153e+02 
4.876148e-04 5.628397e+02 
4.935820e-04 6.191877e+02 
5.011872e-04 6.894126e+02 
5.098993e-04 7.663799e+02 
5.190000e-04 8.424833e+02 
5.289257e-04 9.209769e+02 
5.396718e-04 1.001096e+03 
5.509211e-04 1.079320e+03 
5.638421e-04 1.161429e+03 
5.760000e-04 1.231493e+03 
5.922061e-04 1.313916e+03 
6.075001e-04 1.380564e+03 
6.200000e-04 1.426090e+03 
6.352787e-04 1.470946e+03 
6.486747e-04 1.496407e+03 
6.571435e-04 1.502605e+03 
6.626178e-04 1.500315e+03 
6.675139e-04 1.492001e+03 
6.746605e-04 1.470487e+03 
6.771714e-04 1.467404e+03 
6.795962e-04 1.474814e+03 
6.829361e-04 1.515572e+03 
6.846076e-04 1.554194e+03 
6.862754e-04 1.606343e+03 
6.882689e-04 1.685474e+03 
6.927274e-04 1.900782e+03 
6.947474e-04 1.994371e+03 
6.965828e-04 2.064825e+03 
6.983843e-04 2.114599e+03 
6.999295e-04 2.139784e+03 
7.012326e-04 2.148382e+03 
7.024094e-04 2.146928e+03 
7.036144e-04 2.137522e+03 
7.044976e-04 2.126371e+03 
7.065773e-04 2.089861e+03 
7.129901e-04 1.958149e+03 
7.142028e-04 1.938936e+03 
7.184802e-04 1.898974e+03 
7.201976e-04 1.896794e+03 
7.226813e-04 1.909403e+03 
7.242286e-04 1.927173e+03 
7.261173e-04 1.959184e+03 
7.281320e-04 2.004773e+03 
7.345890e-04 2.190136e+03 
7.366290e-04 2.242301e+03 
7.383096e-04 2.276685e+03 
7.405996e-04 2.308230e+03 
7.419982e-04 2.318534e+03 
7.437514e-04 2.322695e+03 
7.450164e-04 2.320590e+03 
7.489911e-04 2.296733e+03 
7.539304e-04 2.260775e+03 
7.558248e-04 2.251137e+03 
7.616556e-04 2.240072e+03 
7.812333e-04 2.280235e+03 
8.176121e-04 2.374444e+03 
8.521569e-04 2.455826e+03 
8.925344e-04 2.523122e+03 
9.219625e-04 2.553446e+03 
9.467751e-04 2.563244e+03 
9.693165e-04 2.553573e+03 
9.744285e-04 2.561207e+03 
9.797920e-04 2.579900e+03 
9.984065e-04 2.674192e+03 
1.010724e-03 2.724411e+03 
1.022557e-03 2.762495e+03 
1.047129e-03 2.817127e+03 
1.081059e-03 2.870094e+03 
1.122826e-03 2.915790e+03 
1.164407e-03 2.945750e+03 
1.211094e-03 2.972633e+03 
1.238023e-03 2.999670e+03 
1.267754e-03 3.019917e+03 
1.309241e-03 3.033065e+03 
1.353585e-03 3.033352e+03 
1.404527e-03 3.071101e+03 
1.448322e-03 3.085445e+03 
1.511904e-03 3.092476e+03 
1.600744e-03 3.091214e+03 
1.669167e-03 3.082386e+03 
1.759228e-03 3.058154e+03 
1.847736e-03 3.025165e+03 
1.961101e-03 2.977641e+03 
2.083291e-03 2.919957e+03 
2.213095e-03 2.843820e+03 
2.340858e-03 2.763392e+03 
2.469249e-03 2.674040e+03 
2.591242e-03 2.580711e+03 
2.719915e-03 2.473669e+03 
2.829416e-03 2.371509e+03 
2.919527e-03 2.279086e+03 
3.003041e-03 2.184455e+03 
3.070277e-03 2.099364e+03 
3.135391e-03 2.005659e+03 
3.191658e-03 1.910187e+03 
3.237302e-03 1.821270e+03 
3.273581e-03 1.739417e+03 
3.304171e-03 1.658393e+03 
3.328865e-03 1.582745e+03 
3.368842e-03 1.456568e+03 
3.378339e-03 1.433885e+03 
3.388960e-03 1.416091e+03 
3.394848e-03 1.410301e+03 
3.406132e-03 1.407777e+03 
3.415075e-03 1.413227e+03 
3.427866e-03 1.429680e+03 
3.467821e-03 1.498671e+03 
3.502924e-03 1.556214e+03 
3.522111e-03 1.594609e+03 
3.540314e-03 1.640163e+03 
3.556894e-03 1.692660e+03 
3.575927e-03 1.767388e+03 
3.609220e-03 1.915269e+03 
3.626865e-03 1.985874e+03 
3.646635e-03 2.053300e+03 
3.679748e-03 2.152850e+03 
3.710046e-03 2.240131e+03 
3.726697e-03 2.284195e+03 
3.749999e-03 2.338024e+03 
3.776902e-03 2.388574e+03 
3.811200e-03 2.438706e+03 
3.847877e-03 2.479268e+03 
3.889139e-03 2.512463e+03 
3.932160e-03 2.535484e+03 
3.974522e-03 2.547384e+03 
4.011291e-03 2.547597e+03 
4.046313e-03 2.537681e+03 
4.108067e-03 2.511974e+03 
4.123683e-03 2.513369e+03 
4.139315e-03 2.522175e+03 
4.163055e-03 2.551302e+03 
4.189395e-03 2.601333e+03 
4.229120e-03 2.685554e+03 
4.249771e-03 2.723237e+03 
4.275211e-03 2.760650e+03 
4.306854e-03 2.795295e+03 
4.338969e-03 2.821185e+03 
4.384595e-03 2.848305e+03 
4.431871e-03 2.868826e+03 
4.494148e-03 2.887482e+03 
4.562919e-03 2.899955e+03 
4.630926e-03 2.905303e+03 
4.704044e-03 2.904174e+03 
4.770200e-03 2.896085e+03 
4.838564e-03 2.879660e+03 
4.947378e-03 2.839356e+03 
4.995739e-03 2.833813e+03 
5.102846e-03 2.864276e+03 
5.139220e-03 2.870451e+03 
5.221771e-03 2.866150e+03 
5.324146e-03 2.853527e+03 
5.495409e-03 2.884854e+03 
5.619368e-03 2.883628e+03 
5.868005e-03 2.856359e+03 
6.144000e-03 2.807382e+03 
6.578472e-03 2.715529e+03 
7.088378e-03 2.596537e+03 
7.673615e-03 2.455247e+03 
8.204696e-03 2.328323e+03 
8.825955e-03 2.188346e+03 
9.636207e-03 2.015829e+03 
1.044870e-02 1.857084e+03 
1.132563e-02 1.700766e+03 
1.180140e-02 1.621758e+03 
1.232426e-02 1.539142e+03 
1.287887e-02 1.455679e+03 
1.339249e-02 1.381705e+03 
1.386787e-02 1.315333e+03 
1.424788e-02 1.263500e+03 
1.462093e-02 1.212524e+03 
1.495647e-02 1.166590e+03 
1.522758e-02 1.128790e+03 
1.545235e-02 1.096337e+03 
1.565660e-02 1.065508e+03 
1.581411e-02 1.040333e+03 
1.595976e-02 1.015289e+03 
1.608944e-02 9.906644e+02 
1.619381e-02 9.681968e+02 
1.627698e-02 9.477765e+02 
1.640129e-02 9.124218e+02 
1.656083e-02 8.653319e+02 
1.663280e-02 8.497732e+02 
1.668860e-02 8.427681e+02 
1.673653e-02 8.409339e+02 
1.679710e-02 8.441439e+02 
1.685461e-02 8.520824e+02 
1.698250e-02 8.791146e+02 
1.708206e-02 9.005197e+02 
1.714478e-02 9.116790e+02 
1.722090e-02 9.222511e+02 
1.729403e-02 9.296064e+02 
1.738404e-02 9.356991e+02 
1.750022e-02 9.401800e+02 
1.763149e-02 9.422317e+02 
1.778333e-02 9.419257e+02 
1.793700e-02 9.394884e+02 
1.831270e-02 9.275052e+02 
1.874522e-02 9.066884e+02 
1.914511e-02 8.822381e+02 
1.936564e-02 8.664551e+02 
1.952355e-02 8.537886e+02 
1.966754e-02 8.407862e+02 
1.979984e-02 8.270761e+02 
1.998434e-02 8.043589e+02 
2.021532e-02 7.748111e+02 
2.031890e-02 7.658702e+02 
2.042047e-02 7.618550e+02 
2.052878e-02 7.624127e+02 
2.084493e-02 7.725381e+02 
2.114745e-02 7.802475e+02 
2.154259e-02 7.985754e+02 
2.172426e-02 8.033183e+02 
2.202956e-02 8.047400e+02 
2.241879e-02 8.007301e+02 
2.293372e-02 7.909557e+02 
2.381300e-02 7.689372e+02 
2.452941e-02 7.487101e+02 
2.569384e-02 7.138778e+02 
2.755212e-02 6.589455e+02 
2.956457e-02 6.040605e+02 
3.246796e-02 5.344672e+02 
3.570062e-02 4.691593e+02 
3.813646e-02 4.269586e+02 
4.221881e-02 3.667666e+02 
4.695978e-02 3.107362e+02 
5.116433e-02 2.709068e+02 
5.559659e-02 2.360260e+02 
6.304679e-02 1.899537e+02 
7.420287e-02 1.423035e+02 
8.392051e-02 1.137501e+02 
9.091542e-02 9.782567e+01 
9.721090e-02 8.569913e+01 
1.017054e-01 7.789538e+01 
1.049388e-01 7.247126e+01 
1.073094e-01 6.838934e+01 
1.082302e-01 6.670115e+01 
1.089739e-01 6.524198e+01 
1.096026e-01 6.389599e+01 
1.104800e-01 6.176719e+01 
1.119649e-01 5.788067e+01 
1.124209e-01 5.699270e+01 
1.128912e-01 5.643543e+01 
1.133803e-01 5.629257e+01 
1.139340e-01 5.660080e+01 
1.153703e-01 5.826430e+01 
1.160197e-01 5.881723e+01 
1.168656e-01 5.918420e+01 
1.174918e-01 5.925968e+01 
1.190261e-01 5.904945e+01 
1.209201e-01 5.839321e+01 
1.234678e-01 5.718962e+01 
1.271234e-01 5.521865e+01 
1.313388e-01 5.282364e+01 
1.386980e-01 4.869560e+01 
1.494979e-01 4.317528e+01 
1.636129e-01 3.709104e+01 
1.864433e-01 2.953999e+01 
2.175417e-01 2.240296e+01 
2.550719e-01 1.674685e+01 
3.152791e-01 1.128874e+01 
3.924336e-01 7.458709e+00 
5.115023e-01 4.486170e+00 
7.223808e-01 2.296932e+00 
1.120601e+00 9.732623e-01 
1.696098e+00 4.297042e-01 
3.086391e+00 1.307554e-01 
9.320751e+00 1.438291e-02 
2.814822e+01 1.577207e-03 
8.500626e+01 1.729391e-04 
2.567148e+02 1.896241e-05 
7.752663e+02 2.079187e-06 
2.511886e+03 1.980593e-07 
7.943282e+03 1.980593e-08 
2.511886e+04 1.980593e-09 
7.943282e+04 1.980590e-10 
1.000000e+05 1.249670e-10 
-1           -1           
-2           -2           
