% -----------------------------------------------------------------------
%   Program Name: re-cs-90.dat 
%   Author: the Geant4 Collaboration
%   Organization: the Geant4 Collaboration
%   Version: unknown
%   Date: circa 2006
%   Class: Public
%   Copyright (c) Copyright Holders of the Geant4 Collaboration, 1994-2006.
%   See http://cern.ch/geant4/license for details on the copyright holders.
%   All rights not expressly granted under this license are reserved.
% -----------------------------------------------------------------------
1.000000e-06 8.034211e-02 
1.088254e-06 1.192179e-01 
1.159484e-06 1.614612e-01 
1.222089e-06 2.084491e-01 
1.250488e-06 2.336265e-01 
1.277112e-06 2.599778e-01 
1.327032e-06 3.167286e-01 
1.370713e-06 3.754952e-01 
1.408933e-06 4.353141e-01 
1.471638e-06 5.533686e-01 
1.497243e-06 6.104504e-01 
1.542051e-06 7.243374e-01 
1.575657e-06 8.231495e-01 
1.600862e-06 9.069748e-01 
1.638669e-06 1.049803e+00 
1.692981e-06 1.295304e+00 
1.734246e-06 1.525783e+00 
1.759004e-06 1.687008e+00 
1.784439e-06 1.873093e+00 
1.808284e-06 2.068616e+00 
1.830638e-06 2.274009e+00 
1.851596e-06 2.489306e+00 
1.871244e-06 2.714583e+00 
1.889663e-06 2.949817e+00 
1.906932e-06 3.194924e+00 
1.923121e-06 3.449815e+00 
1.938298e-06 3.714449e+00 
1.952527e-06 3.989029e+00 
1.965866e-06 4.274143e+00 
1.978372e-06 4.569961e+00 
2.001820e-06 5.212396e+00 
2.025000e-06 5.989077e+00 
2.040290e-06 6.607355e+00 
2.055998e-06 7.365193e+00 
2.069743e-06 8.165442e+00 
2.081770e-06 9.009023e+00 
2.092294e-06 9.897897e+00 
2.101502e-06 1.083542e+01 
2.109559e-06 1.182725e+01 
2.116608e-06 1.288157e+01 
2.122777e-06 1.400695e+01 
2.128175e-06 1.520820e+01 
2.132898e-06 1.648243e+01 
2.137030e-06 1.781742e+01 
2.140646e-06 1.919306e+01 
2.143810e-06 2.058457e+01 
2.146578e-06 2.196616e+01 
2.151423e-06 2.480255e+01 
2.155057e-06 2.731862e+01 
2.161359e-06 3.254447e+01 
2.167790e-06 3.901087e+01 
2.171289e-06 4.295601e+01 
2.175287e-06 4.774157e+01 
2.176620e-06 4.938189e+01 
2.181951e-06 5.600764e+01 
2.182618e-06 5.682850e+01 
2.187283e-06 6.237911e+01 
2.189115e-06 6.441380e+01 
2.192614e-06 6.795132e+01 
2.194446e-06 6.957825e+01 
2.196196e-06 7.095906e+01 
2.197945e-06 7.215296e+01 
2.200277e-06 7.342485e+01 
2.202527e-06 7.427486e+01 
2.205609e-06 7.479288e+01 
2.208233e-06 7.461445e+01 
2.211273e-06 7.367828e+01 
2.213606e-06 7.243317e+01 
2.214897e-06 7.155235e+01 
2.217083e-06 6.976186e+01 
2.219437e-06 6.743945e+01 
2.221821e-06 6.470600e+01 
2.224254e-06 6.157117e+01 
2.226589e-06 5.828602e+01 
2.229014e-06 5.464702e+01 
2.231363e-06 5.096044e+01 
2.233794e-06 4.704318e+01 
2.236222e-06 4.308968e+01 
2.238084e-06 4.006844e+01 
2.240242e-06 3.661655e+01 
2.241928e-06 3.397994e+01 
2.244239e-06 3.048239e+01 
2.246259e-06 2.756301e+01 
2.249149e-06 2.365099e+01 
2.251424e-06 2.081617e+01 
2.252352e-06 1.972634e+01 
2.255000e-06 1.683750e+01 
2.257683e-06 1.425159e+01 
2.264445e-06 9.257024e+00 
2.266856e-06 7.978980e+00 
2.268773e-06 7.138374e+00 
2.270349e-06 6.557068e+00 
2.271861e-06 6.088404e+00 
2.273245e-06 5.731943e+00 
2.274399e-06 5.485502e+00 
2.275519e-06 5.288385e+00 
2.276065e-06 5.206713e+00 
2.277142e-06 5.072942e+00 
2.278185e-06 4.976394e+00 
2.279196e-06 4.912656e+00 
2.280175e-06 4.877796e+00 
2.282071e-06 4.881878e+00 
2.283849e-06 4.966546e+00 
2.285516e-06 5.112337e+00 
2.288641e-06 5.545715e+00 
2.294111e-06 6.752912e+00 
2.305328e-06 1.072721e+01 
2.309222e-06 1.250728e+01 
2.312474e-06 1.412652e+01 
2.314340e-06 1.510274e+01 
2.316207e-06 1.610861e+01 
2.320472e-06 1.849353e+01 
2.321894e-06 1.930631e+01 
2.327581e-06 2.256745e+01 
2.328292e-06 2.296920e+01 
2.333268e-06 2.567389e+01 
2.335223e-06 2.666042e+01 
2.338955e-06 2.836973e+01 
2.340910e-06 2.915348e+01 
2.342776e-06 2.981761e+01 
2.344642e-06 3.039125e+01 
2.347130e-06 3.100231e+01 
2.349529e-06 3.141189e+01 
2.350329e-06 3.150721e+01 
2.352817e-06 3.166705e+01 
2.354416e-06 3.165825e+01 
2.356016e-06 3.156095e+01 
2.358859e-06 3.116957e+01 
2.361348e-06 3.060190e+01 
2.362725e-06 3.020038e+01 
2.365057e-06 2.938555e+01 
2.367568e-06 2.833218e+01 
2.369688e-06 2.731426e+01 
2.372230e-06 2.595882e+01 
2.374593e-06 2.458845e+01 
2.375115e-06 2.427424e+01 
2.379070e-06 2.178527e+01 
2.381608e-06 2.012586e+01 
2.383548e-06 1.884545e+01 
2.385949e-06 1.726839e+01 
2.388527e-06 1.560768e+01 
2.389912e-06 1.473809e+01 
2.392560e-06 1.313521e+01 
2.395430e-06 1.150764e+01 
2.399446e-06 9.461895e+00 
2.407266e-06 6.378816e+00 
2.413064e-06 4.891609e+00 
2.414619e-06 4.603187e+00 
2.415608e-06 4.442723e+00 
2.417091e-06 4.234255e+00 
2.418573e-06 4.062972e+00 
2.419995e-06 3.932031e+00 
2.421062e-06 3.854211e+00 
2.421861e-06 3.806842e+00 
2.423061e-06 3.752740e+00 
2.424507e-06 3.713271e+00 
2.425980e-06 3.700243e+00 
2.426958e-06 3.705840e+00 
2.427932e-06 3.722083e+00 
2.429872e-06 3.784097e+00 
2.431797e-06 3.881356e+00 
2.433708e-06 4.009327e+00 
2.435603e-06 4.163884e+00 
2.439364e-06 4.539898e+00 
2.443066e-06 4.983104e+00 
2.450297e-06 5.997478e+00 
2.457360e-06 7.112252e+00 
2.464201e-06 8.264950e+00 
2.517225e-06 1.883055e+01 
2.536488e-06 2.407947e+01 
2.553418e-06 2.998837e+01 
2.562891e-06 3.402365e+01 
2.568297e-06 3.662545e+01 
2.575047e-06 4.023971e+01 
2.581375e-06 4.406618e+01 
2.587308e-06 4.811802e+01 
2.594927e-06 5.413884e+01 
2.602972e-06 6.178967e+01 
2.607555e-06 6.692090e+01 
2.611851e-06 7.238046e+01 
2.615879e-06 7.819566e+01 
2.623431e-06 9.146736e+01 
2.630039e-06 1.065483e+02 
2.635822e-06 1.234791e+02 
2.640881e-06 1.421233e+02 
2.645308e-06 1.621781e+02 
2.649181e-06 1.832243e+02 
2.652571e-06 2.047904e+02 
2.655536e-06 2.264106e+02 
2.660402e-06 2.682152e+02 
2.676708e-06 4.796009e+02 
2.680857e-06 5.534315e+02 
2.682884e-06 5.925283e+02 
2.686177e-06 6.601822e+02 
2.689471e-06 7.326068e+02 
2.696058e-06 8.894633e+02 
2.696882e-06 9.099570e+02 
2.702646e-06 1.056531e+03 
2.704910e-06 1.114674e+03 
2.709233e-06 1.224258e+03 
2.712578e-06 1.305950e+03 
2.715821e-06 1.380792e+03 
2.719166e-06 1.451877e+03 
2.722408e-06 1.513280e+03 
2.725290e-06 1.560513e+03 
2.728648e-06 1.605600e+03 
2.732495e-06 1.642653e+03 
2.735788e-06 1.661030e+03 
2.736935e-06 1.664425e+03 
2.740207e-06 1.665440e+03 
2.743459e-06 1.653709e+03 
2.745292e-06 1.641580e+03 
2.748514e-06 1.610959e+03 
2.751118e-06 1.577951e+03 
2.755756e-06 1.502533e+03 
2.758386e-06 1.451432e+03 
2.760602e-06 1.404342e+03 
2.762756e-06 1.355546e+03 
2.765277e-06 1.295188e+03 
2.768519e-06 1.213619e+03 
2.771401e-06 1.138523e+03 
2.774412e-06 1.058664e+03 
2.778401e-06 9.525549e+02 
2.781694e-06 8.662121e+02 
2.785400e-06 7.720221e+02 
2.788282e-06 7.017757e+02 
2.794869e-06 5.539353e+02 
2.797236e-06 5.057275e+02 
2.803991e-06 3.836745e+02 
2.807790e-06 3.251990e+02 
2.811136e-06 2.796042e+02 
2.815508e-06 2.279017e+02 
2.818739e-06 1.950462e+02 
2.822400e-06 1.628251e+02 
2.827569e-06 1.254162e+02 
2.834461e-06 8.788203e+01 
2.845660e-06 4.911758e+01 
2.851690e-06 3.612967e+01 
2.855136e-06 3.043392e+01 
2.860305e-06 2.368816e+01 
2.862028e-06 2.183275e+01 
2.867197e-06 1.719764e+01 
2.868920e-06 1.591388e+01 
2.874089e-06 1.267653e+01 
2.882704e-06 8.790961e+00 
2.893041e-06 5.699772e+00 
2.896487e-06 4.923340e+00 
2.903379e-06 3.653291e+00 
2.910271e-06 2.700613e+00 
2.917163e-06 2.023732e+00 
2.918024e-06 1.957300e+00 
2.924055e-06 1.601075e+00 
2.925293e-06 1.551095e+00 
2.926707e-06 1.503561e+00 
2.927767e-06 1.474527e+00 
2.930152e-06 1.429813e+00 
2.930947e-06 1.421221e+00 
2.932670e-06 1.413380e+00 
2.935254e-06 1.429163e+00 
2.936546e-06 1.449402e+00 
2.937838e-06 1.477846e+00 
2.939507e-06 1.526672e+00 
2.941482e-06 1.602113e+00 
2.943457e-06 1.696639e+00 
2.947053e-06 1.917703e+00 
2.950649e-06 2.202124e+00 
2.965033e-06 3.983525e+00 
2.972224e-06 5.274533e+00 
2.979416e-06 6.849908e+00 
2.986608e-06 8.729307e+00 
2.993800e-06 1.093864e+01 
3.000992e-06 1.351121e+01 
3.008184e-06 1.648912e+01 
3.015376e-06 1.992509e+01 
3.022567e-06 2.388487e+01 
3.029759e-06 2.845040e+01 
3.036951e-06 3.372429e+01 
3.051335e-06 4.695083e+01 
3.065718e-06 6.511741e+01 
3.071972e-06 7.518581e+01 
3.077835e-06 8.622339e+01 
3.083332e-06 9.831945e+01 
3.088484e-06 1.115746e+02 
3.093315e-06 1.260971e+02 
3.097844e-06 1.419968e+02 
3.102090e-06 1.593770e+02 
3.107241e-06 1.844630e+02 
3.109802e-06 1.989102e+02 
3.113301e-06 2.211640e+02 
3.116581e-06 2.450892e+02 
3.119656e-06 2.706509e+02 
3.125421e-06 3.283927e+02 
3.130466e-06 3.917605e+02 
3.134880e-06 4.593027e+02 
3.142122e-06 6.003318e+02 
3.156678e-06 1.035561e+03 
3.162899e-06 1.300162e+03 
3.168777e-06 1.600817e+03 
3.173571e-06 1.884476e+03 
3.177467e-06 2.140716e+03 
3.181363e-06 2.419473e+03 
3.189155e-06 3.038860e+03 
3.190129e-06 3.121399e+03 
3.196947e-06 3.723362e+03 
3.199626e-06 3.968252e+03 
3.204739e-06 4.440739e+03 
3.208696e-06 4.803959e+03 
3.212531e-06 5.147179e+03 
3.216488e-06 5.485424e+03 
3.220324e-06 5.791301e+03 
3.223733e-06 6.039908e+03 
3.226883e-06 6.246386e+03 
3.228603e-06 6.348537e+03 
3.233168e-06 6.579591e+03 
3.236734e-06 6.715930e+03 
3.240887e-06 6.822226e+03 
3.244774e-06 6.868286e+03 
3.247617e-06 6.868735e+03 
3.251492e-06 6.824371e+03 
3.254205e-06 6.763135e+03 
3.259771e-06 6.563813e+03 
3.262882e-06 6.412555e+03 
3.264979e-06 6.295943e+03 
3.268051e-06 6.105901e+03 
3.271033e-06 5.901799e+03 
3.274869e-06 5.615551e+03 
3.278278e-06 5.343111e+03 
3.281565e-06 5.068536e+03 
3.286557e-06 4.637829e+03 
3.290453e-06 4.297191e+03 
3.294836e-06 3.916640e+03 
3.298245e-06 3.626783e+03 
3.306037e-06 2.999311e+03 
3.311273e-06 2.614307e+03 
3.313829e-06 2.438733e+03 
3.319674e-06 2.070162e+03 
3.326381e-06 1.704446e+03 
3.340249e-06 1.132370e+03 
3.347535e-06 9.179195e+02 
3.351008e-06 8.329790e+02 
3.354372e-06 7.600111e+02 
3.357632e-06 6.972064e+02 
3.363946e-06 5.946768e+02 
3.369867e-06 5.176798e+02 
3.375417e-06 4.589176e+02 
3.380620e-06 4.132765e+02 
3.385498e-06 3.771862e+02 
3.390071e-06 3.481486e+02 
3.398646e-06 3.034625e+02 
3.406149e-06 2.722509e+02 
3.412714e-06 2.494112e+02 
3.418458e-06 2.320985e+02 
3.428511e-06 2.064536e+02 
3.436051e-06 1.902616e+02 
3.447360e-06 1.696862e+02 
3.458669e-06 1.525588e+02 
3.467182e-06 1.414474e+02 
3.475695e-06 1.315824e+02 
3.484208e-06 1.227665e+02 
3.492722e-06 1.148407e+02 
3.507468e-06 1.028463e+02 
3.526168e-06 9.010835e+01 
3.552313e-06 7.557368e+01 
3.588279e-06 5.968467e+01 
3.605943e-06 5.346319e+01 
3.614775e-06 5.086030e+01 
3.623607e-06 4.866451e+01 
3.632440e-06 4.691599e+01 
3.636249e-06 4.630492e+01 
3.641963e-06 4.554869e+01 
3.647677e-06 4.497720e+01 
3.653306e-06 4.457991e+01 
3.658936e-06 4.432572e+01 
3.667768e-06 4.414867e+01 
3.690698e-06 4.410392e+01 
3.700341e-06 4.387635e+01 
3.704717e-06 4.368200e+01 
3.712739e-06 4.315534e+01 
3.720760e-06 4.240320e+01 
3.729593e-06 4.133409e+01 
3.738425e-06 4.005886e+01 
3.747257e-06 3.864011e+01 
3.756089e-06 3.714362e+01 
3.793093e-06 3.113028e+01 
3.809169e-06 2.893830e+01 
3.837302e-06 2.570197e+01 
3.879502e-06 2.175575e+01 
3.921702e-06 1.838298e+01 
3.941008e-06 1.693328e+01 
3.950661e-06 1.621451e+01 
3.960313e-06 1.549385e+01 
3.969966e-06 1.476804e+01 
3.979619e-06 1.403626e+01 
3.989272e-06 1.330167e+01 
4.006817e-06 1.199206e+01 
4.018230e-06 1.120129e+01 
4.026542e-06 1.068464e+01 
4.036404e-06 1.016534e+01 
4.046266e-06 9.775870e+00 
4.051554e-06 9.628738e+00 
4.056841e-06 9.527537e+00 
4.060435e-06 9.485369e+00 
4.066726e-06 9.462770e+00 
4.071443e-06 9.486811e+00 
4.074981e-06 9.526276e+00 
4.082942e-06 9.674034e+00 
4.095578e-06 1.003043e+01 
4.105440e-06 1.035541e+01 
4.117768e-06 1.074005e+01 
4.125165e-06 1.093103e+01 
4.130096e-06 1.103553e+01 
4.137492e-06 1.115509e+01 
4.144889e-06 1.123081e+01 
4.154751e-06 1.127224e+01 
4.168219e-06 1.124972e+01 
4.186619e-06 1.113948e+01 
4.194200e-06 1.107536e+01 
4.211411e-06 1.086326e+01 
4.217541e-06 1.075303e+01 
4.227914e-06 1.050842e+01 
4.234279e-06 1.031707e+01 
4.240644e-06 1.009227e+01 
4.247268e-06 9.822898e+00 
4.253892e-06 9.519322e+00 
4.263966e-06 9.000540e+00 
4.272850e-06 8.498871e+00 
4.281689e-06 7.974274e+00 
4.295072e-06 7.166466e+00 
4.312036e-06 6.188464e+00 
4.327593e-06 5.400329e+00 
4.338193e-06 4.945803e+00 
4.348792e-06 4.567158e+00 
4.360638e-06 4.236153e+00 
4.364663e-06 4.145057e+00 
4.371707e-06 4.009582e+00 
4.376990e-06 3.926021e+00 
4.384914e-06 3.824670e+00 
4.397314e-06 3.704783e+00 
4.412390e-06 3.573578e+00 
4.422990e-06 3.457496e+00 
4.426185e-06 3.415376e+00 
4.435771e-06 3.264972e+00 
4.442479e-06 3.137430e+00 
4.449500e-06 2.985703e+00 
4.456243e-06 2.825821e+00 
4.458490e-06 2.770260e+00 
4.468201e-06 2.524212e+00 
4.480438e-06 2.224948e+00 
4.486587e-06 2.091688e+00 
4.491412e-06 1.999828e+00 
4.501195e-06 1.857473e+00 
4.502715e-06 1.841391e+00 
4.513360e-06 1.780404e+00 
4.516205e-06 1.780311e+00 
4.521636e-06 1.800227e+00 
4.523300e-06 1.811751e+00 
4.526421e-06 1.840409e+00 
4.529152e-06 1.873202e+00 
4.531542e-06 1.907980e+00 
4.533633e-06 1.943207e+00 
4.537292e-06 2.016070e+00 
4.540036e-06 2.080557e+00 
4.542094e-06 2.134781e+00 
4.546725e-06 2.276587e+00 
4.549661e-06 2.381998e+00 
4.554535e-06 2.587142e+00 
4.558191e-06 2.769138e+00 
4.559409e-06 2.835816e+00 
4.564103e-06 3.124354e+00 
4.568916e-06 3.479938e+00 
4.572452e-06 3.786660e+00 
4.579797e-06 4.572742e+00 
4.584858e-06 5.255585e+00 
4.589396e-06 5.985132e+00 
4.605776e-06 9.798281e+00 
4.616437e-06 1.352581e+01 
4.623695e-06 1.672290e+01 
4.627090e-06 1.841072e+01 
4.633092e-06 2.169426e+01 
4.637049e-06 2.406249e+01 
4.646036e-06 2.999250e+01 
4.649804e-06 3.267760e+01 
4.655097e-06 3.660677e+01 
4.659828e-06 4.023341e+01 
4.664577e-06 4.393746e+01 
4.669191e-06 4.755219e+01 
4.673945e-06 5.123981e+01 
4.679114e-06 5.514635e+01 
4.685457e-06 5.969239e+01 
4.690366e-06 6.294862e+01 
4.692637e-06 6.436149e+01 
4.698133e-06 6.749497e+01 
4.702585e-06 6.970531e+01 
4.714011e-06 7.384749e+01 
4.718820e-06 7.488237e+01 
4.727524e-06 7.565558e+01 
4.731325e-06 7.555595e+01 
4.735091e-06 7.520522e+01 
4.740432e-06 7.429865e+01 
4.745053e-06 7.315407e+01 
4.751118e-06 7.119659e+01 
4.756966e-06 6.888478e+01 
4.764453e-06 6.543522e+01 
4.769990e-06 6.261500e+01 
4.778368e-06 5.806608e+01 
4.781161e-06 5.650462e+01 
4.792255e-06 5.025782e+01 
4.795419e-06 4.849775e+01 
4.807963e-06 4.180839e+01 
4.842064e-06 2.743169e+01 
4.851193e-06 2.462980e+01 
4.863656e-06 2.142429e+01 
4.872415e-06 1.953697e+01 
4.883204e-06 1.755082e+01 
4.895285e-06 1.567929e+01 
4.904377e-06 1.446176e+01 
4.919559e-06 1.270404e+01 
4.942374e-06 1.053441e+01 
4.964618e-06 8.836097e+00 
4.978354e-06 7.972578e+00 
4.990328e-06 7.332191e+00 
5.001744e-06 6.815365e+00 
5.009233e-06 6.522765e+00 
5.015738e-06 6.295839e+00 
5.026433e-06 5.971103e+00 
5.031869e-06 5.825772e+00 
5.046979e-06 5.474569e+00 
5.063648e-06 5.148014e+00 
5.074646e-06 4.958119e+00 
5.081658e-06 4.849762e+00 
5.088670e-06 4.755634e+00 
5.093889e-06 4.698193e+00 
5.101717e-06 4.639586e+00 
5.107588e-06 4.623901e+00 
5.111833e-06 4.631387e+00 
5.127852e-06 4.846640e+00 
5.131427e-06 4.943871e+00 
5.135002e-06 5.062011e+00 
5.147491e-06 5.654841e+00 
5.149071e-06 5.751023e+00 
5.160130e-06 6.563291e+00 
5.164980e-06 6.995896e+00 
5.188779e-06 9.702085e+00 
5.196539e-06 1.073201e+01 
5.204645e-06 1.183471e+01 
5.212815e-06 1.293473e+01 
5.219114e-06 1.374882e+01 
5.226195e-06 1.460278e+01 
5.232503e-06 1.528905e+01 
5.237891e-06 1.580707e+01 
5.249113e-06 1.664706e+01 
5.254171e-06 1.690851e+01 
5.258999e-06 1.708599e+01 
5.265979e-06 1.721601e+01 
5.270012e-06 1.722325e+01 
5.273541e-06 1.718961e+01 
5.279717e-06 1.704418e+01 
5.284349e-06 1.686658e+01 
5.287823e-06 1.669741e+01 
5.295640e-06 1.621484e+01 
5.298245e-06 1.602582e+01 
5.308408e-06 1.517859e+01 
5.311795e-06 1.486444e+01 
5.323948e-06 1.365410e+01 
5.336799e-06 1.231729e+01 
5.365950e-06 9.582594e+00 
5.371513e-06 9.160353e+00 
5.388204e-06 8.151982e+00 
5.401320e-06 7.651054e+00 
5.405709e-06 7.541385e+00 
5.415842e-06 7.395296e+00 
5.420467e-06 7.375931e+00 
5.426612e-06 7.392694e+00 
5.433299e-06 7.461382e+00 
5.436196e-06 7.505915e+00 
5.443016e-06 7.641620e+00 
5.452987e-06 7.903429e+00 
5.481715e-06 8.831352e+00 
5.495067e-06 9.210905e+00 
5.498655e-06 9.296207e+00 
5.509475e-06 9.499320e+00 
5.513302e-06 9.550104e+00 
5.519791e-06 9.609994e+00 
5.524397e-06 9.632577e+00 
5.530848e-06 9.637365e+00 
5.536331e-06 9.618383e+00 
5.547356e-06 9.524897e+00 
5.562472e-06 9.310801e+00 
5.592888e-06 8.809703e+00 
5.605366e-06 8.650044e+00 
5.620429e-06 8.520386e+00 
5.635493e-06 8.457825e+00 
5.654184e-06 8.449867e+00 
5.710000e-06 8.550956e+00 
5.742363e-06 8.569589e+00 
5.799889e-06 8.543623e+00 
5.852016e-06 8.463211e+00 
5.916242e-06 8.334037e+00 
5.945328e-06 8.318098e+00 
5.985768e-06 8.352796e+00 
6.042274e-06 8.414022e+00 
6.090663e-06 8.412242e+00 
6.165950e-06 8.372548e+00 
6.365959e-06 8.330623e+00 
6.668568e-06 8.327534e+00 
6.972870e-06 8.397786e+00 
7.313486e-06 8.531768e+00 
7.777721e-06 8.789826e+00 
9.120108e-06 9.658032e+00 
9.660509e-06 9.939853e+00 
1.023293e-05 1.012120e+01 
1.062689e-05 1.015766e+01 
1.086516e-05 1.014120e+01 
1.108042e-05 1.008648e+01 
1.135011e-05 9.989615e+00 
1.158719e-05 9.869762e+00 
1.188986e-05 9.661254e+00 
1.215000e-05 9.436185e+00 
1.240453e-05 9.184981e+00 
1.264393e-05 8.924523e+00 
1.283232e-05 8.838075e+00 
1.304050e-05 9.158418e+00 
1.323960e-05 9.672992e+00 
1.350316e-05 1.050669e+01 
1.382372e-05 1.175691e+01 
1.400346e-05 1.259960e+01 
1.425075e-05 1.396581e+01 
1.447505e-05 1.542507e+01 
1.460186e-05 1.636882e+01 
1.480303e-05 1.807303e+01 
1.506359e-05 2.066906e+01 
1.531189e-05 2.364065e+01 
1.553192e-05 2.679229e+01 
1.575687e-05 3.063807e+01 
1.598182e-05 3.525294e+01 
1.618225e-05 4.016982e+01 
1.638400e-05 4.607393e+01 
1.657667e-05 5.281616e+01 
1.673444e-05 5.934886e+01 
1.684579e-05 6.463322e+01 
1.694572e-05 6.993192e+01 
1.708048e-05 7.804847e+01 
1.719617e-05 8.605935e+01 
1.732848e-05 9.664644e+01 
1.739756e-05 1.028925e+02 
1.749344e-05 1.125278e+02 
1.760776e-05 1.257423e+02 
1.766759e-05 1.335393e+02 
1.774659e-05 1.449233e+02 
1.782066e-05 1.568863e+02 
1.792671e-05 1.765978e+02 
1.801622e-05 1.961066e+02 
1.807343e-05 2.102467e+02 
1.817735e-05 2.400324e+02 
1.822449e-05 2.556352e+02 
1.831288e-05 2.892930e+02 
1.839023e-05 3.246297e+02 
1.845790e-05 3.614460e+02 
1.851712e-05 3.995530e+02 
1.856893e-05 4.387426e+02 
1.861427e-05 4.787421e+02 
1.866331e-05 5.295941e+02 
1.871902e-05 5.994701e+02 
1.877217e-05 6.811556e+02 
1.881203e-05 7.538866e+02 
1.886435e-05 8.661799e+02 
1.898007e-05 1.184608e+03 
1.902482e-05 1.329352e+03 
1.907142e-05 1.487209e+03 
1.911801e-05 1.647292e+03 
1.916461e-05 1.805635e+03 
1.921121e-05 1.962051e+03 
1.928111e-05 2.210876e+03 
1.930440e-05 2.307038e+03 
1.933935e-05 2.477103e+03 
1.935100e-05 2.543300e+03 
1.939760e-05 2.876731e+03 
1.941444e-05 3.031944e+03 
1.944420e-05 3.364646e+03 
1.946022e-05 3.579802e+03 
1.947551e-05 3.812012e+03 
1.950016e-05 4.247818e+03 
1.951552e-05 4.561393e+03 
1.954454e-05 5.250438e+03 
1.957903e-05 6.248936e+03 
1.964631e-05 8.802432e+03 
1.966805e-05 9.799849e+03 
1.969966e-05 1.138845e+04 
1.971320e-05 1.211495e+04 
1.976136e-05 1.487409e+04 
1.977688e-05 1.580551e+04 
1.981007e-05 1.782645e+04 
1.982847e-05 1.894407e+04 
1.985041e-05 2.025488e+04 
1.986848e-05 2.130173e+04 
1.989317e-05 2.266060e+04 
1.991486e-05 2.376592e+04 
1.993575e-05 2.473156e+04 
1.995399e-05 2.548370e+04 
1.998221e-05 2.645498e+04 
2.000425e-05 2.703454e+04 
2.002743e-05 2.746178e+04 
2.005156e-05 2.769871e+04 
2.006684e-05 2.773712e+04 
2.008830e-05 2.764500e+04 
2.011222e-05 2.734510e+04 
2.014663e-05 2.656810e+04 
2.016585e-05 2.597041e+04 
2.017881e-05 2.550733e+04 
2.019780e-05 2.474988e+04 
2.021623e-05 2.393367e+04 
2.023993e-05 2.278566e+04 
2.026100e-05 2.169036e+04 
2.028132e-05 2.058446e+04 
2.031217e-05 1.884646e+04 
2.033625e-05 1.746961e+04 
2.036334e-05 1.592942e+04 
2.038441e-05 1.475506e+04 
2.043257e-05 1.220964e+04 
2.046492e-05 1.064593e+04 
2.048073e-05 9.932413e+03 
2.051685e-05 8.433786e+03 
2.055908e-05 6.920318e+03 
2.065920e-05 4.298068e+03 
2.069506e-05 3.641685e+03 
2.072926e-05 3.127220e+03 
2.076131e-05 2.728649e+03 
2.079136e-05 2.416974e+03 
2.081954e-05 2.170562e+03 
2.084595e-05 1.973409e+03 
2.087071e-05 1.813713e+03 
2.091714e-05 1.567308e+03 
2.095777e-05 1.395941e+03 
2.101358e-05 1.209374e+03 
2.107885e-05 1.041630e+03 
2.111968e-05 9.564113e+02 
2.118091e-05 8.492096e+02 
2.124215e-05 7.607614e+02 
2.129444e-05 6.965587e+02 
2.134672e-05 6.406180e+02 
2.142436e-05 5.696586e+02 
2.150358e-05 5.089466e+02 
2.156503e-05 4.682555e+02 
2.166043e-05 4.138269e+02 
2.176500e-05 3.637399e+02 
2.187762e-05 3.182841e+02 
2.213099e-05 2.376717e+02 
2.237358e-05 1.765909e+02 
2.253905e-05 1.416487e+02 
2.259830e-05 1.312501e+02 
2.265365e-05 1.229539e+02 
2.270900e-05 1.162358e+02 
2.273667e-05 1.135056e+02 
2.277819e-05 1.101982e+02 
2.281970e-05 1.077914e+02 
2.284737e-05 1.066392e+02 
2.287505e-05 1.058003e+02 
2.293040e-05 1.048491e+02 
2.307360e-05 1.038363e+02 
2.313210e-05 1.028237e+02 
2.318736e-05 1.012804e+02 
2.331917e-05 9.647935e+01 
2.338388e-05 9.470916e+01 
2.343895e-05 9.407061e+01 
2.348748e-05 9.429036e+01 
2.354066e-05 9.531192e+01 
2.360992e-05 9.746888e+01 
2.366691e-05 9.941913e+01 
2.373498e-05 1.012342e+02 
2.375214e-05 1.015259e+02 
2.379287e-05 1.018732e+02 
2.384252e-05 1.015803e+02 
2.389291e-05 1.004774e+02 
2.392506e-05 9.939128e+01 
2.397510e-05 9.722490e+01 
2.405637e-05 9.293771e+01 
2.420866e-05 8.476478e+01 
2.430979e-05 8.032887e+01 
2.446064e-05 7.499343e+01 
2.457600e-05 7.118870e+01 
2.469191e-05 6.717234e+01 
2.478560e-05 6.376063e+01 
2.491311e-05 5.902789e+01 
2.508493e-05 5.280548e+01 
2.523154e-05 4.776531e+01 
2.533945e-05 4.419674e+01 
2.540230e-05 4.216272e+01 
2.547915e-05 3.971713e+01 
2.556584e-05 3.702182e+01 
2.574429e-05 3.184090e+01 
2.582195e-05 2.988839e+01 
2.588009e-05 2.864200e+01 
2.592940e-05 2.778556e+01 
2.597669e-05 2.718694e+01 
2.602923e-05 2.683981e+01 
2.606814e-05 2.684160e+01 
2.610586e-05 2.708845e+01 
2.614336e-05 2.760482e+01 
2.617424e-05 2.825620e+01 
2.620867e-05 2.924779e+01 
2.624334e-05 3.055735e+01 
2.629038e-05 3.288982e+01 
2.632876e-05 3.532401e+01 
2.635153e-05 3.701805e+01 
2.638069e-05 3.948528e+01 
2.640893e-05 4.222377e+01 
2.645709e-05 4.778820e+01 
2.648847e-05 5.210637e+01 
2.653871e-05 6.038077e+01 
2.658340e-05 6.943833e+01 
2.662721e-05 8.026009e+01 
2.666829e-05 9.258881e+01 
2.671515e-05 1.099410e+02 
2.674290e-05 1.222643e+02 
2.677674e-05 1.398433e+02 
2.680847e-05 1.593724e+02 
2.683822e-05 1.809061e+02 
2.686611e-05 2.044611e+02 
2.689225e-05 2.300130e+02 
2.691676e-05 2.574960e+02 
2.694880e-05 2.994049e+02 
2.700042e-05 3.841678e+02 
2.706698e-05 5.337826e+02 
2.717290e-05 9.017951e+02 
2.722174e-05 1.141626e+03 
2.727092e-05 1.437315e+03 
2.730889e-05 1.706481e+03 
2.735159e-05 2.054312e+03 
2.738516e-05 2.362361e+03 
2.741874e-05 2.700687e+03 
2.749010e-05 3.514541e+03 
2.749797e-05 3.611502e+03 
2.755725e-05 4.379163e+03 
2.757890e-05 4.672441e+03 
2.762021e-05 5.243551e+03 
2.765432e-05 5.718469e+03 
2.768737e-05 6.173761e+03 
2.772147e-05 6.629995e+03 
2.775453e-05 7.050819e+03 
2.778391e-05 7.400626e+03 
2.781106e-05 7.698610e+03 
2.782588e-05 7.849504e+03 
2.786523e-05 8.204278e+03 
2.789784e-05 8.442101e+03 
2.793227e-05 8.632361e+03 
2.796545e-05 8.752709e+03 
2.798765e-05 8.797574e+03 
2.802094e-05 8.810584e+03 
2.804362e-05 8.782372e+03 
2.809354e-05 8.617787e+03 
2.812172e-05 8.466045e+03 
2.815812e-05 8.213042e+03 
2.819339e-05 7.913303e+03 
2.822722e-05 7.583120e+03 
2.825546e-05 7.280915e+03 
2.829179e-05 6.865012e+03 
2.832536e-05 6.461134e+03 
2.835894e-05 6.046510e+03 
2.839672e-05 5.576158e+03 
2.842610e-05 5.213202e+03 
2.850165e-05 4.318824e+03 
2.856041e-05 3.685645e+03 
2.862757e-05 3.048585e+03 
2.874314e-05 2.185703e+03 
2.877749e-05 1.983795e+03 
2.881185e-05 1.804573e+03 
2.884621e-05 1.646296e+03 
2.888057e-05 1.507102e+03 
2.891493e-05 1.385087e+03 
2.897160e-05 1.216397e+03 
2.901801e-05 1.103707e+03 
2.908673e-05 9.701085e+02 
2.915544e-05 8.669017e+02 
2.922416e-05 7.858342e+02 
2.930147e-05 7.135831e+02 
2.939140e-05 6.472187e+02 
2.947852e-05 5.955585e+02 
2.956292e-05 5.539665e+02 
2.968428e-05 5.046562e+02 
2.981349e-05 4.619726e+02 
2.997054e-05 4.197058e+02 
3.013830e-05 3.827823e+02 
3.032371e-05 3.488117e+02 
3.059772e-05 3.070113e+02 
3.084040e-05 2.753545e+02 
3.099222e-05 2.578902e+02 
3.114404e-05 2.427205e+02 
3.121995e-05 2.361663e+02 
3.134324e-05 2.271338e+02 
3.145668e-05 2.206153e+02 
3.153165e-05 2.172263e+02 
3.162602e-05 2.139671e+02 
3.176221e-05 2.112056e+02 
3.184058e-05 2.106418e+02 
3.194097e-05 2.109401e+02 
3.209251e-05 2.130443e+02 
3.229807e-05 2.166109e+02 
3.243756e-05 2.176800e+02 
3.253644e-05 2.173944e+02 
3.269521e-05 2.154303e+02 
3.305816e-05 2.091009e+02 
3.333584e-05 2.058968e+02 
3.386097e-05 2.015961e+02 
3.508060e-05 1.888426e+02 
3.902420e-05 1.581307e+02 
4.094944e-05 1.452050e+02 
4.241310e-05 1.357162e+02 
4.400058e-05 1.254251e+02 
4.573341e-05 1.136105e+02 
4.632515e-05 1.089491e+02 
4.680066e-05 1.051615e+02 
4.705967e-05 1.036658e+02 
4.726144e-05 1.030696e+02 
4.748910e-05 1.030634e+02 
4.795260e-05 1.040626e+02 
4.806779e-05 1.041338e+02 
4.821172e-05 1.039507e+02 
4.839295e-05 1.032379e+02 
4.864872e-05 1.014552e+02 
4.912641e-05 9.735667e+01 
4.951517e-05 9.463517e+01 
5.076279e-05 8.762476e+01 
5.155520e-05 8.297728e+01 
5.285785e-05 7.513631e+01 
5.437738e-05 6.598020e+01 
5.593481e-05 5.664133e+01 
5.751806e-05 4.725940e+01 
5.861268e-05 4.090029e+01 
5.985272e-05 3.386584e+01 
6.103403e-05 2.750040e+01 
6.190436e-05 2.481943e+01 
6.291901e-05 2.747193e+01 
6.395327e-05 3.286323e+01 
6.473788e-05 3.773678e+01 
6.574876e-05 4.512939e+01 
6.655490e-05 5.206735e+01 
6.731704e-05 5.963839e+01 
6.804612e-05 6.795662e+01 
6.859108e-05 7.500062e+01 
6.930766e-05 8.549418e+01 
7.012588e-05 9.938841e+01 
7.079458e-05 1.125707e+02 
7.152124e-05 1.291422e+02 
7.224351e-05 1.483716e+02 
7.297821e-05 1.712946e+02 
7.372800e-05 1.988787e+02 
7.430385e-05 2.235922e+02 
7.500000e-05 2.584827e+02 
7.565582e-05 2.974143e+02 
7.612395e-05 3.295762e+02 
7.654126e-05 3.618820e+02 
7.714785e-05 4.160561e+02 
7.762471e-05 4.658382e+02 
7.811553e-05 5.251989e+02 
7.857610e-05 5.899857e+02 
7.900789e-05 6.603408e+02 
7.951888e-05 7.581781e+02 
7.991533e-05 8.473738e+02 
8.024875e-05 9.334033e+02 
8.048152e-05 1.000522e+03 
8.079422e-05 1.101397e+03 
8.108737e-05 1.208986e+03 
8.136221e-05 1.323363e+03 
8.168574e-05 1.478009e+03 
8.198794e-05 1.646114e+03 
8.230017e-05 1.849514e+03 
8.253300e-05 2.025349e+03 
8.268580e-05 2.154145e+03 
8.286073e-05 2.316784e+03 
8.302473e-05 2.486199e+03 
8.320129e-05 2.690004e+03 
8.346676e-05 3.047368e+03 
8.371900e-05 3.459598e+03 
8.393971e-05 3.897861e+03 
8.413284e-05 4.360541e+03 
8.430182e-05 4.845077e+03 
8.444968e-05 5.347619e+03 
8.457906e-05 5.862977e+03 
8.469226e-05 6.384882e+03 
8.479132e-05 6.906484e+03 
8.496582e-05 8.005764e+03 
8.509467e-05 8.998425e+03 
8.519218e-05 9.873528e+03 
8.533844e-05 1.142370e+04 
8.548470e-05 1.331085e+04 
8.558991e-05 1.491178e+04 
8.580032e-05 1.883128e+04 
8.615625e-05 2.807937e+04 
8.632634e-05 3.382187e+04 
8.645545e-05 3.877510e+04 
8.657868e-05 4.396704e+04 
8.670192e-05 4.957818e+04 
8.691428e-05 6.005987e+04 
8.694082e-05 6.142588e+04 
8.712664e-05 7.117787e+04 
8.719964e-05 7.503940e+04 
8.733900e-05 8.231101e+04 
8.742169e-05 8.648915e+04 
8.751017e-05 9.077963e+04 
8.760953e-05 9.530235e+04 
8.769251e-05 9.878179e+04 
8.779921e-05 1.027764e+05 
8.789126e-05 1.057241e+05 
8.800130e-05 1.085641e+05 
8.814606e-05 1.110502e+05 
8.825409e-05 1.119151e+05 
8.838521e-05 1.117875e+05 
8.848390e-05 1.108391e+05 
8.858077e-05 1.092141e+05 
8.867211e-05 1.070796e+05 
8.871410e-05 1.059120e+05 
8.886081e-05 1.009861e+05 
8.895021e-05 9.740576e+04 
8.901226e-05 9.469878e+04 
8.911781e-05 8.973828e+04 
8.919862e-05 8.569125e+04 
8.928936e-05 8.095213e+04 
8.936516e-05 7.688136e+04 
8.946260e-05 7.155998e+04 
8.956878e-05 6.573061e+04 
8.967496e-05 5.995536e+04 
8.979441e-05 5.362105e+04 
8.988732e-05 4.887264e+04 
9.009968e-05 3.880505e+04 
9.017268e-05 3.563840e+04 
9.024236e-05 3.276854e+04 
9.036513e-05 2.808701e+04 
9.048459e-05 2.399703e+04 
9.060007e-05 2.047449e+04 
9.072105e-05 1.722381e+04 
9.085825e-05 1.405203e+04 
9.099545e-05 1.138595e+04 
9.116351e-05 8.740892e+03 
9.137960e-05 6.217160e+03 
9.148936e-05 5.266709e+03 
9.186990e-05 3.452165e+03 
9.195463e-05 3.336531e+03 
9.198442e-05 3.320077e+03 
9.205273e-05 3.330022e+03 
9.211488e-05 3.397168e+03 
9.214239e-05 3.444766e+03 
9.217835e-05 3.523695e+03 
9.221108e-05 3.612140e+03 
9.225766e-05 3.765710e+03 
9.230302e-05 3.946923e+03 
9.235978e-05 4.218660e+03 
9.241475e-05 4.530536e+03 
9.248375e-05 4.991526e+03 
9.256921e-05 5.673096e+03 
9.298533e-05 1.086680e+04 
9.300207e-05 1.114366e+04 
9.322986e-05 1.543303e+04 
9.327079e-05 1.630405e+04 
9.347189e-05 2.098693e+04 
9.354530e-05 2.284585e+04 
9.369959e-05 2.695810e+04 
9.380085e-05 2.976851e+04 
9.387988e-05 3.199754e+04 
9.394039e-05 3.371317e+04 
9.402686e-05 3.616031e+04 
9.411719e-05 3.868535e+04 
9.423184e-05 4.179651e+04 
9.433537e-05 4.446747e+04 
9.443146e-05 4.678772e+04 
9.455695e-05 4.952808e+04 
9.466374e-05 5.155321e+04 
9.477082e-05 5.326008e+04 
9.486927e-05 5.451678e+04 
9.492991e-05 5.513336e+04 
9.504558e-05 5.596393e+04 
9.513751e-05 5.629466e+04 
9.520578e-05 5.635093e+04 
9.535403e-05 5.592761e+04 
9.546561e-05 5.513691e+04 
9.553241e-05 5.448168e+04 
9.565142e-05 5.300433e+04 
9.575828e-05 5.137329e+04 
9.585874e-05 4.961385e+04 
9.595561e-05 4.774319e+04 
9.610206e-05 4.466373e+04 
9.620693e-05 4.232732e+04 
9.634372e-05 3.918851e+04 
9.642579e-05 3.728674e+04 
9.664673e-05 3.223709e+04 
9.669276e-05 3.121542e+04 
9.701907e-05 2.449269e+04 
9.728219e-05 1.991467e+04 
9.754757e-05 1.614050e+04 
9.769762e-05 1.436769e+04 
9.784767e-05 1.283403e+04 
9.802057e-05 1.133359e+04 
9.814424e-05 1.041564e+04 
9.832083e-05 9.298350e+03 
9.847255e-05 8.493661e+03 
9.855751e-05 8.096652e+03 
9.874082e-05 7.351015e+03 
9.888007e-05 6.870370e+03 
9.904611e-05 6.376040e+03 
9.928990e-05 5.773776e+03 
9.953368e-05 5.284123e+03 
9.980249e-05 4.841687e+03 
1.000481e-04 4.505668e+03 
1.002943e-04 4.220010e+03 
1.005474e-04 3.968901e+03 
1.007625e-04 3.782952e+03 
1.010059e-04 3.597041e+03 
1.012426e-04 3.436384e+03 
1.015420e-04 3.255406e+03 
1.022336e-04 2.903909e+03 
1.028051e-04 2.663054e+03 
1.031686e-04 2.529197e+03 
1.034760e-04 2.426957e+03 
1.038287e-04 2.321304e+03 
1.043464e-04 2.186593e+03 
1.049838e-04 2.048714e+03 
1.056542e-04 1.930110e+03 
1.064528e-04 1.816185e+03 
1.073000e-04 1.720593e+03 
1.082500e-04 1.636921e+03 
1.090500e-04 1.581080e+03 
1.098000e-04 1.537939e+03 
1.105000e-04 1.503954e+03 
1.113750e-04 1.468116e+03 
1.122913e-04 1.436384e+03 
1.144014e-04 1.376021e+03 
1.217593e-04 1.206482e+03 
1.236369e-04 1.169933e+03 
1.293461e-04 1.076055e+03 
1.321428e-04 1.036783e+03 
1.360042e-04 9.886093e+02 
1.491432e-04 8.563487e+02 
1.679757e-04 7.164310e+02 
1.731863e-04 6.832020e+02 
1.778045e-04 6.536963e+02 
1.814471e-04 6.297210e+02 
1.852981e-04 5.993354e+02 
1.864745e-04 5.931673e+02 
1.878836e-04 5.905676e+02 
1.913606e-04 5.919477e+02 
1.919697e-04 5.914630e+02 
1.977950e-04 5.797910e+02 
2.033049e-04 5.653871e+02 
2.089785e-04 5.490386e+02 
2.150972e-04 5.303557e+02 
2.216282e-04 5.090653e+02 
2.244295e-04 4.980560e+02 
2.282161e-04 4.819114e+02 
2.294259e-04 4.793584e+02 
2.310500e-04 4.798781e+02 
2.333632e-04 4.837123e+02 
2.349707e-04 4.834908e+02 
2.376520e-04 4.777495e+02 
2.435212e-04 4.655593e+02 
2.581610e-04 4.360613e+02 
2.673269e-04 4.152287e+02 
2.757539e-04 3.952315e+02 
2.850156e-04 3.710611e+02 
2.890239e-04 3.602963e+02 
2.923846e-04 3.538676e+02 
2.949120e-04 3.500461e+02 
2.993462e-04 3.416501e+02 
3.034988e-04 3.320145e+02 
3.148654e-04 3.033512e+02 
3.244788e-04 2.761481e+02 
3.311311e-04 2.541706e+02 
3.351188e-04 2.383097e+02 
3.376372e-04 2.287475e+02 
3.392559e-04 2.242474e+02 
3.404314e-04 2.221129e+02 
3.425813e-04 2.201170e+02 
3.444612e-04 2.187161e+02 
3.463082e-04 2.161716e+02 
3.506973e-04 2.078137e+02 
3.536243e-04 2.036696e+02 
3.545382e-04 2.021115e+02 
3.558463e-04 1.992302e+02 
3.570801e-04 1.957104e+02 
3.586097e-04 1.904158e+02 
3.611109e-04 1.805901e+02 
3.668253e-04 1.582718e+02 
3.693750e-04 1.487164e+02 
3.714375e-04 1.410621e+02 
3.754000e-04 1.267122e+02 
3.805171e-04 1.101032e+02 
3.824375e-04 1.047803e+02 
3.836412e-04 1.017651e+02 
3.854857e-04 9.768404e+01 
3.869987e-04 9.486944e+01 
3.892472e-04 9.165361e+01 
3.914990e-04 8.966953e+01 
3.942092e-04 8.899120e+01 
3.974987e-04 9.070167e+01 
4.000502e-04 9.393589e+01 
4.033344e-04 1.004922e+02 
4.061884e-04 1.082947e+02 
4.072479e-04 1.116751e+02 
4.108736e-04 1.251608e+02 
4.128981e-04 1.339563e+02 
4.182500e-04 1.613957e+02 
4.242836e-04 1.986524e+02 
4.290346e-04 2.318752e+02 
4.335000e-04 2.654992e+02 
4.350000e-04 2.772078e+02 
4.392852e-04 3.115890e+02 
4.430000e-04 3.423029e+02 
4.470000e-04 3.761440e+02 
4.500000e-04 4.019763e+02 
4.555000e-04 4.500560e+02 
4.609977e-04 4.986351e+02 
4.667852e-04 5.498234e+02 
4.745151e-04 6.172363e+02 
4.817611e-04 6.785123e+02 
4.902671e-04 7.474406e+02 
5.011872e-04 8.315422e+02 
5.132585e-04 9.190226e+02 
5.242880e-04 9.940387e+02 
5.375485e-04 1.077081e+03 
5.500000e-04 1.147498e+03 
5.623600e-04 1.210722e+03 
5.799288e-04 1.289151e+03 
5.965503e-04 1.349719e+03 
6.109585e-04 1.389813e+03 
6.204930e-04 1.408327e+03 
6.287972e-04 1.416089e+03 
6.354469e-04 1.414149e+03 
6.401506e-04 1.405978e+03 
6.468670e-04 1.385259e+03 
6.493540e-04 1.382394e+03 
6.508863e-04 1.386192e+03 
6.517822e-04 1.391448e+03 
6.550867e-04 1.438763e+03 
6.565515e-04 1.477364e+03 
6.582433e-04 1.536955e+03 
6.600881e-04 1.619014e+03 
6.642032e-04 1.838354e+03 
6.661737e-04 1.938493e+03 
6.668871e-04 1.970514e+03 
6.683439e-04 2.025984e+03 
6.700000e-04 2.069801e+03 
6.716136e-04 2.091002e+03 
6.724185e-04 2.093764e+03 
6.734646e-04 2.090179e+03 
6.751999e-04 2.068901e+03 
6.770760e-04 2.030210e+03 
6.808110e-04 1.934536e+03 
6.839116e-04 1.864559e+03 
6.848966e-04 1.847172e+03 
6.885223e-04 1.809000e+03 
6.907832e-04 1.807965e+03 
6.924161e-04 1.818949e+03 
6.939381e-04 1.838282e+03 
6.955835e-04 1.868868e+03 
6.975792e-04 1.918163e+03 
7.039148e-04 2.115888e+03 
7.055704e-04 2.161060e+03 
7.079598e-04 2.209695e+03 
7.098999e-04 2.232085e+03 
7.113617e-04 2.238853e+03 
7.129729e-04 2.237495e+03 
7.157573e-04 2.219351e+03 
7.226057e-04 2.154958e+03 
7.245688e-04 2.142908e+03 
7.297697e-04 2.130170e+03 
7.438138e-04 2.155139e+03 
7.846449e-04 2.262975e+03 
8.149667e-04 2.335319e+03 
8.480195e-04 2.396851e+03 
8.777591e-04 2.434501e+03 
9.066858e-04 2.453456e+03 
9.326329e-04 2.445601e+03 
9.378460e-04 2.450497e+03 
9.429859e-04 2.465060e+03 
9.618891e-04 2.555700e+03 
9.761824e-04 2.615440e+03 
9.896564e-04 2.659365e+03 
1.014814e-03 2.714310e+03 
1.045191e-03 2.759750e+03 
1.085121e-03 2.802460e+03 
1.164101e-03 2.854957e+03 
1.193533e-03 2.885553e+03 
1.230269e-03 2.909328e+03 
1.269821e-03 2.920317e+03 
1.292113e-03 2.921606e+03 
1.307805e-03 2.927638e+03 
1.344245e-03 2.958057e+03 
1.385161e-03 2.974598e+03 
1.445440e-03 2.983817e+03 
1.520110e-03 2.984549e+03 
1.594043e-03 2.977873e+03 
1.680979e-03 2.957077e+03 
1.781092e-03 2.923256e+03 
1.875535e-03 2.885516e+03 
2.001838e-03 2.825147e+03 
2.118331e-03 2.761020e+03 
2.238994e-03 2.689050e+03 
2.364808e-03 2.605223e+03 
2.489593e-03 2.511323e+03 
2.600489e-03 2.421214e+03 
2.706099e-03 2.327748e+03 
2.792644e-03 2.241108e+03 
2.880554e-03 2.143970e+03 
2.954386e-03 2.052847e+03 
3.019432e-03 1.962335e+03 
3.076983e-03 1.870830e+03 
3.123831e-03 1.784352e+03 
3.162663e-03 1.699731e+03 
3.197107e-03 1.609859e+03 
3.222928e-03 1.531807e+03 
3.249293e-03 1.448898e+03 
3.265558e-03 1.406703e+03 
3.273625e-03 1.391948e+03 
3.281692e-03 1.382743e+03 
3.289710e-03 1.379682e+03 
3.296078e-03 1.381562e+03 
3.302274e-03 1.386714e+03 
3.313765e-03 1.402883e+03 
3.337820e-03 1.444974e+03 
3.356346e-03 1.469056e+03 
3.386161e-03 1.501490e+03 
3.394061e-03 1.513582e+03 
3.409247e-03 1.544564e+03 
3.420175e-03 1.574074e+03 
3.434789e-03 1.623866e+03 
3.451818e-03 1.696414e+03 
3.475979e-03 1.814787e+03 
3.485487e-03 1.860071e+03 
3.493687e-03 1.896098e+03 
3.502100e-03 1.929286e+03 
3.510513e-03 1.958461e+03 
3.530903e-03 2.016093e+03 
3.576665e-03 2.134415e+03 
3.608363e-03 2.221148e+03 
3.631320e-03 2.276011e+03 
3.658974e-03 2.330023e+03 
3.690058e-03 2.377761e+03 
3.723704e-03 2.417999e+03 
3.763407e-03 2.453681e+03 
3.802745e-03 2.478271e+03 
3.845918e-03 2.493929e+03 
3.884983e-03 2.497068e+03 
3.921191e-03 2.489051e+03 
3.982702e-03 2.463206e+03 
3.998316e-03 2.463563e+03 
4.015300e-03 2.472402e+03 
4.027774e-03 2.485370e+03 
4.052567e-03 2.526128e+03 
4.106587e-03 2.641621e+03 
4.127256e-03 2.679339e+03 
4.150000e-03 2.712913e+03 
4.182863e-03 2.749202e+03 
4.221718e-03 2.779973e+03 
4.264708e-03 2.804831e+03 
4.321768e-03 2.828329e+03 
4.376623e-03 2.843222e+03 
4.450693e-03 2.853903e+03 
4.514425e-03 2.855933e+03 
4.584469e-03 2.851643e+03 
4.647910e-03 2.841342e+03 
4.737228e-03 2.812619e+03 
4.800097e-03 2.793766e+03 
4.840986e-03 2.796225e+03 
4.952389e-03 2.831403e+03 
4.991990e-03 2.834576e+03 
5.141140e-03 2.818617e+03 
5.227737e-03 2.838127e+03 
5.301995e-03 2.854003e+03 
5.432503e-03 2.855869e+03 
5.613039e-03 2.839722e+03 
5.831251e-03 2.807908e+03 
6.104147e-03 2.756115e+03 
6.440302e-03 2.684199e+03 
6.942933e-03 2.567511e+03 
7.413102e-03 2.454848e+03 
7.920452e-03 2.333195e+03 
8.536681e-03 2.192133e+03 
9.203089e-03 2.047897e+03 
1.001440e-02 1.883568e+03 
1.087785e-02 1.724775e+03 
1.139921e-02 1.635735e+03 
1.191928e-02 1.551165e+03 
1.244165e-02 1.470347e+03 
1.293823e-02 1.396733e+03 
1.339249e-02 1.331711e+03 
1.379996e-02 1.274398e+03 
1.417750e-02 1.221967e+03 
1.450804e-02 1.175610e+03 
1.478809e-02 1.135731e+03 
1.502686e-02 1.100752e+03 
1.522641e-02 1.070159e+03 
1.540122e-02 1.041628e+03 
1.554992e-02 1.015374e+03 
1.567628e-02 9.906879e+02 
1.577775e-02 9.682350e+02 
1.585822e-02 9.479558e+02 
1.598101e-02 9.120625e+02 
1.613180e-02 8.659726e+02 
1.619161e-02 8.518260e+02 
1.624576e-02 8.433895e+02 
1.630109e-02 8.400396e+02 
1.635329e-02 8.419490e+02 
1.640236e-02 8.477747e+02 
1.649365e-02 8.658133e+02 
1.661047e-02 8.929397e+02 
1.671684e-02 9.133558e+02 
1.678744e-02 9.232439e+02 
1.685288e-02 9.300136e+02 
1.694582e-02 9.365078e+02 
1.705811e-02 9.409106e+02 
1.718277e-02 9.428852e+02 
1.731969e-02 9.426453e+02 
1.749183e-02 9.398248e+02 
1.783122e-02 9.286537e+02 
1.805695e-02 9.182638e+02 
1.825200e-02 9.077810e+02 
1.849520e-02 8.929208e+02 
1.870334e-02 8.784991e+02 
1.886472e-02 8.659037e+02 
1.903604e-02 8.506754e+02 
1.917173e-02 8.366209e+02 
1.936056e-02 8.130372e+02 
1.959322e-02 7.821068e+02 
1.969605e-02 7.728034e+02 
1.979374e-02 7.687532e+02 
1.989183e-02 7.691801e+02 
2.024070e-02 7.808791e+02 
2.046295e-02 7.863032e+02 
2.092282e-02 8.081154e+02 
2.113489e-02 8.129877e+02 
2.145432e-02 8.132873e+02 
2.187022e-02 8.079864e+02 
2.261808e-02 7.915869e+02 
2.348727e-02 7.674970e+02 
2.462152e-02 7.328876e+02 
2.581517e-02 6.960118e+02 
2.778114e-02 6.379842e+02 
3.012616e-02 5.756423e+02 
3.349654e-02 4.993919e+02 
3.651433e-02 4.425398e+02 
3.907812e-02 4.008862e+02 
4.243204e-02 3.537795e+02 
4.765467e-02 2.948262e+02 
5.177417e-02 2.578732e+02 
5.626916e-02 2.243276e+02 
6.379447e-02 1.803743e+02 
7.463950e-02 1.363887e+02 
8.368619e-02 1.106061e+02 
9.062409e-02 9.503283e+01 
9.600680e-02 8.463034e+01 
9.998689e-02 7.753530e+01 
1.029594e-01 7.232226e+01 
1.049570e-01 6.866170e+01 
1.057739e-01 6.704411e+01 
1.064413e-01 6.561219e+01 
1.069908e-01 6.431725e+01 
1.079082e-01 6.186682e+01 
1.090200e-01 5.882223e+01 
1.094584e-01 5.792135e+01 
1.099069e-01 5.735266e+01 
1.104058e-01 5.719679e+01 
1.108520e-01 5.743806e+01 
1.117292e-01 5.848941e+01 
1.126534e-01 5.957029e+01 
1.134038e-01 6.008151e+01 
1.144509e-01 6.030946e+01 
1.159386e-01 6.010354e+01 
1.177941e-01 5.944221e+01 
1.199629e-01 5.838879e+01 
1.232328e-01 5.657697e+01 
1.289188e-01 5.322268e+01 
1.355727e-01 4.934863e+01 
1.448325e-01 4.439679e+01 
1.612229e-01 3.707454e+01 
1.818676e-01 3.004452e+01 
2.147972e-01 2.229736e+01 
2.600160e-01 1.571026e+01 
3.205993e-01 1.062529e+01 
4.134883e-01 6.553010e+00 
5.639622e-01 3.604100e+00 
8.511380e-01 1.617209e+00 
1.286622e+00 7.187462e-01 
2.039158e+00 2.889038e-01 
4.260405e+00 6.657762e-02 
1.286622e+01 7.310436e-03 
3.885536e+01 8.016193e-04 
1.173413e+02 8.789631e-05 
3.543651e+02 9.637643e-06 
1.258925e+03 7.636118e-07 
3.981072e+03 7.636118e-08 
1.258925e+04 7.636118e-09 
3.981072e+04 7.636120e-10 
1.000000e+05 1.210240e-10 
-1           -1           
-2           -2           
