% -----------------------------------------------------------------------
%   Program Name: re-cs-55.dat 
%   Author: the Geant4 Collaboration
%   Organization: the Geant4 Collaboration
%   Version: unknown
%   Date: circa 2006
%   Class: Public
%   Copyright (c) Copyright Holders of the Geant4 Collaboration, 1994-2006.
%   See http://cern.ch/geant4/license for details on the copyright holders.
%   All rights not expressly granted under this license are reserved.
% -----------------------------------------------------------------------
1.000000e-06 7.981547e+00 
1.016251e-06 9.346316e+00 
1.030376e-06 1.076983e+01 
1.043618e-06 1.235346e+01 
1.056033e-06 1.410930e+01 
1.067672e-06 1.604955e+01 
1.078583e-06 1.818658e+01 
1.088812e-06 2.053286e+01 
1.098402e-06 2.310091e+01 
1.107393e-06 2.590328e+01 
1.115822e-06 2.895240e+01 
1.123724e-06 3.226056e+01 
1.131132e-06 3.583979e+01 
1.138077e-06 3.970184e+01 
1.144588e-06 4.385804e+01 
1.150692e-06 4.831928e+01 
1.156415e-06 5.309598e+01 
1.161780e-06 5.819797e+01 
1.166809e-06 6.363455e+01 
1.171525e-06 6.941444e+01 
1.175945e-06 7.554592e+01 
1.180089e-06 8.203698e+01 
1.183975e-06 8.889552e+01 
1.187617e-06 9.612937e+01 
1.191032e-06 1.037461e+02 
1.194233e-06 1.117527e+02 
1.197234e-06 1.201559e+02 
1.200048e-06 1.289629e+02 
1.202686e-06 1.381821e+02 
1.205159e-06 1.478250e+02 
1.209796e-06 1.691915e+02 
1.213853e-06 1.926267e+02 
1.217403e-06 2.183379e+02 
1.220509e-06 2.464493e+02 
1.223227e-06 2.768950e+02 
1.225606e-06 3.093687e+02 
1.227687e-06 3.433501e+02 
1.229507e-06 3.781822e+02 
1.231101e-06 4.131655e+02 
1.232495e-06 4.476387e+02 
1.233715e-06 4.810334e+02 
1.235849e-06 5.473790e+02 
1.242636e-06 8.331363e+02 
1.245311e-06 9.774234e+02 
1.247604e-06 1.112944e+03 
1.248369e-06 1.160017e+03 
1.251426e-06 1.353765e+03 
1.251809e-06 1.378216e+03 
1.254484e-06 1.546790e+03 
1.255535e-06 1.610317e+03 
1.257542e-06 1.723979e+03 
1.258593e-06 1.778216e+03 
1.259596e-06 1.825762e+03 
1.260599e-06 1.868598e+03 
1.261937e-06 1.917445e+03 
1.263227e-06 1.954594e+03 
1.264421e-06 1.979475e+03 
1.265855e-06 1.996418e+03 
1.267097e-06 1.999188e+03 
1.268435e-06 1.989494e+03 
1.269772e-06 1.966625e+03 
1.270322e-06 1.953468e+03 
1.271576e-06 1.915459e+03 
1.272926e-06 1.862721e+03 
1.273894e-06 1.817827e+03 
1.275140e-06 1.752276e+03 
1.276554e-06 1.668561e+03 
1.277035e-06 1.638169e+03 
1.279178e-06 1.493375e+03 
1.280444e-06 1.403065e+03 
1.282003e-06 1.289910e+03 
1.283620e-06 1.173635e+03 
1.285825e-06 1.023514e+03 
1.288118e-06 8.865239e+02 
1.289647e-06 8.107802e+02 
1.290531e-06 7.739416e+02 
1.291457e-06 7.414816e+02 
1.292845e-06 7.056788e+02 
1.293648e-06 6.926140e+02 
1.294375e-06 6.859292e+02 
1.294809e-06 6.843723e+02 
1.296127e-06 6.912841e+02 
1.296743e-06 7.007566e+02 
1.297339e-06 7.138630e+02 
1.300349e-06 8.425680e+02 
1.301065e-06 8.893432e+02 
1.301870e-06 9.495732e+02 
1.303082e-06 1.055989e+03 
1.304497e-06 1.204411e+03 
1.308652e-06 1.793883e+03 
1.310256e-06 2.081813e+03 
1.313666e-06 2.795669e+03 
1.314042e-06 2.882060e+03 
1.316875e-06 3.572375e+03 
1.317909e-06 3.838343e+03 
1.319884e-06 4.358678e+03 
1.321514e-06 4.793138e+03 
1.322303e-06 5.002812e+03 
1.323494e-06 5.315225e+03 
1.324723e-06 5.629659e+03 
1.326302e-06 6.016371e+03 
1.327706e-06 6.337752e+03 
1.329258e-06 6.661804e+03 
1.329712e-06 6.749626e+03 
1.331593e-06 7.074168e+03 
1.333061e-06 7.279601e+03 
1.334742e-06 7.457877e+03 
1.336198e-06 7.560141e+03 
1.337160e-06 7.600369e+03 
1.338644e-06 7.619215e+03 
1.340117e-06 7.586428e+03 
1.342549e-06 7.424160e+03 
1.344077e-06 7.258041e+03 
1.345558e-06 7.054540e+03 
1.347187e-06 6.787911e+03 
1.348767e-06 6.493237e+03 
1.350171e-06 6.206916e+03 
1.351525e-06 5.913884e+03 
1.353581e-06 5.447054e+03 
1.355185e-06 5.072740e+03 
1.356991e-06 4.650052e+03 
1.358395e-06 4.325238e+03 
1.361604e-06 3.614411e+03 
1.362707e-06 3.384479e+03 
1.364813e-06 2.970984e+03 
1.367621e-06 2.477337e+03 
1.371580e-06 1.899353e+03 
1.376406e-06 1.371993e+03 
1.378762e-06 1.176027e+03 
1.381091e-06 1.015626e+03 
1.383384e-06 8.852997e+02 
1.385640e-06 7.794220e+02 
1.387862e-06 6.931768e+02 
1.390049e-06 6.225583e+02 
1.392201e-06 5.643098e+02 
1.394320e-06 5.158314e+02 
1.396406e-06 4.750769e+02 
1.398459e-06 4.404520e+02 
1.402502e-06 3.845523e+02 
1.406418e-06 3.418201e+02 
1.410211e-06 3.080510e+02 
1.413886e-06 2.806566e+02 
1.417447e-06 2.579758e+02 
1.420896e-06 2.388930e+02 
1.424237e-06 2.226260e+02 
1.427474e-06 2.086066e+02 
1.433745e-06 1.853854e+02 
1.439624e-06 1.673473e+02 
1.445136e-06 1.529856e+02 
1.450304e-06 1.413250e+02 
1.455148e-06 1.317036e+02 
1.459690e-06 1.236549e+02 
1.468205e-06 1.106425e+02 
1.475657e-06 1.010539e+02 
1.482176e-06 9.376960e+01 
1.487881e-06 8.810409e+01 
1.497865e-06 7.950242e+01 
1.505352e-06 7.395443e+01 
1.516583e-06 6.678616e+01 
1.531575e-06 5.890719e+01 
1.542857e-06 5.398192e+01 
1.554138e-06 4.974435e+01 
1.569181e-06 4.494453e+01 
1.583953e-06 4.097819e+01 
1.599548e-06 3.742421e+01 
1.619041e-06 3.370008e+01 
1.638535e-06 3.060083e+01 
1.658028e-06 2.800074e+01 
1.687373e-06 2.478387e+01 
1.711229e-06 2.262077e+01 
1.733593e-06 2.089365e+01 
1.754560e-06 1.948992e+01 
1.774216e-06 1.833761e+01 
1.811072e-06 1.649056e+01 
1.843321e-06 1.513536e+01 
1.871539e-06 1.411605e+01 
1.896229e-06 1.333308e+01 
1.939438e-06 1.214317e+01 
1.971844e-06 1.137354e+01 
2.020453e-06 1.037754e+01 
2.109805e-06 8.879220e+00 
2.170917e-06 8.038821e+00 
2.313907e-06 6.280890e+00 
2.349654e-06 5.809338e+00 
2.376465e-06 5.409607e+00 
2.396573e-06 5.059430e+00 
2.411654e-06 4.747382e+00 
2.422965e-06 4.468978e+00 
2.431448e-06 4.225454e+00 
2.437810e-06 4.019587e+00 
2.442582e-06 3.851685e+00 
2.449739e-06 3.580907e+00 
2.456897e-06 3.297887e+00 
2.465968e-06 2.959991e+00 
2.468991e-06 2.865095e+00 
2.473527e-06 2.753283e+00 
2.475039e-06 2.726564e+00 
2.477909e-06 2.693894e+00 
2.479421e-06 2.687497e+00 
2.481086e-06 2.690173e+00 
2.482598e-06 2.702205e+00 
2.487133e-06 2.800383e+00 
2.490085e-06 2.920872e+00 
2.491831e-06 3.015521e+00 
2.497170e-06 3.422288e+00 
2.499267e-06 3.633359e+00 
2.503653e-06 4.171950e+00 
2.508050e-06 4.843632e+00 
2.515474e-06 6.252401e+00 
2.519356e-06 7.101339e+00 
2.522943e-06 7.933193e+00 
2.524986e-06 8.420136e+00 
2.527226e-06 8.959102e+00 
2.529465e-06 9.498623e+00 
2.533239e-06 1.039448e+01 
2.533779e-06 1.051984e+01 
2.539880e-06 1.185990e+01 
2.540643e-06 1.201444e+01 
2.545981e-06 1.298949e+01 
2.548619e-06 1.339248e+01 
2.551136e-06 1.372282e+01 
2.553654e-06 1.399734e+01 
2.555166e-06 1.413464e+01 
2.557812e-06 1.432461e+01 
2.559796e-06 1.442518e+01 
2.562772e-06 1.450996e+01 
2.565749e-06 1.451852e+01 
2.568068e-06 1.447546e+01 
2.570387e-06 1.439202e+01 
2.574963e-06 1.412209e+01 
2.576488e-06 1.400497e+01 
2.582590e-06 1.343092e+01 
2.588691e-06 1.274214e+01 
2.591154e-06 1.244710e+01 
2.610908e-06 1.018283e+01 
2.618169e-06 9.515787e+00 
2.623273e-06 9.114296e+00 
2.629456e-06 8.697819e+00 
2.635639e-06 8.348946e+00 
2.644651e-06 7.938554e+00 
2.653382e-06 7.624490e+00 
2.670297e-06 7.165848e+00 
2.686156e-06 6.842819e+00 
2.715890e-06 6.382842e+00 
2.741907e-06 6.070046e+00 
2.855733e-06 5.042361e+00 
2.889881e-06 4.720656e+00 
2.906955e-06 4.520342e+00 
2.915492e-06 4.406566e+00 
2.938423e-06 4.091603e+00 
2.945620e-06 4.013422e+00 
2.952817e-06 3.961450e+00 
2.955963e-06 3.949712e+00 
2.963186e-06 3.953820e+00 
2.967468e-06 3.979211e+00 
2.971750e-06 4.023008e+00 
2.976013e-06 4.085186e+00 
2.979211e-06 4.143732e+00 
2.986405e-06 4.309684e+00 
2.996547e-06 4.605125e+00 
3.006520e-06 4.924164e+00 
3.013742e-06 5.142839e+00 
3.015983e-06 5.205033e+00 
3.022703e-06 5.368703e+00 
3.026823e-06 5.448902e+00 
3.029913e-06 5.497830e+00 
3.034548e-06 5.552390e+00 
3.039183e-06 5.584234e+00 
3.042632e-06 5.593630e+00 
3.049854e-06 5.577080e+00 
3.057077e-06 5.519093e+00 
3.064299e-06 5.430594e+00 
3.078744e-06 5.205655e+00 
3.104341e-06 4.808809e+00 
3.154438e-06 4.242942e+00 
3.169966e-06 4.102279e+00 
3.183384e-06 4.009186e+00 
3.191162e-06 3.974599e+00 
3.198940e-06 3.957967e+00 
3.203343e-06 3.957163e+00 
3.209947e-06 3.967677e+00 
3.216552e-06 3.991297e+00 
3.230052e-06 4.069929e+00 
3.245608e-06 4.174717e+00 
3.255373e-06 4.224246e+00 
3.260710e-06 4.240957e+00 
3.268715e-06 4.249453e+00 
3.276720e-06 4.237335e+00 
3.288556e-06 4.185659e+00 
3.304745e-06 4.073345e+00 
3.320934e-06 3.954296e+00 
3.329028e-06 3.904442e+00 
3.339443e-06 3.855593e+00 
3.353311e-06 3.818129e+00 
3.369500e-06 3.802745e+00 
3.393783e-06 3.787367e+00 
3.410152e-06 3.759152e+00 
3.471043e-06 3.607005e+00 
3.639159e-06 3.283973e+00 
3.696352e-06 3.163750e+00 
4.018880e-06 2.477437e+00 
4.124257e-06 2.287738e+00 
4.221958e-06 2.116968e+00 
4.328106e-06 1.937473e+00 
4.419791e-06 1.787369e+00 
4.473103e-06 1.702632e+00 
4.534829e-06 1.606979e+00 
4.608000e-06 1.496906e+00 
4.705261e-06 1.356340e+00 
4.759134e-06 1.281434e+00 
4.827808e-06 1.188657e+00 
4.864422e-06 1.140321e+00 
4.929166e-06 1.056395e+00 
4.996836e-06 9.703514e-01 
5.043506e-06 9.124621e-01 
5.101305e-06 8.426895e-01 
5.158222e-06 7.759036e-01 
5.214198e-06 7.124242e-01 
5.286925e-06 6.331940e-01 
5.327859e-06 5.902282e-01 
5.400258e-06 5.172563e-01 
5.475951e-06 4.446204e-01 
5.528167e-06 3.969738e-01 
5.594653e-06 3.395622e-01 
5.655971e-06 2.897805e-01 
5.713195e-06 2.465435e-01 
5.775261e-06 2.034023e-01 
5.859634e-06 1.504816e-01 
5.914533e-06 1.198251e-01 
5.980209e-06 8.760353e-02 
6.059894e-06 5.502537e-02 
6.138619e-06 2.997304e-02 
6.205812e-06 1.456672e-02 
6.234534e-06 9.841996e-03 
6.270000e-06 5.672932e-03 
6.331243e-06 2.888442e-03 
6.426441e-06 9.091126e-03 
6.480785e-06 1.876675e-02 
6.535371e-06 3.344507e-02 
6.611677e-06 5.796733e-02 
6.662628e-06 6.715972e-02 
6.668254e-06 6.739055e-02 
6.724286e-06 6.106847e-02 
6.770118e-06 4.875867e-02 
6.850000e-06 2.686162e-02 
6.900323e-06 1.617647e-02 
6.943832e-06 9.418990e-03 
6.986629e-06 5.109563e-03 
7.071586e-06 3.340984e-03 
7.100000e-06 4.875118e-03 
7.155216e-06 1.122535e-02 
7.237539e-06 2.915522e-02 
7.318576e-06 5.712443e-02 
7.398347e-06 9.544856e-02 
7.476871e-06 1.444011e-01 
7.554168e-06 2.044163e-01 
7.630258e-06 2.760209e-01 
7.715369e-06 3.714784e-01 
7.780059e-06 4.554550e-01 
7.845000e-06 5.505170e-01 
7.925179e-06 6.833959e-01 
7.985000e-06 7.948320e-01 
8.065764e-06 9.637809e-01 
8.201956e-06 1.297888e+00 
8.333892e-06 1.685632e+00 
8.461705e-06 2.130960e+00 
8.609938e-06 2.743203e+00 
8.709928e-06 3.222311e+00 
8.850000e-06 3.991900e+00 
8.934243e-06 4.514681e+00 
9.043295e-06 5.271675e+00 
9.148939e-06 6.097574e+00 
9.350426e-06 7.954925e+00 
9.446472e-06 9.000917e+00 
9.639189e-06 1.143435e+01 
1.040242e-05 2.764488e+01 
1.064721e-05 3.633770e+01 
1.086659e-05 4.645418e+01 
1.105145e-05 5.727494e+01 
1.116844e-05 6.551011e+01 
1.129304e-05 7.570020e+01 
1.136372e-05 8.228258e+01 
1.149624e-05 9.650232e+01 
1.161449e-05 1.116740e+02 
1.171756e-05 1.273622e+02 
1.180244e-05 1.424848e+02 
1.189082e-05 1.609109e+02 
1.196705e-05 1.796114e+02 
1.200757e-05 1.909022e+02 
1.206734e-05 2.097657e+02 
1.210515e-05 2.234179e+02 
1.214499e-05 2.396856e+02 
1.217986e-05 2.559645e+02 
1.224087e-05 2.909309e+02 
1.228663e-05 3.248649e+02 
1.232094e-05 3.561516e+02 
1.234668e-05 3.834553e+02 
1.238047e-05 4.245779e+02 
1.243155e-05 4.970566e+02 
1.245448e-05 5.322877e+02 
1.248506e-05 5.795197e+02 
1.251564e-05 6.239453e+02 
1.254622e-05 6.615370e+02 
1.255387e-05 6.693648e+02 
1.257680e-05 6.880431e+02 
1.258445e-05 6.924709e+02 
1.259591e-05 6.972476e+02 
1.260738e-05 6.996576e+02 
1.261503e-05 6.998916e+02 
1.262649e-05 6.981216e+02 
1.263796e-05 6.937648e+02 
1.265325e-05 6.839254e+02 
1.266854e-05 6.695863e+02 
1.268383e-05 6.509986e+02 
1.269912e-05 6.285531e+02 
1.270294e-05 6.223972e+02 
1.272636e-05 5.807043e+02 
1.273352e-05 5.668106e+02 
1.276219e-05 5.080738e+02 
1.277205e-05 4.873605e+02 
1.279468e-05 4.404523e+02 
1.283697e-05 3.623723e+02 
1.285202e-05 3.395895e+02 
1.286540e-05 3.221359e+02 
1.287830e-05 3.080050e+02 
1.288260e-05 3.039077e+02 
1.289789e-05 2.918851e+02 
1.290936e-05 2.855038e+02 
1.291700e-05 2.825042e+02 
1.293707e-05 2.793189e+02 
1.294376e-05 2.797244e+02 
1.297434e-05 2.902686e+02 
1.298198e-05 2.949700e+02 
1.300492e-05 3.134308e+02 
1.302021e-05 3.289707e+02 
1.304043e-05 3.528693e+02 
1.306945e-05 3.925754e+02 
1.336779e-05 9.684716e+02 
1.340508e-05 1.069093e+03 
1.343771e-05 1.167927e+03 
1.349493e-05 1.372202e+03 
1.353764e-05 1.557625e+03 
1.356976e-05 1.721138e+03 
1.359385e-05 1.860592e+03 
1.362999e-05 2.103664e+03 
1.366613e-05 2.399587e+03 
1.369976e-05 2.739897e+03 
1.373340e-05 3.166806e+03 
1.376704e-05 3.714140e+03 
1.378555e-05 4.083111e+03 
1.380068e-05 4.428834e+03 
1.381749e-05 4.867791e+03 
1.383431e-05 5.373249e+03 
1.385113e-05 5.955530e+03 
1.386795e-05 6.625861e+03 
1.388477e-05 7.396217e+03 
1.391630e-05 9.153936e+03 
1.399536e-05 1.582496e+04 
1.402038e-05 1.872294e+04 
1.402896e-05 1.980849e+04 
1.405472e-05 2.333630e+04 
1.407677e-05 2.665764e+04 
1.411125e-05 3.229837e+04 
1.411629e-05 3.315722e+04 
1.414573e-05 3.825931e+04 
1.415758e-05 4.032145e+04 
1.416889e-05 4.227150e+04 
1.418572e-05 4.510404e+04 
1.420056e-05 4.749987e+04 
1.421645e-05 4.991124e+04 
1.422861e-05 5.162349e+04 
1.424599e-05 5.382625e+04 
1.426205e-05 5.556436e+04 
1.426833e-05 5.615798e+04 
1.428172e-05 5.724687e+04 
1.429510e-05 5.808353e+04 
1.430949e-05 5.868605e+04 
1.432520e-05 5.897901e+04 
1.434104e-05 5.888117e+04 
1.435825e-05 5.832845e+04 
1.436707e-05 5.786821e+04 
1.438427e-05 5.664089e+04 
1.439943e-05 5.521520e+04 
1.442305e-05 5.242068e+04 
1.443956e-05 5.010910e+04 
1.444898e-05 4.868015e+04 
1.446500e-05 4.609621e+04 
1.447726e-05 4.401258e+04 
1.449478e-05 4.092216e+04 
1.451309e-05 3.761156e+04 
1.453094e-05 3.436433e+04 
1.454918e-05 3.108401e+04 
1.456378e-05 2.852199e+04 
1.457886e-05 2.595932e+04 
1.459395e-05 2.350366e+04 
1.462843e-05 1.837576e+04 
1.464586e-05 1.606920e+04 
1.467162e-05 1.303282e+04 
1.469094e-05 1.104527e+04 
1.471047e-05 9.279849e+03 
1.472636e-05 8.015401e+03 
1.474420e-05 6.767056e+03 
1.476548e-05 5.495682e+03 
1.478717e-05 4.419101e+03 
1.481393e-05 3.355307e+03 
1.484960e-05 2.312855e+03 
1.488527e-05 1.610052e+03 
1.489792e-05 1.427089e+03 
1.490741e-05 1.309668e+03 
1.491453e-05 1.232022e+03 
1.491986e-05 1.179370e+03 
1.492787e-05 1.108981e+03 
1.493702e-05 1.040548e+03 
1.494367e-05 9.985598e+02 
1.494777e-05 9.757073e+02 
1.495548e-05 9.390489e+02 
1.496236e-05 9.128953e+02 
1.498581e-05 8.676307e+02 
1.499171e-05 8.662883e+02 
1.499945e-05 8.702945e+02 
1.500704e-05 8.803691e+02 
1.501364e-05 8.939034e+02 
1.502136e-05 9.151905e+02 
1.503376e-05 9.610625e+02 
1.504485e-05 1.013644e+03 
1.505006e-05 1.041864e+03 
1.508417e-05 1.276626e+03 
1.510199e-05 1.428147e+03 
1.512775e-05 1.671743e+03 
1.514293e-05 1.824090e+03 
1.515826e-05 1.980485e+03 
1.517114e-05 2.111703e+03 
1.518493e-05 2.249343e+03 
1.519980e-05 2.391783e+03 
1.521512e-05 2.529001e+03 
1.522893e-05 2.641747e+03 
1.523360e-05 2.677167e+03 
1.525155e-05 2.798569e+03 
1.526631e-05 2.879046e+03 
1.528102e-05 2.940168e+03 
1.529588e-05 2.981296e+03 
1.531134e-05 3.001380e+03 
1.532589e-05 2.998969e+03 
1.534074e-05 2.975586e+03 
1.535488e-05 2.934494e+03 
1.537166e-05 2.863537e+03 
1.539059e-05 2.757764e+03 
1.540514e-05 2.660727e+03 
1.542111e-05 2.541661e+03 
1.543832e-05 2.402354e+03 
1.545360e-05 2.272707e+03 
1.547326e-05 2.103136e+03 
1.549188e-05 1.945040e+03 
1.553186e-05 1.639339e+03 
1.555129e-05 1.518449e+03 
1.556632e-05 1.441616e+03 
1.557412e-05 1.408164e+03 
1.558050e-05 1.384370e+03 
1.559006e-05 1.354945e+03 
1.560130e-05 1.330536e+03 
1.560962e-05 1.319915e+03 
1.561707e-05 1.316076e+03 
1.564630e-05 1.356715e+03 
1.567186e-05 1.472698e+03 
1.568131e-05 1.536621e+03 
1.568590e-05 1.572020e+03 
1.569389e-05 1.640626e+03 
1.569989e-05 1.698238e+03 
1.571340e-05 1.847678e+03 
1.572414e-05 1.986989e+03 
1.573659e-05 2.172636e+03 
1.575260e-05 2.451603e+03 
1.577577e-05 2.941574e+03 
1.582872e-05 4.488413e+03 
1.585403e-05 5.455269e+03 
1.587746e-05 6.484231e+03 
1.589254e-05 7.213346e+03 
1.591301e-05 8.280819e+03 
1.593282e-05 9.390890e+03 
1.594464e-05 1.008390e+04 
1.597061e-05 1.166881e+04 
1.598924e-05 1.283832e+04 
1.600459e-05 1.380786e+04 
1.602143e-05 1.486329e+04 
1.603959e-05 1.597389e+04 
1.605484e-05 1.687008e+04 
1.607131e-05 1.778593e+04 
1.608115e-05 1.830061e+04 
1.610100e-05 1.925266e+04 
1.611890e-05 1.999628e+04 
1.613038e-05 2.040833e+04 
1.614844e-05 2.094554e+04 
1.616290e-05 2.127171e+04 
1.617536e-05 2.147596e+04 
1.620254e-05 2.166800e+04 
1.621570e-05 2.163615e+04 
1.624435e-05 2.129426e+04 
1.626354e-05 2.086858e+04 
1.627478e-05 2.055249e+04 
1.629321e-05 1.993678e+04 
1.630073e-05 1.965370e+04 
1.631524e-05 1.906207e+04 
1.633119e-05 1.835011e+04 
1.634786e-05 1.754975e+04 
1.637107e-05 1.636390e+04 
1.638873e-05 1.542589e+04 
1.639836e-05 1.490699e+04 
1.642004e-05 1.373472e+04 
1.642727e-05 1.334559e+04 
1.646546e-05 1.134083e+04 
1.647320e-05 1.095069e+04 
1.650242e-05 9.543732e+03 
1.653525e-05 8.109673e+03 
1.657717e-05 6.530214e+03 
1.666276e-05 4.167876e+03 
1.668492e-05 3.723717e+03 
1.670330e-05 3.400204e+03 
1.673301e-05 2.955125e+03 
1.674300e-05 2.825391e+03 
1.675798e-05 2.648144e+03 
1.677296e-05 2.490615e+03 
1.679502e-05 2.292225e+03 
1.681707e-05 2.130999e+03 
1.685816e-05 1.920882e+03 
1.686843e-05 1.885372e+03 
1.689925e-05 1.816451e+03 
1.691338e-05 1.802633e+03 
1.694034e-05 1.804647e+03 
1.695176e-05 1.815889e+03 
1.696538e-05 1.836688e+03 
1.697456e-05 1.854900e+03 
1.699693e-05 1.912013e+03 
1.702006e-05 1.986938e+03 
1.706862e-05 2.178090e+03 
1.710875e-05 2.346134e+03 
1.713769e-05 2.458698e+03 
1.715093e-05 2.505291e+03 
1.718688e-05 2.610179e+03 
1.720100e-05 2.641207e+03 
1.722797e-05 2.682599e+03 
1.724560e-05 2.696566e+03 
1.725566e-05 2.699890e+03 
1.727327e-05 2.697785e+03 
1.728648e-05 2.689856e+03 
1.731620e-05 2.653916e+03 
1.734806e-05 2.592072e+03 
1.738309e-05 2.504563e+03 
1.749321e-05 2.201237e+03 
1.752583e-05 2.126749e+03 
1.756927e-05 2.047283e+03 
1.760524e-05 1.998614e+03 
1.762702e-05 1.975972e+03 
1.764926e-05 1.957421e+03 
1.770486e-05 1.926458e+03 
1.774386e-05 1.913264e+03 
1.793087e-05 1.867784e+03 
1.804452e-05 1.829168e+03 
1.812242e-05 1.793428e+03 
1.819123e-05 1.752479e+03 
1.824553e-05 1.712675e+03 
1.830418e-05 1.662173e+03 
1.836672e-05 1.601045e+03 
1.844354e-05 1.519751e+03 
1.861907e-05 1.339975e+03 
1.867685e-05 1.289564e+03 
1.872271e-05 1.253494e+03 
1.879459e-05 1.203637e+03 
1.884680e-05 1.171913e+03 
1.898626e-05 1.101090e+03 
1.910633e-05 1.051080e+03 
1.923509e-05 1.004737e+03 
1.934035e-05 9.711025e+02 
1.946632e-05 9.348657e+02 
1.967755e-05 8.816224e+02 
1.992417e-05 8.284265e+02 
2.012590e-05 7.905873e+02 
2.035895e-05 7.521250e+02 
2.068677e-05 7.053003e+02 
2.111177e-05 6.547265e+02 
2.150000e-05 6.158810e+02 
2.188374e-05 5.827115e+02 
2.221811e-05 5.574175e+02 
2.252379e-05 5.369457e+02 
2.300844e-05 5.080346e+02 
2.351526e-05 4.818388e+02 
2.426072e-05 4.496050e+02 
2.483850e-05 4.282861e+02 
2.583172e-05 3.974519e+02 
2.697259e-05 3.690698e+02 
2.810470e-05 3.453908e+02 
2.919106e-05 3.293067e+02 
2.989173e-05 3.187350e+02 
3.185114e-05 2.948848e+02 
3.373245e-05 2.766594e+02 
3.556644e-05 2.616688e+02 
3.767354e-05 2.471880e+02 
4.167205e-05 2.251246e+02 
4.550578e-05 2.102463e+02 
4.830440e-05 1.995940e+02 
4.976291e-05 1.940101e+02 
5.128614e-05 1.881150e+02 
5.290801e-05 1.817686e+02 
5.471734e-05 1.745522e+02 
5.692624e-05 1.655058e+02 
5.837690e-05 1.593781e+02 
6.033323e-05 1.508057e+02 
6.309573e-05 1.379945e+02 
6.555431e-05 1.257061e+02 
6.778855e-05 1.136151e+02 
6.983875e-05 1.015683e+02 
7.133388e-05 9.208540e+01 
7.267705e-05 8.296622e+01 
7.395031e-05 7.373581e+01 
7.481799e-05 6.707771e+01 
7.571017e-05 5.988931e+01 
7.651959e-05 5.303219e+01 
7.723554e-05 4.647549e+01 
7.756990e-05 4.311644e+01 
7.793912e-05 3.910986e+01 
7.838982e-05 3.380168e+01 
7.868652e-05 3.014381e+01 
7.886123e-05 2.798678e+01 
7.914134e-05 2.463330e+01 
7.963766e-05 1.948714e+01 
7.984810e-05 1.776742e+01 
7.999074e-05 1.677648e+01 
8.008460e-05 1.619850e+01 
8.024976e-05 1.531077e+01 
8.041409e-05 1.456578e+01 
8.064382e-05 1.368938e+01 
8.119714e-05 1.194927e+01 
8.142760e-05 1.134902e+01 
8.153975e-05 1.111203e+01 
8.165395e-05 1.092584e+01 
8.173816e-05 1.083293e+01 
8.186627e-05 1.077872e+01 
8.196622e-05 1.082065e+01 
8.208064e-05 1.097087e+01 
8.219896e-05 1.125117e+01 
8.223134e-05 1.135117e+01 
8.232649e-05 1.170469e+01 
8.242447e-05 1.216364e+01 
8.251688e-05 1.268575e+01 
8.261822e-05 1.335814e+01 
8.274363e-05 1.433370e+01 
8.288246e-05 1.559641e+01 
8.308569e-05 1.778686e+01 
8.334545e-05 2.118793e+01 
8.377061e-05 2.840018e+01 
8.415644e-05 3.724762e+01 
8.450538e-05 4.788439e+01 
8.476472e-05 5.795724e+01 
8.505847e-05 7.226097e+01 
8.538539e-05 9.278796e+01 
8.605000e-05 1.545552e+02 
8.627497e-05 1.826888e+02 
8.650000e-05 2.146520e+02 
8.667559e-05 2.421271e+02 
8.681498e-05 2.653891e+02 
8.698000e-05 2.943995e+02 
8.711222e-05 3.186309e+02 
8.724445e-05 3.435754e+02 
8.741239e-05 3.760260e+02 
8.758700e-05 4.103244e+02 
8.772657e-05 4.378861e+02 
8.782643e-05 4.575628e+02 
8.802528e-05 4.963432e+02 
8.812427e-05 5.153252e+02 
8.829589e-05 5.475192e+02 
8.844666e-05 5.748892e+02 
8.861654e-05 6.045250e+02 
8.880813e-05 6.362466e+02 
8.901440e-05 6.682242e+02 
8.913133e-05 6.853086e+02 
8.934344e-05 7.143440e+02 
8.948253e-05 7.320143e+02 
8.977013e-05 7.651603e+02 
9.006578e-05 7.945961e+02 
9.021287e-05 8.075441e+02 
9.044131e-05 8.254885e+02 
9.077004e-05 8.468375e+02 
9.110680e-05 8.634970e+02 
9.147946e-05 8.762487e+02 
9.173104e-05 8.818278e+02 
9.201460e-05 8.855933e+02 
9.258700e-05 8.869145e+02 
9.321542e-05 8.824375e+02 
9.440609e-05 8.673140e+02 
9.527472e-05 8.519370e+02 
9.591332e-05 8.375231e+02 
9.830400e-05 7.755827e+02 
9.942765e-05 7.526279e+02 
1.011579e-04 7.252905e+02 
1.069004e-04 6.511741e+02 
1.110402e-04 6.001458e+02 
1.228800e-04 4.787468e+02 
1.317350e-04 4.131392e+02 
1.444375e-04 3.430989e+02 
1.553301e-04 2.965778e+02 
1.585000e-04 2.836892e+02 
1.601199e-04 2.749905e+02 
1.617159e-04 2.652000e+02 
1.621046e-04 2.634808e+02 
1.625707e-04 2.621808e+02 
1.631721e-04 2.619939e+02 
1.637279e-04 2.634023e+02 
1.641770e-04 2.655574e+02 
1.646167e-04 2.683775e+02 
1.663802e-04 2.822822e+02 
1.668830e-04 2.856544e+02 
1.675430e-04 2.889183e+02 
1.681945e-04 2.906165e+02 
1.690409e-04 2.906346e+02 
1.701795e-04 2.878780e+02 
1.750720e-04 2.712008e+02 
1.763080e-04 2.684457e+02 
1.771657e-04 2.676766e+02 
1.782883e-04 2.682681e+02 
1.809972e-04 2.730238e+02 
1.824704e-04 2.743145e+02 
1.837583e-04 2.739639e+02 
1.864479e-04 2.712347e+02 
1.933081e-04 2.665582e+02 
2.234983e-04 2.505076e+02 
2.261827e-04 2.481249e+02 
2.270244e-04 2.480035e+02 
2.279158e-04 2.485354e+02 
2.291332e-04 2.504083e+02 
2.316130e-04 2.561892e+02 
2.330343e-04 2.587743e+02 
2.352159e-04 2.606960e+02 
2.430000e-04 2.643603e+02 
3.072000e-04 2.967024e+02 
3.394871e-04 3.101811e+02 
3.550688e-04 3.155360e+02 
3.733350e-04 3.205628e+02 
3.981072e-04 3.248159e+02 
4.221519e-04 3.260921e+02 
4.518326e-04 3.241514e+02 
4.807925e-04 3.180284e+02 
5.079788e-04 3.080661e+02 
5.314015e-04 2.958092e+02 
5.528644e-04 2.813103e+02 
5.701327e-04 2.672242e+02 
5.881076e-04 2.497569e+02 
6.037287e-04 2.320974e+02 
6.175411e-04 2.143535e+02 
6.296808e-04 1.967809e+02 
6.408892e-04 1.787596e+02 
6.496398e-04 1.634223e+02 
6.564312e-04 1.506762e+02 
6.604714e-04 1.426893e+02 
6.661428e-04 1.308565e+02 
6.725990e-04 1.165654e+02 
6.782481e-04 1.035789e+02 
6.831911e-04 9.190282e+01 
6.889550e-04 7.795873e+01 
6.926314e-04 6.897577e+01 
6.953888e-04 6.227748e+01 
6.986633e-04 5.449796e+01 
6.998666e-04 5.172723e+01 
7.015928e-04 4.788237e+01 
7.056260e-04 3.988704e+01 
7.067775e-04 3.801022e+01 
7.082701e-04 3.599654e+01 
7.094028e-04 3.487996e+01 
7.104395e-04 3.425938e+01 
7.113745e-04 3.410732e+01 
7.120942e-04 3.430617e+01 
7.128164e-04 3.482893e+01 
7.134759e-04 3.563017e+01 
7.140652e-04 3.664191e+01 
7.145159e-04 3.762452e+01 
7.150851e-04 3.914973e+01 
7.156367e-04 4.095892e+01 
7.161713e-04 4.305261e+01 
7.166895e-04 4.542932e+01 
7.172533e-04 4.843697e+01 
7.177976e-04 5.179042e+01 
7.181695e-04 5.435269e+01 
7.185991e-04 5.760375e+01 
7.194674e-04 6.519051e+01 
7.200140e-04 7.071293e+01 
7.211795e-04 8.458442e+01 
7.239339e-04 1.300586e+02 
7.251078e-04 1.553360e+02 
7.257238e-04 1.700614e+02 
7.263797e-04 1.868440e+02 
7.270105e-04 2.040447e+02 
7.276479e-04 2.224641e+02 
7.283253e-04 2.431515e+02 
7.290119e-04 2.652420e+02 
7.298198e-04 2.926035e+02 
7.305605e-04 3.189061e+02 
7.314680e-04 3.525807e+02 
7.320812e-04 3.761474e+02 
7.331146e-04 4.171696e+02 
7.342498e-04 4.638079e+02 
7.350868e-04 4.990400e+02 
7.361120e-04 5.429271e+02 
7.369880e-04 5.808923e+02 
7.378723e-04 6.194828e+02 
7.390356e-04 6.704277e+02 
7.399400e-04 7.099951e+02 
7.416175e-04 7.828154e+02 
7.430260e-04 8.428889e+02 
7.440895e-04 8.872670e+02 
7.452704e-04 9.352556e+02 
7.468378e-04 9.962763e+02 
7.484852e-04 1.056277e+03 
7.496509e-04 1.095632e+03 
7.511438e-04 1.141672e+03 
7.528614e-04 1.187852e+03 
7.540000e-04 1.214138e+03 
7.551563e-04 1.237157e+03 
7.561789e-04 1.254405e+03 
7.570532e-04 1.266858e+03 
7.586024e-04 1.283906e+03 
7.595538e-04 1.291360e+03 
7.608000e-04 1.297930e+03 
7.622438e-04 1.301464e+03 
7.645200e-04 1.299630e+03 
7.673615e-04 1.288021e+03 
7.719746e-04 1.257480e+03 
7.798089e-04 1.201705e+03 
7.836178e-04 1.179583e+03 
7.871178e-04 1.163180e+03 
7.933484e-04 1.142378e+03 
8.023678e-04 1.125250e+03 
8.125000e-04 1.114945e+03 
8.228750e-04 1.109029e+03 
8.350000e-04 1.106935e+03 
8.526511e-04 1.111269e+03 
8.733822e-04 1.118858e+03 
8.903723e-04 1.122012e+03 
9.115126e-04 1.122065e+03 
9.273969e-04 1.117391e+03 
9.399016e-04 1.108797e+03 
9.525716e-04 1.091615e+03 
9.641115e-04 1.068187e+03 
9.677832e-04 1.063632e+03 
9.715557e-04 1.064680e+03 
9.744597e-04 1.071342e+03 
9.773477e-04 1.084066e+03 
9.800028e-04 1.101250e+03 
9.838683e-04 1.134173e+03 
9.914803e-04 1.208399e+03 
9.942599e-04 1.231617e+03 
9.965565e-04 1.247359e+03 
9.995256e-04 1.262553e+03 
1.001206e-03 1.268635e+03 
1.004146e-03 1.275462e+03 
1.008805e-03 1.278993e+03 
1.032811e-03 1.269940e+03 
1.040140e-03 1.273227e+03 
1.044902e-03 1.281006e+03 
1.051487e-03 1.299307e+03 
1.061362e-03 1.330652e+03 
1.064347e-03 1.338303e+03 
1.078068e-03 1.362314e+03 
1.097440e-03 1.388340e+03 
1.114930e-03 1.406522e+03 
1.131274e-03 1.418518e+03 
1.150378e-03 1.427206e+03 
1.175563e-03 1.431043e+03 
1.184021e-03 1.434632e+03 
1.191770e-03 1.441894e+03 
1.225437e-03 1.495006e+03 
1.238401e-03 1.508756e+03 
1.256058e-03 1.521981e+03 
1.303401e-03 1.545044e+03 
1.338986e-03 1.556894e+03 
1.371409e-03 1.563420e+03 
1.456171e-03 1.569968e+03 
1.571267e-03 1.568940e+03 
1.694091e-03 1.558770e+03 
1.787581e-03 1.542652e+03 
1.929606e-03 1.513052e+03 
2.091319e-03 1.474814e+03 
2.323688e-03 1.417107e+03 
2.613098e-03 1.338913e+03 
2.862839e-03 1.271087e+03 
2.973271e-03 1.241643e+03 
3.250312e-03 1.167869e+03 
3.406184e-03 1.126569e+03 
3.561815e-03 1.086105e+03 
3.732930e-03 1.041112e+03 
3.876044e-03 1.003527e+03 
4.020053e-03 9.647411e+02 
4.151352e-03 9.287147e+02 
4.256010e-03 8.988750e+02 
4.354089e-03 8.696097e+02 
4.443856e-03 8.414152e+02 
4.527099e-03 8.135841e+02 
4.588028e-03 7.916318e+02 
4.655526e-03 7.650066e+02 
4.707171e-03 7.424107e+02 
4.756496e-03 7.182217e+02 
4.795347e-03 6.964975e+02 
4.827143e-03 6.759900e+02 
4.854838e-03 6.551716e+02 
4.885168e-03 6.283848e+02 
4.921523e-03 5.921849e+02 
4.946233e-03 5.691132e+02 
4.963113e-03 5.568562e+02 
4.974806e-03 5.509995e+02 
4.984854e-03 5.480424e+02 
4.993915e-03 5.471505e+02 
5.007027e-03 5.488834e+02 
5.019420e-03 5.536306e+02 
5.036854e-03 5.645853e+02 
5.060875e-03 5.849201e+02 
5.084502e-03 6.065613e+02 
5.100544e-03 6.202569e+02 
5.117702e-03 6.330759e+02 
5.128987e-03 6.402838e+02 
5.145359e-03 6.489509e+02 
5.170000e-03 6.581940e+02 
5.194386e-03 6.633570e+02 
5.218237e-03 6.651592e+02 
5.240211e-03 6.645145e+02 
5.301051e-03 6.583171e+02 
5.326890e-03 6.587322e+02 
5.351763e-03 6.636295e+02 
5.376445e-03 6.732619e+02 
5.421163e-03 6.987400e+02 
5.461686e-03 7.222578e+02 
5.481677e-03 7.318214e+02 
5.503817e-03 7.403309e+02 
5.528514e-03 7.472743e+02 
5.555550e-03 7.522014e+02 
5.645812e-03 7.612048e+02 
5.682703e-03 7.696204e+02 
5.717964e-03 7.823009e+02 
5.788234e-03 8.118937e+02 
5.815789e-03 8.217471e+02 
5.844039e-03 8.301395e+02 
5.875950e-03 8.377645e+02 
5.918171e-03 8.455906e+02 
5.969838e-03 8.528596e+02 
6.090157e-03 8.641284e+02 
6.197107e-03 8.700526e+02 
6.328685e-03 8.737141e+02 
6.540638e-03 8.735557e+02 
6.794970e-03 8.664692e+02 
7.049550e-03 8.552563e+02 
7.325691e-03 8.398461e+02 
7.671027e-03 8.176673e+02 
8.050447e-03 7.911596e+02 
8.647687e-03 7.484169e+02 
9.319434e-03 7.015318e+02 
1.026771e-02 6.400887e+02 
1.140849e-02 5.745625e+02 
1.294988e-02 5.005667e+02 
1.446989e-02 4.409142e+02 
1.631467e-02 3.817536e+02 
1.778944e-02 3.421742e+02 
1.930995e-02 3.068310e+02 
2.088474e-02 2.750549e+02 
2.261785e-02 2.447382e+02 
2.451179e-02 2.162282e+02 
2.658811e-02 1.894952e+02 
2.857445e-02 1.674764e+02 
3.018255e-02 1.516383e+02 
3.148396e-02 1.397658e+02 
3.242659e-02 1.314653e+02 
3.322051e-02 1.244336e+02 
3.383293e-02 1.187682e+02 
3.432116e-02 1.138609e+02 
3.468343e-02 1.097156e+02 
3.485212e-02 1.075064e+02 
3.498926e-02 1.055173e+02 
3.523964e-02 1.013809e+02 
3.561153e-02 9.492727e+01 
3.576401e-02 9.299408e+01 
3.587601e-02 9.214255e+01 
3.600726e-02 9.187047e+01 
3.610332e-02 9.216557e+01 
3.621861e-02 9.299625e+01 
3.638857e-02 9.487473e+01 
3.670530e-02 9.884975e+01 
3.691646e-02 1.009551e+02 
3.713677e-02 1.024819e+02 
3.728749e-02 1.031984e+02 
3.764343e-02 1.041844e+02 
3.804631e-02 1.045877e+02 
3.859716e-02 1.044969e+02 
3.916507e-02 1.039469e+02 
4.026437e-02 1.021445e+02 
4.140461e-02 9.969965e+01 
4.315191e-02 9.544204e+01 
4.562737e-02 8.923604e+01 
4.840028e-02 8.260158e+01 
5.191232e-02 7.487897e+01 
5.583095e-02 6.721807e+01 
6.129885e-02 5.805301e+01 
6.879837e-02 4.801448e+01 
7.827100e-02 3.849813e+01 
9.992538e-02 2.501048e+01 
1.183519e-01 1.844923e+01 
1.553840e-01 1.118851e+01 
1.981605e-01 7.114704e+00 
2.441926e-01 4.786176e+00 
3.281283e-01 2.707142e+00 
4.897788e-01 1.239347e+00 
7.635748e-01 5.169934e-01 
1.347258e+00 1.675473e-01 
3.575459e+00 2.388904e-02 
1.120601e+01 2.433548e-03 
3.384160e+01 2.668507e-04 
1.022000e+02 2.925981e-05 
3.086391e+02 3.208277e-06 
9.320751e+02 3.517806e-07 
3.162278e+03 3.056143e-08 
1.000000e+04 3.056143e-09 
3.162278e+04 3.056140e-10 
1.000000e+05 3.056140e-11 
-1           -1           
-2           -2           
