% -----------------------------------------------------------------------
%   Program Name: re-cs-99.dat 
%   Author: the Geant4 Collaboration
%   Organization: the Geant4 Collaboration
%   Version: unknown
%   Date: circa 2006
%   Class: Public
%   Copyright (c) Copyright Holders of the Geant4 Collaboration, 1994-2006.
%   See http://cern.ch/geant4/license for details on the copyright holders.
%   All rights not expressly granted under this license are reserved.
% -----------------------------------------------------------------------
1.000000e-06 5.882035e-02 
1.182289e-06 1.265303e-01 
1.229569e-06 1.524294e-01 
1.273893e-06 1.808992e-01 
1.315447e-06 2.118456e-01 
1.354404e-06 2.451474e-01 
1.390926e-06 2.806592e-01 
1.457266e-06 3.576365e-01 
1.487359e-06 3.987315e-01 
1.515572e-06 4.416755e-01 
1.568470e-06 5.339220e-01 
1.614756e-06 6.292554e-01 
1.655257e-06 7.262629e-01 
1.690695e-06 8.232805e-01 
1.721703e-06 9.188736e-01 
1.748835e-06 1.012620e+00 
1.796316e-06 1.199934e+00 
1.831927e-06 1.362825e+00 
1.858635e-06 1.501419e+00 
1.898698e-06 1.738530e+00 
1.953076e-06 2.123042e+00 
1.996024e-06 2.496184e+00 
2.034200e-06 2.894339e+00 
2.071737e-06 3.356089e+00 
2.106929e-06 3.864411e+00 
2.139921e-06 4.426463e+00 
2.170850e-06 5.046179e+00 
2.199847e-06 5.727343e+00 
2.227032e-06 6.473880e+00 
2.252517e-06 7.289867e+00 
2.276409e-06 8.179542e+00 
2.298809e-06 9.147307e+00 
2.319808e-06 1.019774e+01 
2.339495e-06 1.133558e+01 
2.357951e-06 1.256576e+01 
2.375254e-06 1.389338e+01 
2.391476e-06 1.532374e+01 
2.406683e-06 1.686229e+01 
2.420940e-06 1.851470e+01 
2.434307e-06 2.028679e+01 
2.446837e-06 2.218455e+01 
2.458585e-06 2.421417e+01 
2.469598e-06 2.638198e+01 
2.479923e-06 2.869452e+01 
2.489603e-06 3.115852e+01 
2.498677e-06 3.378097e+01 
2.507185e-06 3.656921e+01 
2.515161e-06 3.953098e+01 
2.522638e-06 4.267445e+01 
2.529648e-06 4.600815e+01 
2.536220e-06 4.954101e+01 
2.542381e-06 5.328259e+01 
2.548157e-06 5.724356e+01 
2.553572e-06 6.143637e+01 
2.560000e-06 6.715372e+01 
2.567870e-06 7.557061e+01 
2.576236e-06 8.690389e+01 
2.583556e-06 9.976533e+01 
2.589961e-06 1.142966e+02 
2.595566e-06 1.305058e+02 
2.600470e-06 1.482358e+02 
2.604761e-06 1.671822e+02 
2.608515e-06 1.869430e+02 
2.611801e-06 2.070786e+02 
2.614675e-06 2.271640e+02 
2.619392e-06 2.657568e+02 
2.627215e-06 3.476595e+02 
2.635963e-06 4.695891e+02 
2.641283e-06 5.603255e+02 
2.644526e-06 6.215653e+02 
2.647768e-06 6.869140e+02 
2.654253e-06 8.277396e+02 
2.655064e-06 8.460688e+02 
2.660739e-06 9.766835e+02 
2.662968e-06 1.028253e+03 
2.667224e-06 1.125037e+03 
2.670744e-06 1.201573e+03 
2.673710e-06 1.262172e+03 
2.676889e-06 1.321801e+03 
2.679184e-06 1.360716e+03 
2.682463e-06 1.409295e+03 
2.685494e-06 1.445878e+03 
2.687085e-06 1.461599e+03 
2.690885e-06 1.488723e+03 
2.693760e-06 1.499018e+03 
2.697717e-06 1.498294e+03 
2.700095e-06 1.489531e+03 
2.706436e-06 1.436637e+03 
2.708459e-06 1.411283e+03 
2.712890e-06 1.343037e+03 
2.715625e-06 1.293240e+03 
2.718086e-06 1.244185e+03 
2.721250e-06 1.176237e+03 
2.723787e-06 1.118624e+03 
2.726637e-06 1.051546e+03 
2.729016e-06 9.942660e+02 
2.732076e-06 9.198691e+02 
2.735319e-06 8.412189e+02 
2.738561e-06 7.639133e+02 
2.742209e-06 6.798117e+02 
2.745047e-06 6.172371e+02 
2.751532e-06 4.859408e+02 
2.754972e-06 4.238002e+02 
2.760473e-06 3.359800e+02 
2.764250e-06 2.838972e+02 
2.767010e-06 2.499566e+02 
2.769870e-06 2.182730e+02 
2.773547e-06 1.824592e+02 
2.777633e-06 1.486348e+02 
2.781718e-06 1.204272e+02 
2.786621e-06 9.300031e+01 
2.793546e-06 6.404133e+01 
2.809086e-06 2.743358e+01 
2.811237e-06 2.443387e+01 
2.815505e-06 1.948712e+01 
2.819707e-06 1.570728e+01 
2.823843e-06 1.283830e+01 
2.827915e-06 1.068590e+01 
2.831923e-06 9.102226e+00 
2.835868e-06 7.973915e+00 
2.839751e-06 7.212891e+00 
2.962086e-06 3.494582e+01 
2.969732e-06 4.036411e+01 
2.976900e-06 4.662653e+01 
2.983620e-06 5.374134e+01 
2.989920e-06 6.171492e+01 
2.995827e-06 7.056505e+01 
3.001364e-06 8.032727e+01 
3.006555e-06 9.105576e+01 
3.011421e-06 1.028202e+02 
3.015984e-06 1.157000e+02 
3.020261e-06 1.297767e+02 
3.024271e-06 1.451256e+02 
3.028031e-06 1.618080e+02 
3.031555e-06 1.798638e+02 
3.034859e-06 1.993070e+02 
3.037957e-06 2.201222e+02 
3.043765e-06 2.673181e+02 
3.048847e-06 3.193964e+02 
3.053293e-06 3.752115e+02 
3.057184e-06 4.334151e+02 
3.066175e-06 6.091671e+02 
3.077545e-06 9.373458e+02 
3.084058e-06 1.190967e+03 
3.089677e-06 1.452942e+03 
3.092013e-06 1.573986e+03 
3.095809e-06 1.785960e+03 
3.099605e-06 2.016330e+03 
3.107197e-06 2.527430e+03 
3.108146e-06 2.595463e+03 
3.114789e-06 3.091138e+03 
3.117398e-06 3.292543e+03 
3.122380e-06 3.680740e+03 
3.126236e-06 3.978809e+03 
3.129972e-06 4.260170e+03 
3.133828e-06 4.537149e+03 
3.137564e-06 4.787329e+03 
3.140886e-06 4.990424e+03 
3.143955e-06 5.158891e+03 
3.145631e-06 5.242148e+03 
3.150079e-06 5.430143e+03 
3.153553e-06 5.540713e+03 
3.157600e-06 5.626415e+03 
3.161386e-06 5.662835e+03 
3.164157e-06 5.662251e+03 
3.167932e-06 5.624650e+03 
3.170575e-06 5.573641e+03 
3.175845e-06 5.414442e+03 
3.178659e-06 5.300374e+03 
3.181790e-06 5.152059e+03 
3.183803e-06 5.045903e+03 
3.187376e-06 4.839099e+03 
3.189936e-06 4.678439e+03 
3.193595e-06 4.434239e+03 
3.197417e-06 4.165365e+03 
3.202096e-06 3.824678e+03 
3.205891e-06 3.544675e+03 
3.210162e-06 3.231783e+03 
3.213483e-06 2.993385e+03 
3.221798e-06 2.430502e+03 
3.223152e-06 2.344674e+03 
3.232634e-06 1.799615e+03 
3.239066e-06 1.489210e+03 
3.256043e-06 8.926104e+02 
3.259945e-06 7.954321e+02 
3.263846e-06 7.106092e+02 
3.267748e-06 6.368499e+02 
3.271649e-06 5.728934e+02 
3.275551e-06 5.175390e+02 
3.279452e-06 4.696682e+02 
3.283354e-06 4.282577e+02 
3.287255e-06 3.923875e+02 
3.295058e-06 3.341107e+02 
3.302861e-06 2.895152e+02 
3.310665e-06 2.547028e+02 
3.318468e-06 2.269150e+02 
3.326271e-06 2.042426e+02 
3.332226e-06 1.895534e+02 
3.338088e-06 1.768453e+02 
3.349628e-06 1.557942e+02 
3.360808e-06 1.392195e+02 
3.371639e-06 1.258388e+02 
3.382131e-06 1.148253e+02 
3.392295e-06 1.056177e+02 
3.402142e-06 9.781926e+01 
3.411681e-06 9.114009e+01 
3.420922e-06 8.536316e+01 
3.438826e-06 7.575460e+01 
3.455611e-06 6.825619e+01 
3.471347e-06 6.226481e+01 
3.486099e-06 5.738770e+01 
3.499930e-06 5.335549e+01 
3.512896e-06 4.997603e+01 
3.537207e-06 4.449498e+01 
3.558480e-06 4.043784e+01 
3.577093e-06 3.734485e+01 
3.593380e-06 3.493223e+01 
3.621882e-06 3.125294e+01 
3.643258e-06 2.886617e+01 
3.675323e-06 2.576154e+01 
3.716513e-06 2.242661e+01 
3.762139e-06 1.939479e+01 
3.835141e-06 1.557085e+01 
3.941356e-06 1.148143e+01 
4.121479e-06 6.337773e+00 
4.163695e-06 5.238484e+00 
4.180933e-06 4.797158e+00 
4.196017e-06 4.409256e+00 
4.209215e-06 4.066035e+00 
4.232312e-06 3.451090e+00 
4.249634e-06 2.974847e+00 
4.262626e-06 2.610943e+00 
4.272370e-06 2.337934e+00 
4.279678e-06 2.136175e+00 
4.285159e-06 1.988386e+00 
4.289269e-06 1.880490e+00 
4.301602e-06 1.579499e+00 
4.312189e-06 1.360574e+00 
4.317483e-06 1.269326e+00 
4.320130e-06 1.228944e+00 
4.322777e-06 1.192287e+00 
4.325424e-06 1.159504e+00 
4.331380e-06 1.100541e+00 
4.334689e-06 1.076927e+00 
4.343953e-06 1.046190e+00 
4.345855e-06 1.046265e+00 
4.348027e-06 1.048935e+00 
4.354541e-06 1.072829e+00 
4.358615e-06 1.099137e+00 
4.362686e-06 1.133402e+00 
4.367610e-06 1.184545e+00 
4.372297e-06 1.242158e+00 
4.378363e-06 1.328632e+00 
4.385886e-06 1.454464e+00 
4.393170e-06 1.599943e+00 
4.396892e-06 1.686385e+00 
4.407811e-06 2.014667e+00 
4.411757e-06 2.173570e+00 
4.417279e-06 2.448626e+00 
4.421056e-06 2.681537e+00 
4.424381e-06 2.923507e+00 
4.429404e-06 3.367822e+00 
4.433579e-06 3.822846e+00 
4.437973e-06 4.401161e+00 
4.443457e-06 5.290527e+00 
4.452332e-06 7.201761e+00 
4.462490e-06 1.025125e+01 
4.465404e-06 1.131837e+01 
4.471165e-06 1.369846e+01 
4.475800e-06 1.588065e+01 
4.478739e-06 1.738936e+01 
4.483648e-06 2.012289e+01 
4.487680e-06 2.256064e+01 
4.495845e-06 2.798718e+01 
4.500731e-06 3.150510e+01 
4.504899e-06 3.463162e+01 
4.509790e-06 3.840855e+01 
4.514278e-06 4.193626e+01 
4.518830e-06 4.552871e+01 
4.523331e-06 4.904715e+01 
4.528155e-06 5.272706e+01 
4.533588e-06 5.668401e+01 
4.538614e-06 6.009752e+01 
4.541977e-06 6.221687e+01 
4.546948e-06 6.506554e+01 
4.550933e-06 6.707527e+01 
4.554346e-06 6.858344e+01 
4.559231e-06 7.037818e+01 
4.562824e-06 7.141084e+01 
4.565066e-06 7.192833e+01 
4.572688e-06 7.294725e+01 
4.575847e-06 7.303436e+01 
4.580361e-06 7.282549e+01 
4.583262e-06 7.249014e+01 
4.588466e-06 7.151403e+01 
4.592495e-06 7.044867e+01 
4.597782e-06 6.867885e+01 
4.602881e-06 6.661965e+01 
4.610045e-06 6.324383e+01 
4.615510e-06 6.037506e+01 
4.618243e-06 5.886935e+01 
4.624391e-06 5.536073e+01 
4.626440e-06 5.416595e+01 
4.637370e-06 4.774198e+01 
4.644202e-06 4.380647e+01 
4.653765e-06 3.857632e+01 
4.669284e-06 3.110632e+01 
4.685110e-06 2.500532e+01 
4.694500e-06 2.209577e+01 
4.703303e-06 1.979824e+01 
4.711555e-06 1.797561e+01 
4.719292e-06 1.651708e+01 
4.733798e-06 1.430842e+01 
4.746492e-06 1.280277e+01 
4.758202e-06 1.166592e+01 
4.777035e-06 1.018447e+01 
4.791612e-06 9.235323e+00 
4.813478e-06 8.014149e+00 
4.835412e-06 6.940567e+00 
4.847314e-06 6.396767e+00 
4.859216e-06 5.870565e+00 
4.871118e-06 5.357369e+00 
4.883019e-06 4.855681e+00 
4.886876e-06 4.695903e+00 
4.898904e-06 4.209490e+00 
4.922961e-06 3.337833e+00 
4.928975e-06 3.157175e+00 
4.934989e-06 2.999231e+00 
4.941393e-06 2.861499e+00 
4.946195e-06 2.782558e+00 
4.949319e-06 2.743948e+00 
4.952173e-06 2.718246e+00 
4.972153e-06 2.847097e+00 
4.973675e-06 2.882434e+00 
4.984331e-06 3.245907e+00 
4.988518e-06 3.446812e+00 
4.997271e-06 3.976443e+00 
5.003069e-06 4.408515e+00 
5.019986e-06 6.009336e+00 
5.025847e-06 6.662843e+00 
5.032724e-06 7.475213e+00 
5.037742e-06 8.088959e+00 
5.043353e-06 8.784930e+00 
5.046746e-06 9.205856e+00 
5.052074e-06 9.859177e+00 
5.057402e-06 1.049341e+01 
5.061017e-06 1.090739e+01 
5.065299e-06 1.137528e+01 
5.070341e-06 1.188856e+01 
5.081758e-06 1.286124e+01 
5.085945e-06 1.314086e+01 
5.093937e-06 1.354577e+01 
5.098361e-06 1.369372e+01 
5.102375e-06 1.377985e+01 
5.105887e-06 1.381762e+01 
5.108960e-06 1.382210e+01 
5.114338e-06 1.376708e+01 
5.118371e-06 1.367499e+01 
5.121397e-06 1.357859e+01 
5.128203e-06 1.328142e+01 
5.130472e-06 1.315935e+01 
5.139606e-06 1.256590e+01 
5.142650e-06 1.233622e+01 
5.151784e-06 1.157221e+01 
5.154829e-06 1.129760e+01 
5.167007e-06 1.013898e+01 
5.171447e-06 9.704762e+00 
5.184767e-06 8.418022e+00 
5.197099e-06 7.308781e+00 
5.212570e-06 6.116684e+00 
5.219359e-06 5.681996e+00 
5.232143e-06 5.028646e+00 
5.235339e-06 4.900293e+00 
5.244927e-06 4.599924e+00 
5.248123e-06 4.527689e+00 
5.252917e-06 4.444760e+00 
5.257711e-06 4.391367e+00 
5.261597e-06 4.368814e+00 
5.264997e-06 4.363557e+00 
5.267973e-06 4.369482e+00 
5.273179e-06 4.401894e+00 
5.277085e-06 4.443084e+00 
5.280013e-06 4.482541e+00 
5.286603e-06 4.594641e+00 
5.296076e-06 4.799380e+00 
5.311139e-06 5.176491e+00 
5.324366e-06 5.494560e+00 
5.336413e-06 5.725111e+00 
5.339573e-06 5.772215e+00 
5.349051e-06 5.874850e+00 
5.352268e-06 5.895910e+00 
5.357899e-06 5.915754e+00 
5.362123e-06 5.916694e+00 
5.368458e-06 5.896823e+00 
5.374793e-06 5.853599e+00 
5.385549e-06 5.736019e+00 
5.398333e-06 5.547383e+00 
5.427920e-06 5.080947e+00 
5.439977e-06 4.931610e+00 
5.452540e-06 4.815114e+00 
5.465103e-06 4.736021e+00 
5.483313e-06 4.669629e+00 
5.528668e-06 4.567099e+00 
5.538482e-06 4.536529e+00 
5.579741e-06 4.370075e+00 
5.623771e-06 4.166445e+00 
5.664422e-06 3.965323e+00 
5.708666e-06 3.746405e+00 
5.731155e-06 3.655896e+00 
5.751646e-06 3.595353e+00 
5.766083e-06 3.565386e+00 
5.818017e-06 3.493364e+00 
5.838458e-06 3.449502e+00 
5.859454e-06 3.381957e+00 
5.876761e-06 3.309136e+00 
5.901009e-06 3.187507e+00 
5.921447e-06 3.075300e+00 
6.005546e-06 2.623747e+00 
6.038083e-06 2.461880e+00 
6.073404e-06 2.288147e+00 
6.108725e-06 2.113645e+00 
6.175600e-06 1.781088e+00 
6.210409e-06 1.607778e+00 
6.242475e-06 1.448180e+00 
6.277494e-06 1.274486e+00 
6.308170e-06 1.123971e+00 
6.332698e-06 1.005885e+00 
6.354184e-06 9.051541e-01 
6.369522e-06 8.354491e-01 
6.388803e-06 7.513306e-01 
6.415536e-06 6.434457e-01 
6.450625e-06 5.236299e-01 
6.461550e-06 4.927719e-01 
6.476888e-06 4.554772e-01 
6.484557e-06 4.396570e-01 
6.492226e-06 4.258359e-01 
6.499895e-06 4.141147e-01 
6.507564e-06 4.046235e-01 
6.515233e-06 3.975421e-01 
6.522902e-06 3.931277e-01 
6.530571e-06 3.917481e-01 
6.538240e-06 3.939246e-01 
6.542046e-06 3.965397e-01 
6.545733e-06 4.001797e-01 
6.549305e-06 4.048559e-01 
6.552765e-06 4.105821e-01 
6.556117e-06 4.173725e-01 
6.562510e-06 4.342042e-01 
6.568457e-06 4.552409e-01 
6.573365e-06 4.772812e-01 
6.578697e-06 5.069080e-01 
6.583701e-06 5.410358e-01 
6.586087e-06 5.597651e-01 
6.590708e-06 6.011800e-01 
6.595041e-06 6.469211e-01 
6.599103e-06 6.967522e-01 
6.602911e-06 7.503860e-01 
6.606481e-06 8.074917e-01 
6.609828e-06 8.677049e-01 
6.616103e-06 1.000463e+00 
6.621594e-06 1.141262e+00 
6.626399e-06 1.286555e+00 
6.630603e-06 1.433064e+00 
6.634282e-06 1.577936e+00 
6.640719e-06 1.874137e+00 
6.645547e-06 2.137001e+00 
6.660032e-06 3.187755e+00 
6.676425e-06 5.014911e+00 
6.686670e-06 6.625301e+00 
6.696916e-06 8.699960e+00 
6.703063e-06 1.020864e+01 
6.709210e-06 1.194335e+01 
6.716382e-06 1.428517e+01 
6.725603e-06 1.786016e+01 
6.732775e-06 2.112921e+01 
6.741996e-06 2.602797e+01 
6.749229e-06 3.046419e+01 
6.757476e-06 3.620275e+01 
6.762424e-06 4.000926e+01 
6.770726e-06 4.702673e+01 
6.779028e-06 5.484461e+01 
6.796670e-06 7.405279e+01 
6.798616e-06 7.637496e+01 
6.813274e-06 9.498588e+01 
6.818625e-06 1.021960e+02 
6.828840e-06 1.163867e+02 
6.836716e-06 1.275450e+02 
6.843601e-06 1.373153e+02 
6.849352e-06 1.453966e+02 
6.856746e-06 1.555571e+02 
6.863976e-06 1.651024e+02 
6.870397e-06 1.731327e+02 
6.878072e-06 1.820334e+02 
6.887213e-06 1.914270e+02 
6.895386e-06 1.985182e+02 
6.900887e-06 2.025166e+02 
6.908468e-06 2.069232e+02 
6.916382e-06 2.100877e+02 
6.923933e-06 2.116926e+02 
6.931873e-06 2.118745e+02 
6.933522e-06 2.117198e+02 
6.945894e-06 2.085078e+02 
6.953119e-06 2.050342e+02 
6.959436e-06 2.011086e+02 
6.966973e-06 1.954360e+02 
6.974418e-06 1.888949e+02 
6.983370e-06 1.799884e+02 
6.992722e-06 1.697246e+02 
7.003182e-06 1.574323e+02 
7.011484e-06 1.473171e+02 
7.024456e-06 1.313418e+02 
7.028088e-06 1.269037e+02 
7.044692e-06 1.072627e+02 
7.050399e-06 1.008651e+02 
7.061296e-06 8.930641e+01 
7.076862e-06 7.449382e+01 
7.116121e-06 4.660936e+01 
7.122067e-06 4.349511e+01 
7.133866e-06 3.805898e+01 
7.145480e-06 3.357402e+01 
7.156913e-06 2.988226e+01 
7.168168e-06 2.684194e+01 
7.179247e-06 2.433032e+01 
7.190152e-06 2.224410e+01 
7.200887e-06 2.049826e+01 
7.222022e-06 1.774847e+01 
7.242497e-06 1.571281e+01 
7.262331e-06 1.414302e+01 
7.281546e-06 1.288841e+01 
7.300160e-06 1.185621e+01 
7.318193e-06 1.098744e+01 
7.353131e-06 9.576169e+00 
7.385885e-06 8.490730e+00 
7.416797e-06 7.619579e+00 
7.445381e-06 6.916507e+00 
7.499358e-06 5.791752e+00 
7.688281e-06 2.837863e+00 
7.735511e-06 2.230248e+00 
7.770934e-06 1.813449e+00 
7.797501e-06 1.523210e+00 
7.817427e-06 1.318966e+00 
7.832371e-06 1.174159e+00 
7.854787e-06 9.724161e-01 
7.865995e-06 8.795635e-01 
7.877203e-06 7.929011e-01 
7.906286e-06 6.032352e-01 
7.915980e-06 5.539854e-01 
7.925674e-06 5.135024e-01 
7.935369e-06 4.832595e-01 
7.945063e-06 4.651063e-01 
7.954758e-06 4.613646e-01 
7.959605e-06 4.657798e-01 
7.966876e-06 4.814452e-01 
7.974146e-06 5.094458e-01 
7.977572e-06 5.274537e-01 
7.982481e-06 5.592222e-01 
7.986163e-06 5.880469e-01 
7.988924e-06 6.126986e-01 
7.993066e-06 6.549096e-01 
7.997208e-06 7.038828e-01 
8.001669e-06 7.648585e-01 
8.005842e-06 8.303128e-01 
8.012304e-06 9.494065e-01 
8.018746e-06 1.092078e+00 
8.027474e-06 1.329217e+00 
8.061048e-06 2.883905e+00 
8.073073e-06 3.781263e+00 
8.085738e-06 4.991147e+00 
8.095628e-06 6.161113e+00 
8.100573e-06 6.830658e+00 
8.111699e-06 8.569705e+00 
8.120353e-06 1.017078e+01 
8.131480e-06 1.259295e+01 
8.135188e-06 1.350003e+01 
8.152719e-06 1.854702e+01 
8.162854e-06 2.209901e+01 
8.172478e-06 2.595107e+01 
8.183676e-06 3.106520e+01 
8.194529e-06 3.671114e+01 
8.204492e-06 4.251659e+01 
8.210470e-06 4.629142e+01 
8.231982e-06 6.166924e+01 
8.239211e-06 6.743836e+01 
8.254302e-06 8.033662e+01 
8.260953e-06 8.633516e+01 
8.267302e-06 9.220291e+01 
8.275447e-06 9.988517e+01 
8.285248e-06 1.092653e+02 
8.290804e-06 1.145989e+02 
8.300256e-06 1.236051e+02 
8.310447e-06 1.330778e+02 
8.317274e-06 1.391943e+02 
8.326746e-06 1.472527e+02 
8.335842e-06 1.543967e+02 
8.345329e-06 1.610868e+02 
8.354775e-06 1.668472e+02 
8.366693e-06 1.726586e+02 
8.374368e-06 1.754624e+02 
8.393569e-06 1.790255e+02 
8.399943e-06 1.790910e+02 
8.414019e-06 1.772853e+02 
8.424423e-06 1.742972e+02 
8.430510e-06 1.719398e+02 
8.440497e-06 1.671772e+02 
8.444575e-06 1.649375e+02 
8.451712e-06 1.606464e+02 
8.461079e-06 1.543776e+02 
8.470111e-06 1.477607e+02 
8.482566e-06 1.379402e+02 
8.494524e-06 1.280159e+02 
8.509921e-06 1.149514e+02 
8.512120e-06 1.130857e+02 
8.532230e-06 9.638130e+01 
8.540378e-06 8.991508e+01 
8.555932e-06 7.827286e+01 
8.574016e-06 6.612272e+01 
8.616017e-06 4.430961e+01 
8.627380e-06 3.990477e+01 
8.638743e-06 3.607269e+01 
8.650202e-06 3.274006e+01 
8.658797e-06 3.056013e+01 
8.671688e-06 2.775031e+01 
8.684580e-06 2.542675e+01 
8.694598e-06 2.391163e+01 
8.704616e-06 2.261662e+01 
8.721553e-06 2.084962e+01 
8.742256e-06 1.926257e+01 
8.792588e-06 1.710598e+01 
8.801161e-06 1.689667e+01 
8.834212e-06 1.635710e+01 
8.846134e-06 1.624180e+01 
8.872959e-06 1.608216e+01 
8.925092e-06 1.592254e+01 
8.955396e-06 1.575624e+01 
8.981519e-06 1.549748e+01 
8.992789e-06 1.534682e+01 
9.009692e-06 1.507653e+01 
9.026596e-06 1.475701e+01 
9.050054e-06 1.424696e+01 
9.074490e-06 1.366138e+01 
9.149295e-06 1.186894e+01 
9.174598e-06 1.134682e+01 
9.199901e-06 1.088441e+01 
9.248549e-06 1.014843e+01 
9.280926e-06 9.743835e+00 
9.329720e-06 9.204633e+00 
9.386354e-06 8.599842e+00 
9.425933e-06 8.149047e+00 
9.452656e-06 7.825193e+00 
9.492172e-06 7.324967e+00 
9.589788e-06 6.152468e+00 
9.622544e-06 5.836693e+00 
9.654074e-06 5.579894e+00 
9.675497e-06 5.428807e+00 
9.733111e-06 5.083731e+00 
9.780248e-06 4.820585e+00 
9.797363e-06 4.720711e+00 
9.840153e-06 4.453249e+00 
9.916322e-06 3.965518e+00 
9.925984e-06 3.914279e+00 
9.954971e-06 3.798094e+00 
9.965138e-06 3.774860e+00 
9.985118e-06 3.763293e+00 
9.989546e-06 3.767581e+00 
1.001395e-05 3.841449e+00 
1.002006e-05 3.873982e+00 
1.003836e-05 4.006745e+00 
1.005181e-05 4.137694e+00 
1.006465e-05 4.287844e+00 
1.008601e-05 4.585946e+00 
1.013599e-05 5.426442e+00 
1.015430e-05 5.738827e+00 
1.016040e-05 5.838509e+00 
1.018481e-05 6.199421e+00 
1.019091e-05 6.277573e+00 
1.020922e-05 6.476030e+00 
1.022157e-05 6.576134e+00 
1.023336e-05 6.644303e+00 
1.024515e-05 6.684966e+00 
1.025447e-05 6.697613e+00 
1.026846e-05 6.685037e+00 
1.028244e-05 6.636488e+00 
1.029464e-05 6.567085e+00 
1.030685e-05 6.475134e+00 
1.033125e-05 6.235281e+00 
1.035566e-05 5.941679e+00 
1.039247e-05 5.450896e+00 
1.044784e-05 4.736477e+00 
1.046612e-05 4.530250e+00 
1.050000e-05 4.204819e+00 
1.052499e-05 4.017510e+00 
1.055070e-05 3.873919e+00 
1.057903e-05 3.772648e+00 
1.059176e-05 3.745388e+00 
1.060450e-05 3.728481e+00 
1.061677e-05 3.721088e+00 
1.064437e-05 3.730782e+00 
1.073187e-05 3.850389e+00 
1.075735e-05 3.865006e+00 
1.077079e-05 3.864071e+00 
1.079094e-05 3.850738e+00 
1.081110e-05 3.823671e+00 
1.083771e-05 3.770196e+00 
1.085930e-05 3.716151e+00 
1.094255e-05 3.489309e+00 
1.097473e-05 3.414832e+00 
1.099943e-05 3.365245e+00 
1.103579e-05 3.302070e+00 
1.116735e-05 3.109222e+00 
1.122068e-05 3.027256e+00 
1.129529e-05 2.895709e+00 
1.135106e-05 2.777880e+00 
1.138832e-05 2.689139e+00 
1.145082e-05 2.529181e+00 
1.152785e-05 2.339366e+00 
1.156881e-05 2.253590e+00 
1.160134e-05 2.195392e+00 
1.164170e-05 2.134771e+00 
1.168184e-05 2.084515e+00 
1.182987e-05 1.927928e+00 
1.195914e-05 1.781744e+00 
1.202264e-05 1.708307e+00 
1.245000e-05 1.228661e+00 
1.280000e-05 8.884995e-01 
1.308066e-05 6.664707e-01 
1.336025e-05 4.983792e-01 
1.364622e-05 3.846871e-01 
1.374698e-05 3.590753e-01 
1.381416e-05 3.472244e-01 
1.388145e-05 3.396211e-01 
1.391492e-05 3.374310e-01 
1.394555e-05 3.363606e-01 
1.398210e-05 3.362620e-01 
1.401779e-05 3.374194e-01 
1.405691e-05 3.401326e-01 
1.412538e-05 3.485973e-01 
1.421722e-05 3.676180e-01 
1.431798e-05 3.989589e-01 
1.447636e-05 4.709082e-01 
1.462177e-05 5.630475e-01 
1.474904e-05 6.666936e-01 
1.508578e-05 1.054044e+00 
1.529312e-05 1.382764e+00 
1.551725e-05 1.749449e+00 
1.560178e-05 1.822044e+00 
1.581516e-05 1.745858e+00 
1.604532e-05 1.506010e+00 
1.623712e-05 1.305593e+00 
1.643725e-05 1.106901e+00 
1.660339e-05 9.530935e-01 
1.668451e-05 8.825903e-01 
1.684422e-05 7.540144e-01 
1.699895e-05 6.446474e-01 
1.714883e-05 5.565099e-01 
1.729404e-05 4.916312e-01 
1.743470e-05 4.518502e-01 
1.756212e-05 4.391082e-01 
1.757097e-05 4.391475e-01 
1.770298e-05 4.558106e-01 
1.778279e-05 4.820727e-01 
1.783087e-05 5.044932e-01 
1.795476e-05 5.876082e-01 
1.807478e-05 7.072985e-01 
1.819104e-05 8.659991e-01 
1.830368e-05 1.066406e+00 
1.841279e-05 1.311297e+00 
1.862090e-05 1.945919e+00 
1.881620e-05 2.793598e+00 
1.892506e-05 3.400092e+00 
1.909518e-05 4.587675e+00 
1.925962e-05 6.072779e+00 
1.941900e-05 7.907073e+00 
1.970310e-05 1.249179e+01 
2.008128e-05 2.271222e+01 
2.029277e-05 3.175594e+01 
2.037485e-05 3.621583e+01 
2.047568e-05 4.263135e+01 
2.062489e-05 5.450808e+01 
2.071849e-05 6.381570e+01 
2.076662e-05 6.929309e+01 
2.084516e-05 7.943535e+01 
2.094770e-05 9.541161e+01 
2.100068e-05 1.051529e+02 
2.109691e-05 1.261194e+02 
2.118421e-05 1.497810e+02 
2.126217e-05 1.758857e+02 
2.132744e-05 2.025337e+02 
2.138593e-05 2.312870e+02 
2.143711e-05 2.613170e+02 
2.148188e-05 2.922933e+02 
2.153200e-05 3.334461e+02 
2.155535e-05 3.553997e+02 
2.161535e-05 4.215879e+02 
2.166034e-05 4.821433e+02 
2.171940e-05 5.787554e+02 
2.181642e-05 7.884156e+02 
2.192381e-05 1.109935e+03 
2.210640e-05 1.959602e+03 
2.213863e-05 2.171666e+03 
2.217086e-05 2.412455e+03 
2.222722e-05 2.920790e+03 
2.225943e-05 3.273328e+03 
2.230774e-05 3.906585e+03 
2.235447e-05 4.659374e+03 
2.244756e-05 6.632954e+03 
2.248964e-05 7.736391e+03 
2.255405e-05 9.635951e+03 
2.256049e-05 9.836397e+03 
2.261042e-05 1.142154e+04 
2.264132e-05 1.240393e+04 
2.266737e-05 1.321111e+04 
2.269393e-05 1.399738e+04 
2.271919e-05 1.469528e+04 
2.274163e-05 1.526236e+04 
2.276844e-05 1.586137e+04 
2.279967e-05 1.643216e+04 
2.282629e-05 1.679691e+04 
2.284009e-05 1.693832e+04 
2.286711e-05 1.711645e+04 
2.289339e-05 1.716076e+04 
2.290782e-05 1.713046e+04 
2.293450e-05 1.697335e+04 
2.295450e-05 1.677178e+04 
2.299270e-05 1.619890e+04 
2.302006e-05 1.565079e+04 
2.304028e-05 1.518108e+04 
2.306627e-05 1.450742e+04 
2.308711e-05 1.391918e+04 
2.310414e-05 1.341301e+04 
2.312649e-05 1.272108e+04 
2.315522e-05 1.179954e+04 
2.318270e-05 1.090099e+04 
2.321019e-05 1.000169e+04 
2.324110e-05 9.006565e+03 
2.326515e-05 8.255358e+03 
2.332011e-05 6.649713e+03 
2.333901e-05 6.141298e+03 
2.335704e-05 5.679163e+03 
2.338882e-05 4.922383e+03 
2.342493e-05 4.153387e+03 
2.346077e-05 3.485001e+03 
2.348709e-05 3.052055e+03 
2.351523e-05 2.640483e+03 
2.354337e-05 2.278542e+03 
2.365921e-05 1.227027e+03 
2.371737e-05 9.064751e+02 
2.373757e-05 8.197614e+02 
2.375652e-05 7.484830e+02 
2.377546e-05 6.861272e+02 
2.379571e-05 6.285340e+02 
2.380298e-05 6.100047e+02 
2.385386e-05 5.085210e+02 
2.386112e-05 4.976838e+02 
2.387384e-05 4.806946e+02 
2.391200e-05 4.435144e+02 
2.392922e-05 4.327924e+02 
2.393904e-05 4.281791e+02 
2.394764e-05 4.249820e+02 
2.396269e-05 4.211530e+02 
2.397397e-05 4.196537e+02 
2.399090e-05 4.194093e+02 
2.400783e-05 4.213229e+02 
2.402883e-05 4.262873e+02 
2.404599e-05 4.321371e+02 
2.407574e-05 4.452628e+02 
2.416150e-05 4.933098e+02 
2.420010e-05 5.144382e+02 
2.421753e-05 5.230376e+02 
2.427197e-05 5.442186e+02 
2.429235e-05 5.495174e+02 
2.431966e-05 5.541266e+02 
2.434033e-05 5.556808e+02 
2.437161e-05 5.549023e+02 
2.439726e-05 5.515836e+02 
2.442240e-05 5.461839e+02 
2.445565e-05 5.361834e+02 
2.447564e-05 5.288440e+02 
2.451732e-05 5.111071e+02 
2.458238e-05 4.796099e+02 
2.471084e-05 4.189297e+02 
2.477877e-05 3.929655e+02 
2.483332e-05 3.758473e+02 
2.488269e-05 3.628925e+02 
2.497513e-05 3.434185e+02 
2.511599e-05 3.199324e+02 
2.549031e-05 2.669890e+02 
2.563777e-05 2.502020e+02 
2.578345e-05 2.360082e+02 
2.587561e-05 2.280303e+02 
2.606179e-05 2.137286e+02 
2.625170e-05 2.009612e+02 
2.678962e-05 1.705464e+02 
2.704304e-05 1.585576e+02 
2.744568e-05 1.420357e+02 
2.774322e-05 1.315055e+02 
2.810892e-05 1.201823e+02 
2.851018e-05 1.093238e+02 
2.886624e-05 1.008309e+02 
3.071452e-05 6.798978e+01 
3.175942e-05 5.517908e+01 
3.221640e-05 5.078468e+01 
3.246039e-05 4.877996e+01 
3.268914e-05 4.714232e+01 
3.290359e-05 4.586042e+01 
3.310150e-05 4.494387e+01 
3.328723e-05 4.436945e+01 
3.346153e-05 4.413771e+01 
3.362511e-05 4.424047e+01 
3.377862e-05 4.463490e+01 
3.415258e-05 4.615094e+01 
3.428703e-05 4.641987e+01 
3.440700e-05 4.639852e+01 
3.465739e-05 4.604393e+01 
3.474740e-05 4.614932e+01 
3.479030e-05 4.631465e+01 
3.483187e-05 4.657025e+01 
3.487213e-05 4.692591e+01 
3.491114e-05 4.739052e+01 
3.494892e-05 4.797230e+01 
3.498553e-05 4.867910e+01 
3.502099e-05 4.951864e+01 
3.505535e-05 5.049867e+01 
3.508863e-05 5.162717e+01 
3.515311e-05 5.441382e+01 
3.521356e-05 5.792460e+01 
3.527024e-05 6.224354e+01 
3.532337e-05 6.746169e+01 
3.537318e-05 7.367366e+01 
3.541988e-05 8.097240e+01 
3.546366e-05 8.944311e+01 
3.550470e-05 9.915705e+01 
3.554318e-05 1.101661e+02 
3.557925e-05 1.224985e+02 
3.561307e-05 1.361565e+02 
3.564477e-05 1.511155e+02 
3.567450e-05 1.673251e+02 
3.570236e-05 1.847112e+02 
3.572849e-05 2.031792e+02 
3.577747e-05 2.443327e+02 
3.582033e-05 2.885070e+02 
3.589064e-05 3.811761e+02 
3.601936e-05 6.359838e+02 
3.607774e-05 7.976502e+02 
3.613615e-05 9.938832e+02 
3.617565e-05 1.147890e+03 
3.620302e-05 1.265216e+03 
3.623038e-05 1.391485e+03 
3.627486e-05 1.616108e+03 
3.631934e-05 1.864763e+03 
3.641386e-05 2.469221e+03 
3.643471e-05 2.615210e+03 
3.649725e-05 3.075598e+03 
3.653148e-05 3.338856e+03 
3.658621e-05 3.769734e+03 
3.661564e-05 4.003366e+03 
3.665999e-05 4.352988e+03 
3.669937e-05 4.656215e+03 
3.673101e-05 4.891515e+03 
3.675000e-05 5.027948e+03 
3.677577e-05 5.206254e+03 
3.680960e-05 5.426166e+03 
3.685003e-05 5.664203e+03 
3.690034e-05 5.916052e+03 
3.694343e-05 6.087132e+03 
3.696576e-05 6.158183e+03 
3.700624e-05 6.254646e+03 
3.704829e-05 6.309147e+03 
3.709252e-05 6.315281e+03 
3.712812e-05 6.282285e+03 
3.714706e-05 6.251226e+03 
3.721379e-05 6.070502e+03 
3.724872e-05 5.934696e+03 
3.727598e-05 5.810954e+03 
3.731494e-05 5.609789e+03 
3.733998e-05 5.467007e+03 
3.736502e-05 5.315018e+03 
3.739271e-05 5.137638e+03 
3.742906e-05 4.892559e+03 
3.747579e-05 4.562357e+03 
3.752027e-05 4.238558e+03 
3.756475e-05 3.911646e+03 
3.761478e-05 3.546985e+03 
3.765370e-05 3.269874e+03 
3.774266e-05 2.672882e+03 
3.775240e-05 2.611388e+03 
3.789846e-05 1.800410e+03 
3.799671e-05 1.380130e+03 
3.807406e-05 1.118029e+03 
3.812400e-05 9.782747e+02 
3.818458e-05 8.367220e+02 
3.822326e-05 7.608381e+02 
3.826057e-05 6.972821e+02 
3.828798e-05 6.561167e+02 
3.832910e-05 6.023630e+02 
3.837022e-05 5.572501e+02 
3.839273e-05 5.358517e+02 
3.843940e-05 4.980567e+02 
3.846696e-05 4.794885e+02 
3.850887e-05 4.558800e+02 
3.854391e-05 4.399068e+02 
3.858937e-05 4.235141e+02 
3.861707e-05 4.155770e+02 
3.863884e-05 4.102796e+02 
3.870215e-05 3.987900e+02 
3.875268e-05 3.928935e+02 
3.882487e-05 3.878855e+02 
3.897164e-05 3.837323e+02 
3.908046e-05 3.814692e+02 
3.916134e-05 3.789229e+02 
3.927715e-05 3.735450e+02 
3.939976e-05 3.660533e+02 
3.967317e-05 3.478735e+02 
3.984745e-05 3.381347e+02 
4.031034e-05 3.172367e+02 
4.054471e-05 3.057798e+02 
4.097198e-05 2.852294e+02 
4.109757e-05 2.801424e+02 
4.126683e-05 2.741458e+02 
4.155137e-05 2.659193e+02 
4.184282e-05 2.591418e+02 
4.217991e-05 2.526330e+02 
4.269645e-05 2.446061e+02 
4.338279e-05 2.365749e+02 
4.393750e-05 2.317713e+02 
4.458185e-05 2.278375e+02 
4.543044e-05 2.246267e+02 
4.654043e-05 2.226226e+02 
4.784175e-05 2.231924e+02 
4.852396e-05 2.243419e+02 
4.958332e-05 2.271289e+02 
5.120000e-05 2.336717e+02 
5.300228e-05 2.434962e+02 
5.506499e-05 2.575839e+02 
5.824549e-05 2.829347e+02 
5.888437e-05 2.888053e+02 
5.922415e-05 2.931422e+02 
5.958076e-05 2.995315e+02 
6.041100e-05 3.195616e+02 
6.063811e-05 3.240877e+02 
6.092854e-05 3.282417e+02 
6.185070e-05 3.363178e+02 
6.220308e-05 3.407185e+02 
6.340389e-05 3.580620e+02 
6.553600e-05 3.854559e+02 
7.350185e-05 5.047542e+02 
7.675371e-05 5.568094e+02 
7.973080e-05 6.038205e+02 
8.258545e-05 6.479484e+02 
8.572794e-05 6.939025e+02 
8.846325e-05 7.307088e+02 
9.150000e-05 7.671691e+02 
9.482079e-05 8.006070e+02 
9.832076e-05 8.263499e+02 
1.011579e-04 8.378614e+02 
1.031673e-04 8.410334e+02 
1.050781e-04 8.379150e+02 
1.073442e-04 8.266970e+02 
1.091969e-04 8.098202e+02 
1.107777e-04 7.887362e+02 
1.121264e-04 7.689341e+02 
1.130737e-04 7.658435e+02 
1.142626e-04 7.889532e+02 
1.152995e-04 8.293351e+02 
1.161647e-04 8.746811e+02 
1.168154e-04 9.176064e+02 
1.174912e-04 9.736991e+02 
1.181070e-04 1.039984e+03 
1.186911e-04 1.123855e+03 
1.191119e-04 1.203999e+03 
1.194857e-04 1.295916e+03 
1.197860e-04 1.389637e+03 
1.199662e-04 1.456959e+03 
1.204091e-04 1.669693e+03 
1.205567e-04 1.759353e+03 
1.208520e-04 1.974421e+03 
1.211240e-04 2.222626e+03 
1.213688e-04 2.494285e+03 
1.216451e-04 2.863036e+03 
1.224170e-04 4.267303e+03 
1.225056e-04 4.461346e+03 
1.228431e-04 5.246607e+03 
1.231432e-04 5.981890e+03 
1.232088e-04 6.144005e+03 
1.234274e-04 6.678839e+03 
1.235828e-04 7.047895e+03 
1.237536e-04 7.435343e+03 
1.239052e-04 7.757603e+03 
1.241001e-04 8.133437e+03 
1.242625e-04 8.406723e+03 
1.244653e-04 8.688900e+03 
1.246377e-04 8.870985e+03 
1.248205e-04 9.000704e+03 
1.249643e-04 9.054574e+03 
1.251598e-04 9.057452e+03 
1.252975e-04 9.010411e+03 
1.255290e-04 8.841385e+03 
1.256749e-04 8.679200e+03 
1.257980e-04 8.511270e+03 
1.259386e-04 8.287030e+03 
1.260482e-04 8.090514e+03 
1.262049e-04 7.780629e+03 
1.263685e-04 7.426353e+03 
1.265563e-04 6.990721e+03 
1.267438e-04 6.535644e+03 
1.269407e-04 6.048563e+03 
1.270064e-04 5.886189e+03 
1.273439e-04 5.070549e+03 
1.276065e-04 4.479124e+03 
1.283235e-04 3.162244e+03 
1.286292e-04 2.745497e+03 
1.288752e-04 2.467356e+03 
1.291997e-04 2.168015e+03 
1.295921e-04 1.888559e+03 
1.300299e-04 1.654143e+03 
1.305225e-04 1.454758e+03 
1.311286e-04 1.267537e+03 
1.316031e-04 1.155361e+03 
1.319670e-04 1.093494e+03 
1.323188e-04 1.062207e+03 
1.325886e-04 1.064300e+03 
1.328255e-04 1.090031e+03 
1.330174e-04 1.130292e+03 
1.331736e-04 1.177487e+03 
1.332630e-04 1.210742e+03 
1.333684e-04 1.256131e+03 
1.335063e-04 1.325993e+03 
1.335977e-04 1.379048e+03 
1.341164e-04 1.785677e+03 
1.346013e-04 2.325438e+03 
1.348549e-04 2.662033e+03 
1.349952e-04 2.861369e+03 
1.352426e-04 3.231477e+03 
1.353993e-04 3.474779e+03 
1.355744e-04 3.751389e+03 
1.356990e-04 3.949216e+03 
1.358936e-04 4.256038e+03 
1.360866e-04 4.552609e+03 
1.361731e-04 4.681314e+03 
1.364033e-04 5.005696e+03 
1.365581e-04 5.204899e+03 
1.366873e-04 5.356539e+03 
1.368649e-04 5.540249e+03 
1.371819e-04 5.784917e+03 
1.373132e-04 5.851622e+03 
1.375519e-04 5.917489e+03 
1.376597e-04 5.923468e+03 
1.378432e-04 5.900016e+03 
1.379894e-04 5.852015e+03 
1.381845e-04 5.750183e+03 
1.383942e-04 5.597460e+03 
1.386093e-04 5.401721e+03 
1.387760e-04 5.228342e+03 
1.390313e-04 4.936756e+03 
1.394188e-04 4.464595e+03 
1.398250e-04 3.976158e+03 
1.403300e-04 3.434084e+03 
1.406402e-04 3.152354e+03 
1.408000e-04 3.023682e+03 
1.410410e-04 2.850231e+03 
1.413415e-04 2.666531e+03 
1.416524e-04 2.510313e+03 
1.421097e-04 2.331600e+03 
1.427209e-04 2.162485e+03 
1.433957e-04 2.036388e+03 
1.440094e-04 1.956853e+03 
1.446469e-04 1.897427e+03 
1.454277e-04 1.844785e+03 
1.458258e-04 1.823055e+03 
1.473313e-04 1.754556e+03 
1.489062e-04 1.696394e+03 
1.512836e-04 1.633415e+03 
1.540000e-04 1.588252e+03 
1.572000e-04 1.556128e+03 
1.627000e-04 1.526303e+03 
1.663660e-04 1.507566e+03 
1.731257e-04 1.463550e+03 
1.772499e-04 1.430822e+03 
1.850915e-04 1.363708e+03 
1.944000e-04 1.282109e+03 
2.072028e-04 1.174970e+03 
2.252620e-04 1.040164e+03 
2.383015e-04 9.537272e+02 
2.446064e-04 9.131630e+02 
2.474067e-04 8.939299e+02 
2.523063e-04 8.555175e+02 
2.553732e-04 8.301264e+02 
2.568562e-04 8.219924e+02 
2.586075e-04 8.184586e+02 
2.633592e-04 8.231871e+02 
2.646579e-04 8.228504e+02 
2.683971e-04 8.174442e+02 
2.750000e-04 8.027783e+02 
2.952802e-04 7.532033e+02 
3.139687e-04 7.095767e+02 
3.255940e-04 6.836861e+02 
3.512662e-04 6.280013e+02 
3.551575e-04 6.245406e+02 
3.617185e-04 6.240881e+02 
3.758374e-04 6.143635e+02 
4.020108e-04 5.850660e+02 
4.213884e-04 5.581079e+02 
4.293970e-04 5.470071e+02 
4.380952e-04 5.385324e+02 
4.520747e-04 5.222652e+02 
4.726479e-04 4.924128e+02 
4.867183e-04 4.691082e+02 
5.033133e-04 4.383849e+02 
5.169629e-04 4.097272e+02 
5.261791e-04 3.883842e+02 
5.382672e-04 3.575726e+02 
5.468261e-04 3.343919e+02 
5.566701e-04 3.080777e+02 
5.665000e-04 2.831109e+02 
5.707207e-04 2.716875e+02 
5.735837e-04 2.633031e+02 
5.797000e-04 2.441340e+02 
5.821032e-04 2.363259e+02 
5.848000e-04 2.274114e+02 
5.898240e-04 2.103410e+02 
5.943179e-04 1.947000e+02 
5.978030e-04 1.826022e+02 
6.074974e-04 1.519453e+02 
6.101218e-04 1.452068e+02 
6.130014e-04 1.390047e+02 
6.161310e-04 1.339843e+02 
6.191476e-04 1.311639e+02 
6.215041e-04 1.305460e+02 
6.239002e-04 1.315076e+02 
6.269326e-04 1.352475e+02 
6.300500e-04 1.422995e+02 
6.321094e-04 1.488744e+02 
6.352482e-04 1.620033e+02 
6.384982e-04 1.797241e+02 
6.418342e-04 2.024103e+02 
6.463733e-04 2.406697e+02 
6.533741e-04 3.160326e+02 
6.582500e-04 3.793797e+02 
6.625614e-04 4.417565e+02 
6.654983e-04 4.871191e+02 
6.672488e-04 5.150984e+02 
6.707492e-04 5.728135e+02 
6.733746e-04 6.173553e+02 
6.760830e-04 6.641271e+02 
6.792388e-04 7.193068e+02 
6.820000e-04 7.678710e+02 
6.839857e-04 8.028035e+02 
6.865550e-04 8.478469e+02 
6.892223e-04 8.942486e+02 
6.918310e-04 9.391119e+02 
6.967500e-04 1.021896e+03 
7.032956e-04 1.127640e+03 
7.100000e-04 1.229886e+03 
7.182730e-04 1.346864e+03 
7.244360e-04 1.427148e+03 
7.344371e-04 1.545295e+03 
7.422060e-04 1.627796e+03 
7.500000e-04 1.702809e+03 
7.542888e-04 1.740873e+03 
7.662580e-04 1.837079e+03 
7.709283e-04 1.871143e+03 
7.814336e-04 1.941856e+03 
7.962251e-04 2.030558e+03 
8.107429e-04 2.106008e+03 
8.239782e-04 2.165101e+03 
8.395046e-04 2.225663e+03 
8.591371e-04 2.291426e+03 
8.785166e-04 2.342756e+03 
8.948067e-04 2.374283e+03 
9.120108e-04 2.396766e+03 
9.277677e-04 2.436285e+03 
9.326598e-04 2.474168e+03 
9.401062e-04 2.558601e+03 
9.456008e-04 2.613079e+03 
9.483798e-04 2.627065e+03 
9.504848e-04 2.629588e+03 
9.529008e-04 2.623994e+03 
9.554464e-04 2.609867e+03 
9.647326e-04 2.539434e+03 
9.669163e-04 2.530211e+03 
9.692500e-04 2.526278e+03 
9.730200e-04 2.532859e+03 
9.800541e-04 2.577711e+03 
9.879270e-04 2.652948e+03 
9.995085e-04 2.785397e+03 
1.008755e-03 2.882519e+03 
1.013214e-03 2.910713e+03 
1.016263e-03 2.921464e+03 
1.031026e-03 2.938505e+03 
1.038333e-03 2.964033e+03 
1.048650e-03 3.015655e+03 
1.065369e-03 3.091093e+03 
1.091060e-03 3.179689e+03 
1.122019e-03 3.263118e+03 
1.151170e-03 3.326699e+03 
1.194119e-03 3.402564e+03 
1.233741e-03 3.449986e+03 
1.263928e-03 3.466971e+03 
1.293317e-03 3.467692e+03 
1.299660e-03 3.475270e+03 
1.309546e-03 3.500012e+03 
1.344460e-03 3.645408e+03 
1.359316e-03 3.691078e+03 
1.382930e-03 3.740618e+03 
1.418330e-03 3.790080e+03 
1.462935e-03 3.834322e+03 
1.504874e-03 3.862717e+03 
1.560001e-03 3.889348e+03 
1.615615e-03 3.903925e+03 
1.676568e-03 3.913254e+03 
1.707750e-03 3.929963e+03 
1.745948e-03 3.940156e+03 
1.799549e-03 3.934959e+03 
1.852342e-03 3.922916e+03 
1.904377e-03 3.943228e+03 
1.959162e-03 3.947334e+03 
2.045969e-03 3.936812e+03 
2.140080e-03 3.911969e+03 
2.256511e-03 3.869233e+03 
2.368162e-03 3.821161e+03 
2.496570e-03 3.756147e+03 
2.626486e-03 3.682970e+03 
2.774351e-03 3.595200e+03 
2.922680e-03 3.495712e+03 
3.081414e-03 3.383982e+03 
3.249905e-03 3.257233e+03 
3.399601e-03 3.133821e+03 
3.537936e-03 3.012798e+03 
3.667005e-03 2.889711e+03 
3.779382e-03 2.772934e+03 
3.868121e-03 2.672472e+03 
3.944715e-03 2.576990e+03 
4.019690e-03 2.472194e+03 
4.079788e-03 2.376479e+03 
4.132296e-03 2.280560e+03 
4.173585e-03 2.193212e+03 
4.209688e-03 2.103222e+03 
4.237570e-03 2.021173e+03 
4.254374e-03 1.965714e+03 
4.307962e-03 1.781751e+03 
4.320535e-03 1.748566e+03 
4.334946e-03 1.722253e+03 
4.348618e-03 1.711654e+03 
4.358881e-03 1.713749e+03 
4.369562e-03 1.724981e+03 
4.380892e-03 1.746080e+03 
4.398734e-03 1.794299e+03 
4.430579e-03 1.900585e+03 
4.447815e-03 1.954839e+03 
4.464613e-03 1.999144e+03 
4.480732e-03 2.031899e+03 
4.499741e-03 2.058448e+03 
4.512573e-03 2.070117e+03 
4.571900e-03 2.102103e+03 
4.585781e-03 2.116015e+03 
4.603802e-03 2.143531e+03 
4.625878e-03 2.193402e+03 
4.650000e-03 2.265574e+03 
4.702569e-03 2.445814e+03 
4.721857e-03 2.506038e+03 
4.741021e-03 2.558820e+03 
4.765994e-03 2.616631e+03 
4.795597e-03 2.671186e+03 
4.836500e-03 2.728519e+03 
4.886287e-03 2.779941e+03 
4.940075e-03 2.819016e+03 
4.983105e-03 2.838988e+03 
5.037517e-03 2.850248e+03 
5.081036e-03 2.846758e+03 
5.143984e-03 2.821194e+03 
5.188281e-03 2.804170e+03 
5.207516e-03 2.804935e+03 
5.224930e-03 2.812600e+03 
5.254888e-03 2.842717e+03 
5.290334e-03 2.899733e+03 
5.339757e-03 2.986747e+03 
5.362980e-03 3.021134e+03 
5.392216e-03 3.056017e+03 
5.428757e-03 3.088470e+03 
5.477463e-03 3.119063e+03 
5.535558e-03 3.144459e+03 
5.600106e-03 3.163736e+03 
5.672602e-03 3.177888e+03 
5.765280e-03 3.187335e+03 
5.924644e-03 3.184814e+03 
6.116941e-03 3.159674e+03 
6.231470e-03 3.134716e+03 
6.376446e-03 3.088182e+03 
6.505488e-03 3.033478e+03 
6.561022e-03 3.021655e+03 
6.703568e-03 3.029314e+03 
6.801139e-03 3.018968e+03 
6.939340e-03 2.992441e+03 
7.118127e-03 2.998789e+03 
7.292738e-03 2.984266e+03 
7.547713e-03 2.941848e+03 
7.864320e-03 2.876976e+03 
8.426069e-03 2.750232e+03 
9.047117e-03 2.606760e+03 
9.606786e-03 2.478563e+03 
1.039599e-02 2.306194e+03 
1.133113e-02 2.118209e+03 
1.217752e-02 1.963353e+03 
1.328405e-02 1.780550e+03 
1.445440e-02 1.609247e+03 
1.513144e-02 1.518440e+03 
1.573677e-02 1.441361e+03 
1.639542e-02 1.361379e+03 
1.697022e-02 1.294389e+03 
1.747205e-02 1.237173e+03 
1.792410e-02 1.186367e+03 
1.831935e-02 1.141865e+03 
1.866231e-02 1.102427e+03 
1.891749e-02 1.072180e+03 
1.916482e-02 1.041526e+03 
1.936126e-02 1.015614e+03 
1.949187e-02 9.971434e+02 
1.964736e-02 9.730588e+02 
1.977041e-02 9.514394e+02 
1.986593e-02 9.324191e+02 
2.000566e-02 9.008116e+02 
2.019719e-02 8.570648e+02 
2.028142e-02 8.432350e+02 
2.034405e-02 8.371277e+02 
2.041841e-02 8.352797e+02 
2.049392e-02 8.392577e+02 
2.058470e-02 8.501850e+02 
2.077919e-02 8.819517e+02 
2.091552e-02 9.003518e+02 
2.099538e-02 9.081210e+02 
2.107867e-02 9.140592e+02 
2.119036e-02 9.192974e+02 
2.133352e-02 9.228520e+02 
2.150000e-02 9.241297e+02 
2.187171e-02 9.203526e+02 
2.214861e-02 9.138123e+02 
2.270743e-02 8.950033e+02 
2.332543e-02 8.688562e+02 
2.398992e-02 8.363181e+02 
2.453672e-02 8.057953e+02 
2.479562e-02 7.896594e+02 
2.502883e-02 7.735803e+02 
2.520723e-02 7.596654e+02 
2.545551e-02 7.369268e+02 
2.575835e-02 7.074794e+02 
2.588366e-02 6.985181e+02 
2.600393e-02 6.934570e+02 
2.612952e-02 6.919057e+02 
2.634147e-02 6.946396e+02 
2.686763e-02 7.045973e+02 
2.730508e-02 7.170410e+02 
2.755532e-02 7.211080e+02 
2.793452e-02 7.213506e+02 
2.836598e-02 7.171760e+02 
2.903419e-02 7.066131e+02 
2.993987e-02 6.887179e+02 
3.138428e-02 6.570421e+02 
3.353244e-02 6.091621e+02 
3.602940e-02 5.572558e+02 
3.907812e-02 5.006418e+02 
4.231723e-02 4.475849e+02 
4.656992e-02 3.886047e+02 
5.134592e-02 3.346190e+02 
5.610206e-02 2.902727e+02 
6.114227e-02 2.514777e+02 
6.956489e-02 2.014282e+02 
8.234268e-02 1.496783e+02 
9.314867e-02 1.198847e+02 
1.015032e-01 1.023601e+02 
1.102356e-01 8.751931e+01 
1.145704e-01 8.113988e+01 
1.187522e-01 7.547483e+01 
1.222561e-01 7.102679e+01 
1.273956e-01 6.484616e+01 
1.294032e-01 6.247875e+01 
1.310196e-01 6.055136e+01 
1.324069e-01 5.884754e+01 
1.335673e-01 5.734620e+01 
1.344932e-01 5.605196e+01 
1.352244e-01 5.493081e+01 
1.364246e-01 5.285793e+01 
1.378372e-01 5.042180e+01 
1.385320e-01 4.959606e+01 
1.389470e-01 4.931156e+01 
1.394525e-01 4.919260e+01 
1.400897e-01 4.935457e+01 
1.422228e-01 5.074322e+01 
1.432672e-01 5.110813e+01 
1.439818e-01 5.118886e+01 
1.448644e-01 5.115760e+01 
1.471188e-01 5.072036e+01 
1.500000e-01 4.980480e+01 
1.540598e-01 4.824776e+01 
1.591454e-01 4.616887e+01 
1.667086e-01 4.308887e+01 
1.796132e-01 3.821862e+01 
1.966451e-01 3.278386e+01 
2.234145e-01 2.621309e+01 
2.670061e-01 1.901785e+01 
3.198895e-01 1.364237e+01 
3.992906e-01 9.009756e+00 
5.208280e-01 5.437124e+00 
7.397117e-01 2.766963e+00 
1.173413e+00 1.128259e+00 
1.776032e+00 4.995962e-01 
2.947480e+00 1.830038e-01 
6.752287e+00 3.503755e-02 
2.039158e+01 3.844521e-03 
6.158159e+01 4.215366e-04 
1.859734e+02 4.622046e-05 
5.616308e+02 5.067970e-06 
1.995262e+03 4.015465e-07 
6.309573e+03 4.015465e-08 
1.995262e+04 4.015465e-09 
6.309573e+04 4.015460e-10 
1.000000e+05 1.598590e-10 
-1           -1           
-2           -2           
