% -----------------------------------------------------------------------
%   Program Name: pe-cs-28.dat    
%   Author: the Geant4 Collaboration
%   Organization: the Geant4 Collaboration
%   Version: unknown
%   Date: circa 2006
%   Class: Public
%   Copyright (c) Copyright Holders of the Geant4 Collaboration, 1994-2006.
%   See http://cern.ch/geant4/license for details on the copyright holders.
%   All rights not expressly granted under this license are reserved.
% -----------------------------------------------------------------------
8.09e-06   0.0 
8.09e-06  2.26958e+06
8.41395e-06  1.77671e+06
8.70964e-06  1.42195e+06
9.01571e-06  1.12834e+06
9.28e-06  922774
9.54993e-06  750207
9.77237e-06  631350
1e-05  527938
1.02329e-05  438343
1.042e-05  376614
1.06e-05  324650
1.077e-05  281484
1.09648e-05  238202
1.115e-05  202460
1.127e-05  181805
1.142e-05  158482
1.157e-05  137681
1.172e-05  119155
1.1885e-05  101143
1.20226e-05  87833.3
1.2184e-05  74016.4
1.23027e-05  64972.4
1.245e-05  54946.8
1.255e-05  48839.8
1.265e-05  43253.6
1.275e-05  38155
1.285e-05  33512.6
1.295e-05  29296
1.305e-05  25477.8
1.315e-05  22031.8
1.325e-05  18933.6
1.33352e-05  16550.8
1.342e-05  14401
1.35e-05  12563.4
1.357e-05  11099.7
1.365e-05  9583.22
1.372e-05  8386.34
1.38038e-05  7104.14
1.387e-05  6203.12
1.395e-05  5237.24
1.4025e-05  4448.53
1.425e-05  2703.42
1.43e-05  2432.08
1.435e-05  2199.94
1.4385e-05  2060
1.442e-05  1938.14
1.446e-05  1820.4
1.4485e-05  1758.19
1.452e-05  1685.48
1.455e-05  1636.2
1.457e-05  1609.9
1.46e-05  1580.1
1.463e-05  1561.64
1.466e-05  1554.28
1.466e-05  2.16423e+06
1.4685e-05  2.16219e+06
1.471e-05  2.16016e+06
1.4735e-05  2.15814e+06
1.4765e-05  2.15574e+06
1.48e-05  2.15296e+06
1.4835e-05  2.15021e+06
1.487e-05  2.14747e+06
1.491e-05  2.14438e+06
1.492e-05  2.14361e+06
1.492e-05  3.51129e+06
1.49624e-05  3.50832e+06
1.503e-05  3.50365e+06
1.51356e-05  3.4965e+06
1.515e-05  3.49554e+06
1.526e-05  3.49121e+06
1.535e-05  3.48778e+06
1.542e-05  3.48517e+06
1.55e-05  3.48226e+06
1.557e-05  3.48176e+06
1.565e-05  3.48124e+06
1.5732e-05  3.48074e+06
1.58e-05  3.48036e+06
1.59e-05  3.47986e+06
1.6e-05  3.47941e+06
1.60324e-05  3.47927e+06
1.61e-05  3.48107e+06
1.62181e-05  3.48424e+06
1.635e-05  3.48782e+06
1.645e-05  3.49056e+06
1.65959e-05  3.49457e+06
1.66e-05  3.4948e+06
1.675e-05  3.503e+06
1.69e-05  3.5112e+06
1.705e-05  3.52182e+06
1.71791e-05  3.53092e+06
1.72e-05  3.5329e+06
1.7378e-05  3.54963e+06
1.75e-05  3.56103e+06
1.75792e-05  3.56984e+06
1.77828e-05  3.59232e+06
1.8e-05  3.62084e+06
1.8197e-05  3.64658e+06
1.822e-05  3.64991e+06
1.85e-05  3.69023e+06
1.8737e-05  3.72879e+06
1.88365e-05  3.74489e+06
1.90546e-05  3.78268e+06
1.92753e-05  3.82071e+06
1.935e-05  3.83486e+06
1.95e-05  3.86313e+06
1.965e-05  3.89302e+06
2e-05  3.96255e+06
2.01837e-05  3.9989e+06
2.04174e-05  4.0488e+06
2.07e-05  4.11198e+06
2.11349e-05  4.20916e+06
2.15e-05  4.29065e+06
2.16272e-05  4.32074e+06
2.21309e-05  4.44422e+06
2.27e-05  4.58398e+06
2.31739e-05  4.70056e+06
2.33e-05  4.73234e+06
2.35e-05  4.78267e+06
2.4e-05  4.91172e+06
2.48313e-05  5.12708e+06
2.5704e-05  5.35438e+06
2.66072e-05  5.59103e+06
2.77e-05  5.87921e+06
2.85102e-05  6.09415e+06
2.88403e-05  6.17927e+06
2.9e-05  6.2204e+06
3.01995e-05  6.52358e+06
3.0903e-05  6.70199e+06
3.16228e-05  6.87717e+06
3.31131e-05  7.22892e+06
3.3338e-05  7.28203e+06
3.38844e-05  7.4036e+06
3.50752e-05  7.65734e+06
3.57e-05  7.79017e+06
3.63078e-05  7.9097e+06
3.73e-05  8.09503e+06
3.80189e-05  8.22866e+06
3.85e-05  8.31024e+06
3.98107e-05  8.51784e+06
4.02717e-05  8.5903e+06
4.0738e-05  8.65574e+06
4.2658e-05  8.9008e+06
4.3e-05  8.93793e+06
4.5e-05  9.13197e+06
4.51856e-05  9.14686e+06
4.57088e-05  9.1834e+06
4.73151e-05  9.29358e+06
4.9e-05  9.36233e+06
5e-05  9.40209e+06
5.24807e-05  9.43788e+06
5.30884e-05  9.43308e+06
5.5e-05  9.41805e+06
5.55904e-05  9.40866e+06
5.7544e-05  9.35233e+06
5.82103e-05  9.33353e+06
5.9e-05  9.30557e+06
6.16595e-05  9.18515e+06
6.23735e-05  9.14939e+06
6.53131e-05  8.98027e+06
6.68344e-05  8.88807e+06
6.76083e-05  8.83571e+06
7e-05  8.67925e+06
7.16143e-05  8.57034e+06
7.32824e-05  8.45021e+06
7.5e-05  8.33089e+06
7.67362e-05  8.20787e+06
7.821e-05  8.09854e+06
7.821e-05  8.76429e+06
7.91e-05  8.68498e+06
8e-05  8.60256e+06
8.03526e-05  8.56936e+06
8.048e-05  8.55698e+06
8.048e-05  8.87074e+06
8.11e-05  8.80732e+06
8.12831e-05  8.78838e+06
8.2e-05  8.71327e+06
8.23e-05  8.68171e+06
8.3e-05  8.60785e+06
8.41395e-05  8.48284e+06
8.57e-05  8.31683e+06
8.60994e-05  8.27534e+06
8.70964e-05  8.1708e+06
8.73e-05  8.14984e+06
8.91251e-05  7.97025e+06
9.01571e-05  7.86977e+06
9.07e-05  7.81834e+06
9.15e-05  7.74528e+06
9.19e-05  7.70958e+06
9.22571e-05  7.67867e+06
9.3e-05  7.61294e+06
9.35e-05  7.56976e+06
9.45e-05  7.48691e+06
9.5e-05  7.4466e+06
9.54993e-05  7.40772e+06
9.58e-05  7.38315e+06
9.65e-05  7.32716e+06
9.72e-05  7.2732e+06
9.8e-05  7.21311e+06
9.85e-05  7.17534e+06
9.95e-05  7.10173e+06
0.0001  7.06619e+06
0.000101158  6.98615e+06
0.0001015  6.96183e+06
0.000103  6.85825e+06
0.000104713  6.74688e+06
0.000105  6.72799e+06
0.000105925  6.66889e+06
0.000106  6.66418e+06
0.000108  6.54148e+06
0.00011  6.4193e+06
0.000110918  6.36541e+06
0.000112  6.3007e+06
0.0001128  6.25423e+06
0.000115  6.13148e+06
0.00011749  5.99152e+06
0.00011864  5.92752e+06
0.00011864  6.22709e+06
0.00011885  6.21538e+06
0.000122  6.04645e+06
0.000124  5.94018e+06
0.000124452  5.91663e+06
0.000128  5.7339e+06
0.000130317  5.62181e+06
0.000133  5.49184e+06
0.000133352  5.47483e+06
0.000136458  5.32962e+06
0.000138038  5.25845e+06
0.000139637  5.18605e+06
0.00014216  5.07598e+06
0.000142889  5.0448e+06
0.000145  4.95498e+06
0.000148  4.83293e+06
0.00015  4.75434e+06
0.000151356  4.70076e+06
0.000153109  4.63307e+06
0.000154  4.59876e+06
0.000158  4.44948e+06
0.00016058  4.35818e+06
0.000162  4.30887e+06
0.000162181  4.30249e+06
0.000165  4.20572e+06
0.000165959  4.17356e+06
0.00016788  4.10946e+06
0.000172  3.97668e+06
0.00017378  3.92166e+06
0.000175792  3.86098e+06
0.000177828  3.79857e+06
0.00018  3.73308e+06
0.000184077  3.61525e+06
0.000188365  3.49663e+06
0.000190546  3.43876e+06
0.000192753  3.38077e+06
0.000195  3.32167e+06
0.000198  3.24541e+06
0.000201837  3.15199e+06
0.000208  3.0069e+06
0.00020893  2.98581e+06
0.000213796  2.87851e+06
0.000218776  2.77453e+06
0.000221309  2.7231e+06
0.000222  2.70929e+06
0.000226464  2.62174e+06
0.000229087  2.57205e+06
0.000235  2.46571e+06
0.00024  2.37985e+06
0.000242661  2.33571e+06
0.00025  2.21976e+06
0.000254097  2.15896e+06
0.000266073  1.9918e+06
0.000269154  1.95173e+06
0.000278612  1.83546e+06
0.00028  1.81934e+06
0.000281838  1.79802e+06
0.000285102  1.76094e+06
0.00029  1.70694e+06
0.0003  1.60425e+06
0.000301995  1.58488e+06
0.000305492  1.55171e+06
0.00031  1.51009e+06
0.000312608  1.48649e+06
0.00032  1.4223e+06
0.000328  1.35749e+06
0.000331131  1.33313e+06
0.000343  1.24675e+06
0.000346737  1.22088e+06
0.000350752  1.19388e+06
0.000354813  1.16756e+06
0.000371535  1.06734e+06
0.000375837  1.04374e+06
0.000380189  1.02039e+06
0.000385  995313
0.000402717  909886
0.00040738  889357
0.000416869  849531
0.00042  836828
0.000421697  830005
0.00044157  755678
0.000451856  721045
0.000462381  687701
0.000467735  671582
0.00047  664895
0.00047863  640255
0.00049545  595912
0.000506991  567844
0.000512861  554290
0.000524808  528049
0.000530884  515357
0.00054325  490876
0.000562341  456062
0.000568853  445013
0.000588844  413178
0.000609537  383384
0.000623735  364731
0.000630957  355706
0.000638263  346891
0.000645654  338269
0.000676083  305622
0.000683912  297997
0.000691831  290530
0.0007  283092
0.000707946  276109
0.00075  242634
0.000785236  218941
0.000794328  213301
0.000803526  207795
0.000812831  202417
0.000822243  197185
0.000860994  177522
0.00086702  174698
0.00086702  442191
0.00086718  448647
0.0008675  466214
0.00086785  484709
0.0008682  502560
0.00086865  524445
0.000869  540779
0.0008695  563025
0.00087  584226
0.0008705  604333
0.0008712  630718
0.0008718  651848
0.0008725  674911
0.0008733  699273
0.0008743  726850
0.0008751  746774
0.0008762  771282
0.0008774  794499
0.0008785  812827
0.00088  833700
0.000881049  845293
0.0008815  850342
0.000883  863286
0.00088498  875540
0.00088498  1.00307e+06
0.000885  1.00359e+06
0.00088516  1.00738e+06
0.0008855  1.01775e+06
0.00088585  1.02806e+06
0.0008862  1.03804e+06
0.00088665  1.05046e+06
0.000887  1.05971e+06
0.0008873  1.06734e+06
0.0008875  1.07211e+06
0.000888  1.08327e+06
0.0008885  1.09389e+06
0.000889  1.10406e+06
0.0008897  1.11757e+06
0.00089  1.12288e+06
0.0008905  1.1311e+06
0.000891251  1.14228e+06
0.0008913  1.14302e+06
0.0008922  1.15525e+06
0.000893  1.16514e+06
0.000894  1.17508e+06
0.000895  1.18378e+06
0.000896  1.19133e+06
0.0008965  1.19444e+06
0.0008973  1.19879e+06
0.00089892  1.20528e+06
0.0009  1.20835e+06
0.000901571  1.21125e+06
0.00090268  1.21204e+06
0.0009035  1.21244e+06
0.0009058  1.21101e+06
0.00090825  1.20726e+06
0.0009115  1.19981e+06
0.000915  1.18985e+06
0.00092  1.17419e+06
0.000922571  1.1668e+06
0.000924  1.16272e+06
0.00095  1.09015e+06
0.000966051  1.04849e+06
0.00097  1.0386e+06
0.000977237  1.02018e+06
0.000988553  990288
0.001  961268
0.0010065  945298
0.0010065  1.07319e+06
0.00103  1.01417e+06
0.00103514  1.00206e+06
0.00105925  949233
0.00108393  899186
0.00110918  851817
0.00111  850330
0.00112202  829010
0.00113501  806816
0.0011749  743986
0.00119  721920
0.00121619  685798
0.00124452  649112
0.00125892  631517
0.00133352  549971
0.00135  534000
0.00136458  520241
0.00139637  491875
0.0014  488774
0.00141254  478205
0.00142889  464904
0.00146218  439292
0.00147911  427026
0.00151356  403177
0.00153109  391756
0.00157  367843
0.00158489  359236
0.00160325  349020
0.00162181  339101
0.00169824  302236
0.0017012  300926
0.00171791  293625
0.0017378  285252
0.00177828  269075
0.0018  260923
0.0018197  253781
0.00184077  246444
0.00186209  239325
0.00188365  232387
0.00190546  225654
0.00192753  219045
0.002  199147
0.00201837  194493
0.00206538  183247
0.0020893  177877
0.00216272  162718
0.00221309  153290
0.00223872  148789
0.00229087  140108
0.0023  138662
0.00234423  131907
0.00237137  127989
0.0024  124031
0.00242661  120485
0.00251189  110027
0.00260016  100426
0.00266073  94505.2
0.00269154  91669.6
0.00275423  86258.2
0.00278612  83674.7
0.0028  82577
0.00291743  74044.3
0.00295121  71800.7
0.003  68724.1
0.00301995  67514.1
0.00305492  65464.5
0.00312608  61555.2
0.0033  53232.8
0.00334965  51146
0.00338844  49583
0.00342768  48069.1
0.00346737  46602.8
0.00350752  45182.5
0.00354813  43801
0.00380189  36322.8
0.00384592  35210
0.00389045  34124
0.0039355  33072.6
0.00398107  32054.4
0.00402717  31068.5
0.0040738  30113
0.00431519  25729.4
0.0044157  24164.4
0.00446684  23414.4
0.00451856  22688.4
0.00457088  21984.9
0.00462381  21303.3
0.00489779  18178.1
0.00501187  17063.5
0.00506991  16532.8
0.005188  15516
0.00524807  15031.7
0.00530884  14562.5
0.00537032  14104.7
0.00555904  12814.2
0.0057544  11644.4
0.00582103  11279.4
0.00588844  10926.1
0.00609537  9927.28
0.00616595  9615.34
0.00623735  9310.92
0.00630957  9016.36
0.00638264  8730.57
0.00668344  7677.07
0.00676083  7434.57
0.00683912  7199.94
0.00707946  6537.69
0.00716143  6330.93
0.00724436  6129.14
0.00732824  5933.94
0.0074131  5745.05
0.00767361  5213.35
0.00785236  4887.02
0.00803526  4581.64
0.00822243  4294.61
0.0083028  4178.84
0.0083028  32491.5
0.00831764  32323.2
0.00841395  31257.1
0.00842  31191.8
0.00847  30829.2
0.00851138  30453
0.00870964  28736.8
0.00881049  27915.2
0.00885  27602.3
0.00912011  25551
0.00933254  24084.2
0.00944061  23382.8
0.00954993  22701.6
0.00966051  22040.2
0.00977237  21397.4
0.01  20167.8
0.0101158  19579.9
0.0102329  18990.2
0.0110917  15331.3
0.0112202  14869.7
0.0113501  14421.4
0.0116145  13565
0.011749  13156.2
0.011885  12759.8
0.0120226  12375.3
0.0130317  9989.99
0.0131826  9681.17
0.0133352  9381.53
0.0138038  8537.22
0.0141254  8017.09
0.0153109  6434.22
0.0154882  6234.97
0.0156675  6041.89
0.0160325  5673.53
0.0162181  5497.87
0.0165959  5162.74
0.016788  4999.51
0.0177828  4257.62
0.018197  3992.44
0.0186209  3743.72
0.0188365  3625.24
0.0190546  3510.51
0.0192753  3399.43
0.0194985  3291.86
0.0201837  2989.22
0.0206538  2803.09
0.020893  2712.89
0.0213796  2540.94
0.0218776  2379.88
0.0221309  2303.21
0.0223872  2229.01
0.0234423  1955.41
0.0242661  1772.52
0.0245471  1715.45
0.0248313  1660.16
0.0254097  1554.86
0.0263027  1407.27
0.0266072  1361.26
0.0291743  1043.41
0.0301995  944.312
0.0305492  913.414
0.0309029  883.527
0.0316228  825.958
0.031989  798.599
0.0327341  746.57
0.0331131  721.839
0.0346737  630.851
0.0358922  570.165
0.0380189  481.714
0.0391085  443.018
0.039355  434.844
0.0412098  379.371
0.0416869  366.646
0.0431519  330.942
0.0457088  278.992
0.0473151  251.827
0.0506991  204.729
0.05188  191.064
0.054325  166.407
0.0555904  155.299
0.0562341  150.027
0.0595662  126.233
0.0623735  109.8
0.0638264  102.397
0.0660693  92.2186
0.0676083  86.0016
0.0707946  74.7973
0.074131  65.0534
0.0776247  56.5796
0.0785236  54.6234
0.081283  49.1472
0.0851138  42.6897
0.0870964  39.7866
0.0933254  32.2096
0.0954993  30.0196
0.0966051  28.9811
0.101158  25.1743
0.102329  24.3035
0.103514  23.4629
0.104713  22.6509
0.107152  21.1103
0.112202  18.3365
0.116145  16.4981
0.11749  15.9273
0.123027  13.8348
0.128825  12.0173
0.130317  11.6016
0.133352  10.8128
0.138038  9.72899
0.139637  9.39246
0.144544  8.45112
0.146218  8.1588
0.15  7.54596
0.153109  7.08722
0.162181  5.94352
0.164059  5.73797
0.165959  5.53954
0.16788  5.34973
0.169824  5.16641
0.171791  4.98941
0.177828  4.49397
0.184077  4.04774
0.186209  3.9092
0.188365  3.7754
0.190546  3.64618
0.204174  2.95865
0.206538  2.85739
0.20893  2.7596
0.216272  2.48588
0.221309  2.32077
0.223872  2.24239
0.226464  2.16666
0.229087  2.09357
0.231739  2.02295
0.234423  1.95472
0.242661  1.76354
0.245471  1.70406
0.248313  1.64658
0.254097  1.53739
0.260016  1.4369
0.263027  1.38916
0.266072  1.34301
0.269153  1.29845
0.27227  1.25537
0.275423  1.21372
0.281838  1.13452
0.288403  1.06049
0.291743  1.0253
0.295121  0.991813
0.298538  0.959414
0.301995  0.928075
0.305492  0.897766
0.30903  0.868448
0.312608  0.840132
0.319889  0.786241
0.323594  0.760608
0.327341  0.735811
0.331131  0.711824
0.342768  0.645603
0.346737  0.624934
0.350752  0.604926
0.358922  0.566881
0.371535  0.514255
0.375837  0.498138
0.380189  0.482525
0.384592  0.467402
0.389045  0.452758
0.39355  0.438573
0.398107  0.424859
0.402717  0.411575
0.412098  0.386239
0.416869  0.374415
0.421696  0.362954
0.431519  0.341074
0.436516  0.330637
0.44157  0.32054
0.451856  0.301263
0.457088  0.292063
0.467735  0.274894
0.473151  0.266691
0.47863  0.258733
0.484172  0.251016
0.489779  0.243545
0.49545  0.236297
0.506991  0.222443
0.512861  0.21599
0.5188  0.209724
0.530884  0.197731
0.537032  0.191997
0.54325  0.186443
0.549541  0.181049
0.555904  0.175811
0.562341  0.170725
0.568853  0.165914
0.57544  0.161239
0.582103  0.156696
0.588844  0.152283
0.595662  0.148005
0.6  0.14537
0.60256  0.143846
0.616595  0.135877
0.623735  0.132163
0.638263  0.125038
0.645654  0.121622
0.653131  0.118309
0.660694  0.115085
0.676083  0.1089
0.683912  0.106023
0.699842  0.100493
0.707946  0.0978391
0.70857  0.0976388
0.724436  0.0927552
0.732824  0.0903136
0.749894  0.0857659
0.767362  0.0814472
0.776247  0.079371
0.794328  0.0753872
0.803526  0.0734711
0.841395  0.0664837
0.851138  0.0648432
0.860994  0.063244
0.891251  0.0586901
0.901571  0.0572463
0.912011  0.0558758
0.922571  0.0545382
0.933254  0.0532333
0.954993  0.0507163
0.966051  0.0495073
0.977237  0.0483272
1  0.0461388
1.01158  0.0450825
1.02329  0.0440504
1.03514  0.0430421
1.05925  0.0410984
1.07152  0.0401598
1.08393  0.0392426
1.09648  0.0383463
1.10918  0.0374705
1.12202  0.0366149
1.14815  0.0350154
1.16145  0.0342425
1.1749  0.0334895
1.21619  0.0313289
1.24452  0.0300139
1.25893  0.0293773
1.2735  0.0287542
1.28825  0.0281464
1.30317  0.0275514
1.34896  0.0258408
1.36458  0.0252946
1.38038  0.0247754
1.41254  0.0237686
1.42889  0.023281
1.51356  0.0209956
1.56675  0.0197768
1.58489  0.0193866
1.62181  0.0186317
1.64059  0.0182654
1.65959  0.0179062
1.6788  0.0175542
1.69824  0.017209
1.75792  0.0162468
1.77828  0.0159383
1.79887  0.0156366
1.8197  0.0153407
1.86209  0.0147656
1.88365  0.0144861
1.90546  0.014212
1.97242  0.0134467
2  0.013151
2.044  0.0127019
2.0893  0.0122651
2.11349  0.0120418
2.13796  0.0118225
2.16272  0.0116072
2.23872  0.0110051
2.26464  0.0108116
2.31739  0.0104358
2.37137  0.0100731
2.39883  0.00989645
2.42661  0.00972295
2.45471  0.0095525
2.54097  0.00907509
2.5704  0.00892139
2.63027  0.00862269
2.69154  0.008334
2.7227  0.0081933
2.78612  0.007919
2.81838  0.00778532
2.91743  0.0074101
2.95121  0.00728915
3.01995  0.00705386
3.09029  0.00682618
3.12608  0.00671511
3.19889  0.00649836
3.23594  0.00639263
3.34965  0.0060952
3.38844  0.00599916
3.42768  0.00590496
3.50752  0.00572098
3.58922  0.00554274
3.63078  0.00545571
3.71535  0.00528573
3.75837  0.00520275
3.89045  0.00496891
3.9355  0.00489333
4  0.0047889
4.12097  0.00460326
4.21697  0.00446474
4.26579  0.00439706
4.36516  0.00426475
4.4157  0.0042001
4.57088  0.00401752
4.62381  0.00395844
4.73151  0.00384326
4.89779  0.00367674
5.01187  0.00356976
5.06991  0.00351744
5.188  0.0034151
5.24808  0.00336505
5.49541  0.00317752
5.55904  0.0031323
5.68853  0.00304405
5.88844  0.00291632
6.0256  0.00283416
6.09537  0.00279396
6.23735  0.00271525
6.30957  0.00267673
6.60693  0.00253217
6.68344  0.00249727
6.91831  0.00239572
7.16143  0.0022983
7.32824  0.00223557
7.49894  0.00217455
7.67361  0.0021152
7.76247  0.00208613
8.1283  0.00197686
8.22243  0.00195045
8.51138  0.00187353
8.81049  0.00179964
9.12011  0.00172867
9.33254  0.00168292
9.66051  0.00161655
9.88553  0.00157377
10.3514  0.00149363
10.4713  0.00147424
10.7152  0.00143633
11.0917  0.00138127
11.3501  0.00134574
11.6145  0.00131113
12.1619  0.00124455
13.0317  0.00115097
13.6458  0.00109403
13.8038  0.00108024
14  0.00106362
14.1254  0.00105325
14.2889  0.00104002
15  0.000985977
17.5792  0.000828244
18.4077  0.000788172
18.6209  0.00077846
18.8365  0.000768889
19.0546  0.000759435
19.2752  0.000750098
20.4174  0.000705107
24.5471  0.00057849
25.704  0.000551074
26.0016  0.000544425
26.3027  0.00053787
26.6073  0.000531394
27.227  0.000518674
28.5102  0.000494142
37.1535  0.000373989
38.9045  0.000356582
39.355  0.000352358
39.8107  0.000348185
40.2717  0.000344069
41.2097  0.00033598
42.6579  0.000324203
63.8263  0.00021381
68.3912  0.000199264
69.1831  0.000196938
69.9842  0.000194639
71.6143  0.000190127
73.2824  0.00018572
120.226  0.00011217
127.35  0.000105834
130.317  0.000103401
131.826  0.000102205
133.352  0.000101024
136.458  9.87037e-05
239.883  5.58542e-05
254.097  5.27172e-05
260.016  5.15123e-05
263.027  5.09202e-05
266.072  5.03353e-05
272.27  4.91854e-05
954.993  1.39596e-05
1011.58  1.31782e-05
1035.14  1.2878e-05
1047.13  1.27305e-05
1059.25  1.25848e-05
1083.93  1.22982e-05
100000  1.33099e-07
-1  -1
-2  -2
