% -----------------------------------------------------------------------
%   Program Name: pe-cs-72.dat    
%   Author: the Geant4 Collaboration
%   Organization: the Geant4 Collaboration
%   Version: unknown
%   Date: circa 2006
%   Class: Public
%   Copyright (c) Copyright Holders of the Geant4 Collaboration, 1994-2006.
%   See http://cern.ch/geant4/license for details on the copyright holders.
%   All rights not expressly granted under this license are reserved.
% -----------------------------------------------------------------------
5.18e-06   0.0 
5.18e-06  4.8273e+06
5.4e-06  5.15065e+06
5.62341e-06  5.44429e+06
5.75e-06  5.5906e+06
5.75e-06  8.09396e+06
5.82103e-06  8.24551e+06
5.9e-06  8.40456e+06
6.0256e-06  8.63907e+06
6.2e-06  8.95357e+06
6.23735e-06  9.01652e+06
6.5e-06  9.43922e+06
6.53131e-06  9.48743e+06
6.76083e-06  9.81129e+06
6.86e-06  9.94381e+06
6.86e-06  1.54997e+07
6.91831e-06  1.53825e+07
7.1e-06  1.50507e+07
7.35e-06  1.46878e+07
7.5e-06  1.45072e+07
7.58578e-06  1.44131e+07
7.85236e-06  1.4173e+07
7.94328e-06  1.41021e+07
8.41395e-06  1.383e+07
8.5e-06  1.37974e+07
9.12011e-06  1.36114e+07
9.22571e-06  1.35935e+07
9.33254e-06  1.35722e+07
9.77237e-06  1.35215e+07
1e-05  1.3507e+07
1.02329e-05  1.3489e+07
1.05e-05  1.34801e+07
1.08393e-05  1.34724e+07
1.12202e-05  1.34579e+07
1.16145e-05  1.34423e+07
1.20226e-05  1.34159e+07
1.23027e-05  1.33932e+07
1.24452e-05  1.33835e+07
1.2884e-05  1.33337e+07
1.31826e-05  1.32926e+07
1.36458e-05  1.32067e+07
1.39637e-05  1.31385e+07
1.44544e-05  1.30134e+07
1.46218e-05  1.29651e+07
1.53109e-05  1.27381e+07
1.61e-05  1.24216e+07
1.62181e-05  1.23639e+07
1.69e-05  1.20463e+07
1.69824e-05  1.2001e+07
1.77e-05  1.16243e+07
1.83e-05  1.12749e+07
1.85e-05  1.11636e+07
1.88365e-05  1.09534e+07
1.92753e-05  1.06911e+07
1.9294e-05  1.06786e+07
1.99e-05  1.02913e+07
2.01837e-05  1.0119e+07
2.04174e-05  9.96353e+06
2.09e-05  9.65564e+06
2.11349e-05  9.51188e+06
2.13796e-05  9.34967e+06
2.19e-05  9.01997e+06
2.21309e-05  8.87995e+06
2.25e-05  8.64288e+06
2.3e-05  8.33781e+06
2.31739e-05  8.23579e+06
2.35e-05  8.0343e+06
2.42e-05  7.62716e+06
2.42661e-05  7.59042e+06
2.45e-05  7.45872e+06
2.48313e-05  7.27031e+06
2.54e-05  6.96359e+06
2.54e-05  7.66843e+06
2.54097e-05  7.66326e+06
2.591e-05  7.3978e+06
2.60016e-05  7.34901e+06
2.61e-05  7.29654e+06
2.69153e-05  6.88388e+06
2.7e-05  6.84211e+06
2.726e-05  6.71548e+06
2.726e-05  7.18224e+06
2.75423e-05  7.04999e+06
2.78612e-05  6.90094e+06
2.79e-05  6.88318e+06
2.85102e-05  6.61028e+06
2.86e-05  6.57082e+06
2.9e-05  6.39826e+06
2.95121e-05  6.18801e+06
2.96e-05  6.15209e+06
3.01995e-05  5.91458e+06
3.16228e-05  5.40173e+06
3.19889e-05  5.27963e+06
3.23594e-05  5.16073e+06
3.3e-05  4.96198e+06
3.38844e-05  4.71059e+06
3.42768e-05  4.60662e+06
3.46737e-05  4.50461e+06
3.54813e-05  4.30597e+06
3.5558e-05  4.28808e+06
3.67282e-05  4.03508e+06
3.69e-05  4.00012e+06
3.73e-05  3.9218e+06
3.77e-05  3.84521e+06
3.80189e-05  3.7874e+06
3.81e-05  3.77318e+06
3.81e-05  1.2322e+07
3.88e-05  1.18155e+07
3.89045e-05  1.1735e+07
3.9355e-05  1.13992e+07
3.97e-05  1.11517e+07
4e-05  1.09299e+07
4.03e-05  1.07153e+07
4.0738e-05  1.04146e+07
4.12098e-05  1.00937e+07
4.15e-05  9.905e+06
4.22e-05  9.47455e+06
4.2658e-05  9.2003e+06
4.3e-05  9.00499e+06
4.35e-05  8.73098e+06
4.4e-05  8.47304e+06
4.4157e-05  8.39525e+06
4.46684e-05  8.1508e+06
4.5e-05  7.99424e+06
4.51856e-05  7.9097e+06
4.57088e-05  7.68049e+06
4.634e-05  7.41993e+06
4.634e-05  1.12114e+07
4.65e-05  1.11316e+07
4.67735e-05  1.09996e+07
4.7e-05  1.08929e+07
4.73151e-05  1.07355e+07
4.76e-05  1.05943e+07
4.8e-05  1.03915e+07
4.84172e-05  1.01884e+07
4.85e-05  1.01472e+07
4.9545e-05  9.65693e+06
5.01187e-05  9.39865e+06
5.06991e-05  9.14834e+06
5.12861e-05  8.90915e+06
5.15e-05  8.82278e+06
5.3e-05  8.27121e+06
5.30884e-05  8.24137e+06
5.4e-05  7.94101e+06
5.4325e-05  7.83979e+06
5.5e-05  7.64033e+06
5.65e-05  7.23718e+06
5.68853e-05  7.14438e+06
5.73e-05  7.04781e+06
5.7544e-05  6.99164e+06
6e-05  6.50814e+06
6.0256e-05  6.46427e+06
6.09537e-05  6.34929e+06
6.23735e-05  6.14462e+06
6.30957e-05  6.05632e+06
6.38264e-05  5.97393e+06
6.4e-05  5.95553e+06
6.45654e-05  5.89613e+06
6.5e-05  5.85375e+06
6.68344e-05  5.7034e+06
6.76083e-05  5.65456e+06
6.8e-05  5.63169e+06
6.83912e-05  5.60915e+06
6.91831e-05  5.56826e+06
7.07946e-05  5.50412e+06
7.16143e-05  5.48202e+06
7.24436e-05  5.46373e+06
7.256e-05  5.46122e+06
7.256e-05  5.52244e+06
7.36e-05  5.50248e+06
7.4131e-05  5.49558e+06
7.45e-05  5.49236e+06
7.5e-05  5.48965e+06
7.55e-05  5.48857e+06
7.67362e-05  5.49298e+06
7.76247e-05  5.50017e+06
7.8e-05  5.5032e+06
7.85236e-05  5.5097e+06
7.95e-05  5.52524e+06
8.08e-05  5.55305e+06
8.12831e-05  5.56536e+06
8.15e-05  5.57068e+06
8.22243e-05  5.59048e+06
8.23e-05  5.59239e+06
8.41395e-05  5.64538e+06
8.51138e-05  5.6786e+06
8.60994e-05  5.71606e+06
8.65e-05  5.731e+06
8.70964e-05  5.75416e+06
8.91251e-05  5.83078e+06
9.01571e-05  5.87422e+06
9.12011e-05  5.91738e+06
9.15e-05  5.93024e+06
9.22571e-05  5.96025e+06
9.3e-05  5.99063e+06
9.5e-05  6.07824e+06
9.54993e-05  6.09938e+06
9.66051e-05  6.14258e+06
9.8e-05  6.20002e+06
9.95e-05  6.2646e+06
0.0001  6.28498e+06
0.000104  6.43818e+06
0.000104713  6.46475e+06
0.0001052  6.48315e+06
0.000106  6.50989e+06
0.000108393  6.59192e+06
0.00011  6.64407e+06
0.000110918  6.67022e+06
0.000112202  6.7076e+06
0.000113501  6.74626e+06
0.000116145  6.81831e+06
0.00011749  6.85034e+06
0.000120226  6.9177e+06
0.000123027  6.97966e+06
0.000124  6.99819e+06
0.00012735  7.06328e+06
0.000128825  7.08831e+06
0.00012884  7.08857e+06
0.000130317  7.11402e+06
0.000135  7.18011e+06
0.000136458  7.19751e+06
0.000138038  7.21677e+06
0.00014  7.23468e+06
0.000141254  7.24622e+06
0.000143  7.26238e+06
0.000144  7.26934e+06
0.000145  7.27634e+06
0.000146218  7.28499e+06
0.000148  7.29176e+06
0.00015  7.29951e+06
0.000151356  7.30493e+06
0.0001515  7.30513e+06
0.0001545  7.30939e+06
0.000154882  7.30996e+06
0.000156675  7.30642e+06
0.000158489  7.30312e+06
0.000160324  7.29996e+06
0.00016119  7.29639e+06
0.0001625  7.29108e+06
0.000164059  7.28488e+06
0.000165959  7.27203e+06
0.00016788  7.25933e+06
0.000169824  7.24673e+06
0.000171791  7.22998e+06
0.000172  7.22822e+06
0.00017359  7.215e+06
0.00017378  7.21343e+06
0.000175792  7.19151e+06
0.000176  7.18927e+06
0.000177828  7.16964e+06
0.000179887  7.14788e+06
0.00018  7.1467e+06
0.00018197  7.12264e+06
0.000184077  7.09742e+06
0.00018446  7.09288e+06
0.000185  7.08651e+06
0.000188365  7.03931e+06
0.000190546  7.00937e+06
0.000192753  6.97613e+06
0.000194984  6.94309e+06
0.000197242  6.91021e+06
0.000198  6.8993e+06
0.0002  6.86686e+06
0.000201837  6.83749e+06
0.000204174  6.80061e+06
0.000206538  6.76038e+06
0.00020893  6.72041e+06
0.000211349  6.68075e+06
0.000213796  6.63639e+06
0.00021471  6.62004e+06
0.00021471  6.91683e+06
0.000216272  6.89699e+06
0.000218776  6.86254e+06
0.000221309  6.82893e+06
0.000223872  6.7963e+06
0.00022514  6.77848e+06
0.00022559  6.77172e+06
0.00022559  6.96883e+06
0.0002267  6.95641e+06
0.000228  6.94025e+06
0.000229087  6.92519e+06
0.0002295  6.91952e+06
0.0002301  6.9103e+06
0.000231  6.89543e+06
0.0002325  6.86871e+06
0.000234423  6.83246e+06
0.000235  6.82106e+06
0.0002363  6.79494e+06
0.000237137  6.7776e+06
0.0002385  6.74617e+06
0.000239883  6.7124e+06
0.00024  6.70958e+06
0.000241  6.68438e+06
0.0002415  6.67159e+06
0.000242661  6.64101e+06
0.0002428  6.6372e+06
0.0002442  6.59794e+06
0.000245471  6.56184e+06
0.0002458  6.55245e+06
0.000248  6.48893e+06
0.000248313  6.47983e+06
0.00025  6.43137e+06
0.000251189  6.39723e+06
0.000253  6.34341e+06
0.000254097  6.31088e+06
0.00025704  6.22569e+06
0.000258  6.19819e+06
0.0002615  6.09791e+06
0.000263027  6.05586e+06
0.000265  6.00232e+06
0.000266073  5.97411e+06
0.00026853  5.91057e+06
0.000269154  5.89494e+06
0.00027057  5.85805e+06
0.0002715  5.83426e+06
0.000273  5.79684e+06
0.000274  5.77219e+06
0.000275423  5.73793e+06
0.0002765  5.71155e+06
0.000279  5.652e+06
0.000281838  5.58748e+06
0.000283  5.56189e+06
0.000285102  5.51674e+06
0.0002865  5.4861e+06
0.000288403  5.44541e+06
0.000289  5.43277e+06
0.00029  5.41206e+06
0.000291743  5.37676e+06
0.000293  5.35059e+06
0.0002965  5.28083e+06
0.0003  5.21453e+06
0.000301995  5.17838e+06
0.000304  5.14263e+06
0.000305492  5.11668e+06
0.000308  5.07186e+06
0.000312608  4.99266e+06
0.000318  4.90151e+06
0.00031989  4.87086e+06
0.00032  4.86908e+06
0.000323594  4.81244e+06
0.000324  4.80577e+06
0.000331131  4.69356e+06
0.000338844  4.5761e+06
0.000343  4.51618e+06
0.00034422  4.49906e+06
0.000346737  4.46403e+06
0.000354813  4.35113e+06
0.000355  4.34852e+06
0.000358922  4.29395e+06
0.000363078  4.2382e+06
0.000367282  4.18385e+06
0.000368  4.17432e+06
0.00037582  4.07294e+06
0.00037582  4.3246e+06
0.000375837  4.32438e+06
0.000378  4.29702e+06
0.000380189  4.26901e+06
0.000393  4.1116e+06
0.00039355  4.10511e+06
0.000398107  4.04964e+06
0.000402717  3.99557e+06
0.000405  3.9687e+06
0.00040738  3.94076e+06
0.000416869  3.83335e+06
0.00042  3.79835e+06
0.000421697  3.77942e+06
0.00042658  3.72573e+06
0.000435  3.63542e+06
0.00043527  3.63257e+06
0.00043527  3.68982e+06
0.000436516  3.67672e+06
0.000446684  3.57201e+06
0.00045  3.53812e+06
0.000451856  3.51919e+06
0.000467735  3.36093e+06
0.000473151  3.30942e+06
0.00047863  3.25912e+06
0.000484172  3.20874e+06
0.000485  3.20122e+06
0.000489779  3.15761e+06
0.000501187  3.0587e+06
0.000506991  3.00986e+06
0.000512861  2.96058e+06
0.000515  2.94305e+06
0.000523  2.87814e+06
0.000524808  2.86354e+06
0.00052569  2.85646e+06
0.00052569  2.92796e+06
0.000530884  2.88669e+06
0.00054325  2.79327e+06
0.000549541  2.74701e+06
0.00055  2.7437e+06
0.000555904  2.70045e+06
0.000565  2.63524e+06
0.000568853  2.60823e+06
0.00057544  2.56265e+06
0.000582103  2.51815e+06
0.000588844  2.47457e+06
0.00059  2.46724e+06
0.000595662  2.43165e+06
0.00060256  2.38756e+06
0.000616595  2.30234e+06
0.00062  2.28256e+06
0.000623735  2.26102e+06
0.000638263  2.17956e+06
0.000645654  2.13909e+06
0.000653131  2.0996e+06
0.00066  2.0642e+06
0.000660693  2.06064e+06
0.000668344  2.02191e+06
0.00067  2.01371e+06
0.000683912  1.94713e+06
0.000685  1.9421e+06
0.000691831  1.91024e+06
0.0007  1.87238e+06
0.000716143  1.80143e+06
0.000724436  1.76665e+06
0.000732825  1.73238e+06
0.00074131  1.69843e+06
0.00075  1.66438e+06
0.000767361  1.59906e+06
0.000776247  1.56708e+06
0.00078  1.55391e+06
0.000785236  1.53554e+06
0.000794328  1.50452e+06
0.0008  1.48574e+06
0.000803526  1.47425e+06
0.000812831  1.44469e+06
0.000822243  1.41521e+06
0.000831764  1.38611e+06
0.000841395  1.35737e+06
0.000860994  1.30197e+06
0.00087  1.2776e+06
0.000881049  1.24864e+06
0.000891251  1.22226e+06
0.000912011  1.17106e+06
0.000933254  1.12196e+06
0.000944061  1.09828e+06
0.00095  1.08546e+06
0.000954993  1.07483e+06
0.000966051  1.05166e+06
0.000977237  1.02889e+06
0.000988553  1.00652e+06
0.00101158  963445
0.00102329  942418
0.00103514  921919
0.00104713  901886
0.00105  897138
0.00105925  881976
0.00107152  862409
0.00108393  843338
0.00110918  806217
0.00111  805050
0.00112202  788316
0.00114815  753563
0.00115  751187
0.00116145  736709
0.0011749  719906
0.00120226  687584
0.00121619  672041
0.00125892  627302
0.0012735  612887
0.00128825  598771
0.00130317  584939
0.00131826  571354
0.00133352  558121
0.00135  544344
0.00136458  532600
0.00138038  520181
0.00139637  508024
0.00141254  496135
0.00142889  484468
0.00144544  473051
0.00145  469979
0.00146218  461903
0.00147911  451029
0.00151356  429891
0.00153109  419689
0.00154882  409670
0.00156675  399914
0.00158489  390385
0.00160325  381063
0.00161  377713
0.00162181  371898
0.00165  358571
0.00165959  354200
0.0016687  350092
0.0016687  1.01687e+06
0.0016788  1.00918e+06
0.00171791  980520
0.0017255  975146
0.0017255  1.25962e+06
0.0017378  1.262e+06
0.001748  1.26436e+06
0.00175792  1.26752e+06
0.00177828  1.27505e+06
0.001785  1.27786e+06
0.001794  1.27978e+06
0.0018  1.28033e+06
0.001805  1.28047e+06
0.001813  1.28004e+06
0.0018197  1.27851e+06
0.00182  1.27844e+06
0.00184077  1.26401e+06
0.00185  1.25727e+06
0.00186209  1.2477e+06
0.001875  1.23622e+06
0.00188365  1.22714e+06
0.00189  1.22056e+06
0.0019  1.20822e+06
0.00190546  1.20157e+06
0.00192753  1.16765e+06
0.00195  1.13448e+06
0.00197242  1.10269e+06
0.002  1.06525e+06
0.00201837  1.04129e+06
0.00204174  1.01188e+06
0.00206538  983328
0.0020893  955576
0.002099  944607
0.002099  1.08965e+06
0.00213796  1.04389e+06
0.00215  1.03032e+06
0.00216272  1.01625e+06
0.0022  976564
0.00221309  963095
0.00222  956102
0.00223872  937297
0.00226464  911926
0.00229087  887226
0.00231739  863216
0.0023581  828173
0.0023581  878038
0.00237137  866785
0.00242661  821876
0.00245471  800340
0.00248313  779135
0.00251189  758369
0.00254097  738007
0.0025704  718172
0.002576  714483
0.002576  745275
0.00260016  729396
0.00266073  691712
0.00269154  673658
0.0027  668745
0.0027227  655791
0.00275423  638286
0.00278612  621254
0.00281838  604639
0.00285102  588447
0.00288403  572678
0.00291743  557355
0.00295121  542467
0.00298538  527996
0.003  521914
0.00301995  513767
0.00305492  499840
0.00309029  486315
0.00312608  473119
0.00316228  460233
0.0031989  447704
0.00323594  435521
0.00327341  423690
0.00331131  412186
0.00334965  400950
0.00338844  390039
0.0034  386872
0.00342768  379379
0.00350752  358919
0.00354813  349008
0.00358922  339386
0.00363078  330044
0.00367282  320966
0.00371535  311988
0.00375837  303264
0.00380189  294797
0.00384592  286528
0.00385  285777
0.0039355  270692
0.00398107  263124
0.004  260060
0.00402717  255754
0.00412097  241654
0.00416869  234908
0.00421696  228331
0.0042658  221943
0.0043  217611
0.0044  205626
0.0044157  203822
0.00451856  192436
0.00457088  186996
0.00462381  181719
0.00467735  176569
0.00473151  171564
0.0048  165476
0.00484172  161915
0.00489779  157300
0.0049545  152803
0.00501187  148428
0.00506991  144183
0.00512861  140067
0.005188  136074
0.00530884  128431
0.00537032  124754
0.0054325  121172
0.00555904  114317
0.00562341  111024
0.00568853  107829
0.0058  102661
0.00582103  101726
0.00588844  98799.7
0.00595662  95949.9
0.0060256  93166.5
0.00609537  90460.8
0.00616595  87837.4
0.00623735  85292.5
0.00630957  82822.1
0.00638264  80426.7
0.00645654  78093.6
0.00653131  75828.3
0.00660693  73629.3
0.00668344  71488.4
0.00676083  69411.7
0.00683912  67388.1
0.00691831  65419.8
0.007  63475
0.00707946  61661
0.00716143  59857.1
0.00724436  58107.5
0.00732824  56410.1
0.0074131  54764.9
0.0075  53146.1
0.00758578  51604.8
0.00785236  47181.1
0.00794328  45796.4
0.008  44961.4
0.00803526  44453.3
0.00812831  43150.1
0.00822243  41878.9
0.0083  40871.2
0.00851138  38285.1
0.00860994  37159
0.00870964  36057.7
0.00891251  33956.2
0.009  33103.9
0.00901571  32953.9
0.00912011  31981.4
0.00922571  31035.8
0.00933254  30118.2
0.00954993  28356.3
0.0095583  28291.1
0.0095583  74831.9
0.009642  73362.6
0.00966051  73009.9
0.00985  69532.5
0.00988553  68865.8
0.01  66775.6
0.0101158  64749.9
0.0102329  62785.8
0.0103514  60881.8
0.0104  60124.3
0.0104713  59034.7
0.0107152  55500
0.010763  54841.8
0.010763  75667.8
0.0108393  74321.2
0.0109648  72158
0.01107  70412.3
0.0112202  67940
0.011245  67542.9
0.011245  78132
0.0113501  76275.8
0.011415  75160.6
0.0114815  74071.8
0.0116145  71962.2
0.011749  69914.2
0.01175  69898.9
0.011885  67895.5
0.0119  67678.2
0.012  66250.5
0.0120226  65935.2
0.0123027  62204.1
0.0124452  60399.4
0.0125892  58629.8
0.012735  56913.4
0.0128825  55248.5
0.0130317  53632.7
0.0131826  52065.4
0.0133352  50545
0.0134896  49068.8
0.0135  48971.8
0.0136458  47641.7
0.0138038  46245.3
0.014  44578.4
0.0141254  43555.8
0.0142889  42271.1
0.0144544  41024.5
0.0145  40690.1
0.0146218  39810
0.0147911  38630
0.0149624  37485.6
0.015  37240.5
0.0151356  36375.9
0.0153109  35298.9
0.0154882  34248.8
0.0158  32497
0.0158489  32233.3
0.0160325  31269.9
0.0164059  29427.3
0.0165959  28548.1
0.0169824  26876
0.0171791  26077.5
0.017378  25303
0.0177  24115.2
0.0179887  23107
0.018197  22414.7
0.0184077  21742.6
0.0185  21457.1
0.0186209  21086.8
0.0188365  20448.2
0.0190546  19829.3
0.0197242  18085.6
0.0199526  17540
0.02  17429.5
0.0201837  17010.4
0.0204174  16496.8
0.0206538  15999.1
0.0208  15701.9
0.020893  15515.5
0.0211349  15044.2
0.0213796  14587.4
0.0216272  14144.9
0.0221309  13300.8
0.0226464  12508.4
0.0229087  12127.5
0.0234423  11400.3
0.0237137  11050.8
0.024  10698.2
0.0242661  10383.6
0.0245471  10065.2
0.0248313  9756.88
0.025704  8888.67
0.025768  8829.27
0.0260016  8616.64
0.0263027  8352.94
0.0266072  8095.94
0.0269154  7847.04
0.027227  7605.99
0.0275423  7372.53
0.0281838  6926.89
0.0285102  6714.24
0.0288403  6508.27
0.0291743  6308.8
0.0301995  5739.94
0.0305492  5562.03
0.0309029  5389.77
0.0312608  5222.97
0.0316228  5061.46
0.0323594  4753.31
0.0327341  4606.52
0.0331131  4463.77
0.0334965  4325.39
0.0338844  4191.37
0.0350752  3814.29
0.0354813  3695.54
0.0363078  3468.23
0.0367282  3360
0.0375837  3153.6
0.0380189  3055.32
0.0384592  2960.16
0.0389045  2868.05
0.0398107  2692.33
0.04  2657.51
0.0402717  2608.61
0.040738  2527.15
0.0412098  2448.01
0.0431519  2155.77
0.0436516  2088.14
0.044157  2022.68
0.0457088  1838.63
0.0467735  1724.71
0.0473151  1670.48
0.047863  1617.97
0.0484172  1567.14
0.0489779  1517.94
0.049545  1470.28
0.0501187  1424.14
0.0506991  1379.48
0.05188  1294.13
0.0524807  1253.5
0.0530884  1214.06
0.0537032  1175.88
0.0549541  1102.59
0.0562341  1033.96
0.0582103  939.034
0.0588844  909.405
0.060256  852.947
0.0616595  800.029
0.0630957  750.456
0.0638264  726.697
0.0645654  703.674
0.0653131  681.35
0.065482  676.43
0.065482  3492.6
0.0668344  3315.36
0.0674  3244.96
0.0676083  3220.02
0.0683  3139.12
0.0691831  3031.14
0.0695  2993.64
0.0716143  2775.08
0.0724436  2695.46
0.073  2643.81
0.0732824  2616.88
0.074131  2538.19
0.0758578  2387.69
0.0776247  2246.12
0.0785236  2178.52
0.0794328  2112.97
0.0803526  2050.2
0.0822243  1930.23
0.0831764  1872.91
0.0860994  1711.01
0.0881049  1610.94
0.0901571  1516.64
0.0912011  1470.68
0.0922571  1426.12
0.0933254  1382.92
0.0954993  1300.4
0.0977237  1222.83
0.098  1213.64
0.101158  1114.35
0.104713  1015.46
0.105925  984.495
0.107152  954.442
0.107354  949.612
0.108393  925.308
0.109648  897.067
0.110918  869.689
0.116145  768.284
0.120226  700.089
0.123027  657.588
0.124452  637.316
0.125892  617.673
0.12735  598.634
0.128825  580.184
0.130317  562.305
0.131826  544.96
0.133352  528.151
0.13554  505.278
0.141254  451.607
0.142889  437.689
0.144544  424.2
0.15  383.546
0.151356  374.275
0.153109  362.741
0.154882  351.565
0.156675  340.733
0.158489  330.214
0.160325  320.021
0.162181  310.143
0.164059  300.57
0.165959  291.294
0.16788  282.305
0.171791  265.163
0.17378  256.987
0.175792  249.064
0.177828  241.385
0.179887  233.944
0.18197  226.732
0.188365  206.405
0.194985  187.903
0.197242  182.113
0.2  175.367
0.201837  171.065
0.204174  165.798
0.206538  160.694
0.20893  155.748
0.211349  150.954
0.218776  137.44
0.221309  133.21
0.223872  129.11
0.226464  125.137
0.231739  117.628
0.234423  114.046
0.237137  110.573
0.239883  107.207
0.24  107.067
0.242661  103.944
0.245471  100.781
0.248313  97.7145
0.260016  86.3565
0.263027  83.7328
0.266072  81.1888
0.269153  78.7231
0.27227  76.3324
0.275423  74.0146
0.278612  71.7966
0.281838  69.6462
0.285102  67.5603
0.295121  61.6703
0.298538  59.8235
0.3  59.0568
0.301995  58.032
0.305492  56.295
0.30903  54.6101
0.316228  51.3914
0.319889  49.8563
0.323594  48.3902
0.327341  46.9672
0.331131  45.5862
0.334965  44.2458
0.338844  42.9448
0.346737  40.4576
0.354813  38.1148
0.358922  36.9948
0.363078  35.9078
0.367282  34.8537
0.371535  33.8483
0.375837  32.8737
0.380189  31.9272
0.389045  30.116
0.39355  29.2494
0.4  28.0681
0.402717  27.5904
0.412098  26.0255
0.416869  25.2771
0.421696  24.5649
0.42658  23.873
0.431519  23.2006
0.436516  22.5486
0.446684  21.2991
0.451856  20.7006
0.457088  20.1189
0.462381  19.5536
0.467735  19.0047
0.473151  18.4712
0.47863  17.963
0.489779  16.9888
0.49545  16.5217
0.501187  16.0686
0.506991  15.6279
0.512861  15.1993
0.5188  14.7826
0.524807  14.3776
0.530884  13.9838
0.537032  13.6089
0.54325  13.2441
0.549541  12.8893
0.555904  12.5441
0.562341  12.2081
0.568853  11.8819
0.57544  11.5645
0.582103  11.2558
0.588844  10.9553
0.595662  10.6629
0.6  10.4868
0.60256  10.3848
0.609537  10.1139
0.623735  9.59359
0.638263  9.10023
0.645654  8.86388
0.653131  8.63373
0.660694  8.40956
0.668344  8.19122
0.676083  7.98359
0.683912  7.78123
0.691831  7.58408
0.707946  7.20491
0.716143  7.0225
0.724436  6.84476
0.732824  6.672
0.74131  6.50367
0.749894  6.33958
0.758578  6.18354
0.767362  6.03134
0.776247  5.8829
0.785236  5.7382
0.794328  5.59707
0.8  5.5116
0.803526  5.45943
0.812831  5.32525
0.831764  5.06745
0.841395  4.9464
0.851138  4.82825
0.860994  4.71292
0.870964  4.60042
0.891251  4.38378
0.901571  4.27932
0.912011  4.17766
0.922571  4.07842
0.933254  3.98426
0.944061  3.89228
0.954993  3.8025
0.966051  3.71479
0.977237  3.6292
0.988553  3.54563
1  3.464
1.01158  3.38451
1.02329  3.30689
1.03514  3.23272
1.04713  3.16022
1.05925  3.0894
1.07152  3.02016
1.08393  2.95247
1.09648  2.88631
1.10918  2.82163
1.13501  2.69675
1.14815  2.6364
1.16145  2.57743
1.1749  2.51995
1.20226  2.41132
1.21619  2.35878
1.23027  2.30742
1.24452  2.25717
1.25  2.23827
1.25893  2.20803
1.2735  2.16002
1.28825  2.11306
1.30317  2.06712
1.31826  2.02232
1.33352  1.97966
1.34896  1.93793
1.38038  1.85708
1.39637  1.81793
1.41254  1.77963
1.42889  1.74213
1.46218  1.66955
1.47911  1.6344
1.49624  1.60011
1.51356  1.56753
1.53109  1.53562
1.58489  1.44374
1.60325  1.41436
1.64059  1.35741
1.65959  1.32981
1.6788  1.30285
1.69824  1.2772
1.71791  1.25205
1.7378  1.22741
1.79887  1.15637
1.8197  1.13362
1.84077  1.11133
1.86209  1.08949
1.88365  1.06807
1.90546  1.04715
1.92752  1.02723
1.94985  1.00769
1.97242  0.988526
2.01837  0.951304
2.044  0.931501
2.06538  0.915484
2.11349  0.881042
2.13796  0.864312
2.16272  0.847951
2.18776  0.832356
2.2131  0.817048
2.23872  0.802024
2.29087  0.772814
2.31739  0.75861
2.34423  0.744668
2.37137  0.730991
2.42661  0.704391
2.45471  0.691457
2.48313  0.678803
2.51189  0.666739
2.54097  0.654889
2.5704  0.643252
2.63027  0.620606
2.66072  0.609583
2.69154  0.598757
2.7227  0.588131
2.78612  0.567443
2.81838  0.557375
2.85102  0.547517
2.88403  0.538108
2.91743  0.528861
2.95121  0.519774
3.01995  0.502076
3.05492  0.493454
3.09029  0.48498
3.12608  0.476658
3.19889  0.460442
3.23594  0.452542
3.27341  0.444804
3.31131  0.437411
3.34965  0.430144
3.38844  0.422998
3.42768  0.415971
3.50752  0.402274
3.54813  0.395596
3.58922  0.389028
3.63078  0.382574
3.71535  0.369988
3.75837  0.363851
3.80189  0.357836
3.84592  0.352086
3.89045  0.346431
3.9355  0.340867
4  0.333164
4.0738  0.324712
4.12097  0.3195
4.16869  0.314372
4.21697  0.30933
4.31519  0.299488
4.36516  0.294686
4.4157  0.289976
4.51856  0.281026
4.57088  0.276658
4.62381  0.272357
4.67735  0.268123
4.7863  0.259857
4.84172  0.25582
4.89779  0.251845
5  0.244874
5.12861  0.236567
5.188  0.232895
5.24808  0.229291
5.37032  0.222438
5.4325  0.21909
5.49541  0.215793
5.55904  0.212545
5.68853  0.206199
5.7544  0.203098
5.82103  0.200043
5.95662  0.194074
6.09537  0.188285
6.16595  0.185455
6.23735  0.182678
6.38263  0.177401
6.45654  0.17482
6.53131  0.172278
6.60693  0.169773
6.76083  0.164873
6.83912  0.162477
6.91831  0.160115
7.16143  0.153239
7.32824  0.14882
7.49894  0.144529
7.58578  0.142437
7.76247  0.138457
7.85236  0.13651
7.94328  0.13459
8  0.133417
8.1283  0.130833
8.22243  0.128994
8.31764  0.127181
8.51138  0.123633
8.70964  0.120186
9.01571  0.115193
9.22571  0.111989
9.54993  0.10745
9.77237  0.104528
10  0.101685
10.1158  0.100293
10.2329  0.0989209
10.4713  0.0962321
10.5925  0.0949153
10.8393  0.0923371
11  0.090726
11.2202  0.0886012
11.4815  0.0862019
11.749  0.0839278
12.0226  0.0817145
12.3027  0.0795595
12.4451  0.0785035
12.5892  0.0774621
12.8825  0.0754203
13  0.0746301
13.0317  0.0744198
13.4896  0.0714986
13.8038  0.0696154
14.1254  0.0677819
14.6218  0.0651286
15  0.0632769
15.3109  0.0618283
15.6675  0.0602417
15.8489  0.0594639
16.0325  0.0586963
16.4059  0.0571909
16.5959  0.0564527
17.378  0.0535955
17.7828  0.0522218
18.197  0.0508834
19.0546  0.0483146
19.4984  0.0471055
20  0.0458074
20.4174  0.0447781
20.6538  0.0442145
20.893  0.0436582
21.3796  0.0425665
21.6272  0.0420309
22.9087  0.0394538
23.174  0.0389577
23.7137  0.0379842
25.4097  0.0352126
26.3027  0.0339276
26.6073  0.0335099
27.5423  0.0322873
28.5102  0.0311093
28.8403  0.0307265
29.1743  0.0303484
29.5121  0.0299749
30.1995  0.029242
30.5492  0.0288824
30.903  0.0285271
34.2768  0.0255255
34.6737  0.0252166
38.4592  0.0225991
39.8107  0.0217886
41.6869  0.020753
42.6579  0.0202538
43.1519  0.0200087
43.6516  0.0197667
44.157  0.0195276
44.6684  0.0192915
45.1856  0.0190583
48.9779  0.0175058
49.545  0.0172979
50.1187  0.0170926
55.5904  0.0153504
58.2103  0.0146343
62.3735  0.0136224
64.5654  0.013143
66.0693  0.0128328
66.8344  0.0126805
68.3912  0.0123813
69.1831  0.0122343
69.9842  0.0120891
70.7946  0.0119457
72.4436  0.0116639
73.2824  0.0115255
74.9894  0.0112537
84.1395  0.00998962
85.1138  0.00987291
90.1571  0.0093095
92.2571  0.00909328
96.6051  0.0086758
98.8553  0.0084743
103.514  0.00808525
104.713  0.00799081
109.648  0.00762403
110.918  0.00753499
112.202  0.007447
114.815  0.00727407
117.49  0.00710517
123.027  0.00677911
124.451  0.00669996
127.35  0.00654444
134.896  0.00617123
162.181  0.00511508
164.059  0.00505542
165.959  0.00499692
177.828  0.00465984
181.97  0.00455262
190.546  0.00434553
192.752  0.00429525
206.538  0.00400554
208.93  0.0039592
218.776  0.00377913
221.31  0.0037354
223.872  0.00369219
229.087  0.00360725
234.423  0.00352426
245.471  0.003364
248.313  0.00332509
254.097  0.00324861
269.154  0.00306502
323.594  0.00254479
327.341  0.00251538
331.131  0.00248646
354.813  0.00231982
363.078  0.0022668
380.189  0.00216436
384.592  0.00213948
412.098  0.00199611
416.869  0.00197316
436.516  0.00188401
441.57  0.00186235
446.684  0.00184095
457.088  0.00179887
467.735  0.00175776
977.237  0.000838847
988.553  0.000829207
1011.58  0.000810258
1071.52  0.000764758
1288.25  0.000635683
1303.17  0.000628381
1318.26  0.000621184
1412.54  0.0005797
1445.44  0.000566498
1513.56  0.000540988
1531.09  0.000534792
1640.59  0.000499079
1659.59  0.000493364
1737.8  0.000471149
1757.92  0.000465753
1778.28  0.000460419
1819.7  0.000449934
1862.09  0.000439687
61659.5  1.32593e-05
62373.5  1.31075e-05
63826.3  1.2809e-05
100000  8.17403e-06
-1  -1
-2  -2
