% -----------------------------------------------------------------------
%   Program Name: pe-ss-cs-96.dat 
%   Author: the Geant4 Collaboration
%   Organization: the Geant4 Collaboration
%   Version: unknown
%   Date: circa 2006
%   Class: Public
%   Copyright (c) Copyright Holders of the Geant4 Collaboration, 1994-2006.
%   See http://cern.ch/geant4/license for details on the copyright holders.
%   All rights not expressly granted under this license are reserved.
% -----------------------------------------------------------------------
0.12886   0.0 
0.12886  1197.07
0.131826  1134.5
0.1332  1103.61
0.135  1071.67
0.139  993.794
0.145  898.494
0.162181  678.221
0.185  488.954
0.237137  262.716
0.291743  157.319
0.346737  103.503
0.402717  72.4981
0.457088  53.9724
0.524807  39.442
0.60256  29.045
0.691831  21.556
0.785236  16.5138
0.891251  12.7393
1.01158  9.89833
1.21619  6.91028
1.38038  5.43616
1.56675  4.30845
1.77828  3.44182
2  2.81466
2.31739  2.2057
2.69154  1.73483
3.09029  1.3998
3.58922  1.1183
4.21697  0.885161
4.9545  0.706049
5.88844  0.558712
7  0.44524
8.41395  0.352358
10.3514  0.272893
12.8825  0.210114
16.5959  0.156627
22.6464  0.110402
29.8538  0.0816111
43.1519  0.0549735
64.5654  0.0360164
107.152  0.0213573
206.538  0.0109491
412.098  0.00545093
1640.59  0.00136218
100000  2.2314e-05
-1  -1
0.024554   0.0 
0.024554  4062.81
0.02468  4005.49
0.0249  3937.61
0.02528  3842.48
0.0255  3781.14
0.0261  3644.38
0.0267  3492.66
0.0282  3191.14
0.0316228  2591.89
0.0331131  2389.05
0.0354813  2103.06
0.0389045  1762.94
0.0473151  1197.4
0.0530884  944.749
0.0609537  707.667
0.0732824  475.157
0.0870964  323.614
0.103514  218.471
0.12496  141.158
0.156675  82.7906
0.300006  17.6269
0.367282  10.9929
0.436516  7.39788
0.506991  5.2835
0.588844  3.80431
0.683912  2.75966
0.794328  2.01751
0.912011  1.52122
1.03514  1.18313
1.23027  0.845302
1.39637  0.665461
1.56675  0.538855
1.77828  0.430499
2.01837  0.346678
2.34423  0.270737
2.7227  0.213093
3.12608  0.172064
3.63078  0.137537
4.26579  0.108924
5.01187  0.0869309
5.95662  0.0688277
7.16143  0.0540817
8.60994  0.0428266
10.5925  0.0331966
13.1826  0.0255831
16.788  0.0193368
22.6464  0.0138107
29.8538  0.0102084
43.1519  0.00687676
64.5654  0.00450537
105.925  0.00270339
204.174  0.00138568
407.38  0.000689816
1621.81  0.000172372
100000  2.7913e-06
-1  -1
0.023776   0.0 
0.023776  8537.77
0.0241  8307.6
0.02485  7746.4
0.0260016  6934.2
0.027  6342.5
0.0334965  3703.4
0.0371535  2836.2
0.0446684  1749.8
0.0555904  972.35
0.0691831  534.32
0.0870964  282.02
0.175792  39.381
0.221309  20.771
0.260016  13.35
0.291743  9.78089
0.338844  6.56104
0.389045  4.56925
0.44157  3.30118
0.501187  2.40194
0.562341  1.81143
0.630957  1.37552
0.707946  1.05218
0.794328  0.809182
0.870964  0.660381
0.944061  0.556304
1.02329  0.471805
1.16145  0.367321
1.28825  0.301256
1.46218  0.23844
1.6788  0.186024
1.90546  0.149239
2.16272  0.120679
2.51189  0.0946007
2.91743  0.0747437
3.38844  0.0595354
3.9355  0.0477766
4.62381  0.0379848
5.4325  0.0304295
6.45654  0.0241758
7.76247  0.0190625
9.54993  0.0147186
11.6145  0.0116125
14.2889  0.00909889
17.7828  0.00707731
22.9087  0.0053282
29.8538  0.00398877
43.1519  0.0026869
64.5654  0.00176033
105.925  0.00105626
201.837  0.000547771
402.717  0.000272665
1603.24  6.81328e-05
100000  1.0906e-06
-1  -1
0.018994   0.0 
0.018994  20997.4
0.02  18347.2
0.020893  16251.5
0.0219  14295.8
0.0275423  7499.95
0.0305492  5561.9
0.0358922  3475.56
0.0446684  1813.24
0.0555904  934.891
0.0691831  477.332
0.0881049  225.201
0.164059  32.1591
0.204174  16.3147
0.24  9.94374
0.28  6.24775
0.319889  4.21046
0.363078  2.91281
0.412098  2.03024
0.462381  1.47291
0.512861  1.11062
0.568853  0.843054
0.630957  0.644254
0.699842  0.495838
0.776247  0.384361
0.860994  0.300121
0.944061  0.241855
1  0.212709
1.07152  0.18394
1.14815  0.160194
1.25  0.136204
1.38038  0.113559
1.75792  0.0738474
1.97242  0.0605428
2.26464  0.0481177
2.63027  0.0378033
3.01995  0.0304695
3.50752  0.0243135
4.0738  0.0195429
4.7863  0.0155633
5.62341  0.0124872
6.68344  0.00993533
8.03526  0.00784516
9.88553  0.00606565
12.0226  0.00479164
15.1356  0.00365906
18.8365  0.00285148
23.4423  0.0022336
30  0.001706
43.1519  0.00115519
64.5654  0.00075684
107.152  0.000448792
204.174  0.000232776
407.38  0.000115877
1621.81  2.89565e-05
100000  4.6889e-07
-1  -1
0.0063131   0.0 
0.0063131  10117.3
0.0065  9740.04
0.00665  9479.74
0.00685  9115.98
0.00707946  8759.09
0.00767361  7828.12
0.00831764  7030.68
0.009  6257.14
0.00944061  5810.5
0.0102  5185.94
0.0109648  4624.15
0.0133352  3357.27
0.0147911  2808.32
0.0171791  2157.84
0.02  1633.02
0.0223872  1321.85
0.0266072  947.343
0.031989  656.622
0.0384592  450.265
0.0457088  313.217
0.0537032  221.506
0.0630957  155.541
0.075  105.685
0.0901571  69.4801
0.109648  44.1361
0.138038  25.6605
0.27227  5.07926
0.331131  3.20468
0.398107  2.09174
0.467735  1.4498
0.537032  1.0658
0.623735  0.769337
0.724436  0.559511
0.851138  0.400406
0.966051  0.310042
1.1749  0.211252
1.31826  0.169482
1.5  0.13335
1.69824  0.106722
1.92752  0.0856911
2.2131  0.0680215
2.5704  0.0533753
2.98538  0.0422143
3.46737  0.0336658
4.02717  0.0270458
4.73151  0.0215258
5.55904  0.0172627
6.68344  0.0135235
8.03526  0.0106786
9.88553  0.00825645
12.0226  0.00652226
15.1356  0.00498061
18.8365  0.00388136
23.4423  0.00304033
30  0.0023221
43.1519  0.0015724
64.5654  0.00103021
105.925  0.000618145
201.837  0.000320566
402.717  0.000159569
1603.24  3.98726e-05
100000  6.3824e-07
-1  -1
0.0059456   0.0 
0.0059456  16150.3
0.0061  15821.8
0.0065  14830.1
0.00683912  13967.5
0.0075  12470.7
0.00794328  11527.1
0.00860994  10244.1
0.00954993  8750.25
0.0104  7637.42
0.0123027  5713.86
0.0131826  5035.95
0.0154882  3701.3
0.016788  3152.65
0.0195  2315.68
0.0215  1879.78
0.0245471  1406.16
0.0281838  1028.5
0.0315  794.678
0.0363078  567.299
0.0421697  394.213
0.0489779  271.736
0.057544  180.552
0.0683912  115.552
0.0822243  71.2118
0.101158  40.9827
0.131826  20.066
0.204174  6.13479
0.27227  2.85145
0.295121  2.29734
0.346737  1.50745
0.402717  1.02661
0.462381  0.725332
0.524807  0.531213
0.595662  0.391964
0.668344  0.299552
0.749894  0.230546
0.860994  0.169736
0.933254  0.142786
1.01158  0.120929
1.14815  0.0940664
1.2735  0.0770858
1.42889  0.0622586
1.65959  0.047534
1.88365  0.0381026
2.13796  0.0307832
2.48313  0.0241113
2.88403  0.0190354
3.31131  0.0154159
3.84592  0.0123572
4.51856  0.00981389
5.30884  0.00785367
6.30957  0.00623367
7.58578  0.00491032
9.22571  0.00384207
11.2202  0.00302734
13.8038  0.00236961
17.378  0.00181725
22.9087  0.00133287
29.8538  0.000997819
43.1519  0.000672145
64.5654  0.00044036
107.152  0.000261129
204.174  0.000135435
407.38  6.74235e-05
1621.81  1.68481e-05
100000  2.7282e-07
-1  -1
0.004829   0.0 
0.004829  63846
0.00492  62244.9
0.005188  57184.6
0.0055  51748
0.00616595  42289
0.0068  35177.6
0.00794328  26008.9
0.00860994  22098
0.0099  16566.5
0.0107152  13964.3
0.0127  9586.2
0.014  7661.56
0.0158489  5731.37
0.018  4215.12
0.02  3252.74
0.0231739  2243.04
0.0266072  1568.73
0.0298538  1157.52
0.034  815.984
0.039355  546.312
0.0457088  359.515
0.0530884  234.812
0.0616595  152.346
0.0732824  91.7871
0.0891251  51.2721
0.112202  25.6267
0.192752  4.96513
0.237137  2.66371
0.278612  1.65179
0.323594  1.06739
0.371535  0.718641
0.421696  0.503747
0.473151  0.367217
0.530884  0.2696
0.595662  0.199459
0.660694  0.153197
0.732824  0.118474
0.860994  0.0802199
0.922571  0.0682664
0.977237  0.0600123
1.03514  0.0530779
1.10918  0.0460986
1.20226  0.0393878
1.31826  0.0331567
1.47911  0.0269542
1.75792  0.0198198
1.97242  0.0162502
2.26464  0.0129153
2.63027  0.0101467
3.01995  0.00817819
3.50752  0.00652597
4.0738  0.00524551
4.7863  0.00417728
5.62341  0.00335161
6.68344  0.00266676
8.03526  0.00210569
9.88553  0.00162805
12.0226  0.00128611
15.1356  0.000982119
18.8365  0.000765358
23.4423  0.000599512
30  0.0004579
43.1519  0.000310062
65.3131  0.000200723
108.393  0.000119045
208.93  6.10381e-05
416.869  3.03907e-05
1659.59  7.59483e-06
100000  1.2585e-07
-1  -1
0.0042372   0.0 
0.0042372  157919
0.004285  152811
0.00435  147954
0.00451856  133474
0.00506991  98442.7
0.0054325  81470.2
0.00616595  57101.2
0.00691831  41085
0.0078  28934.8
0.00870964  20785
0.0105925  11376.2
0.011885  7905.16
0.013554  5193.18
0.0162181  2886.63
0.0186209  1820.14
0.020893  1233.24
0.0242661  738.064
0.0285102  421.058
0.0338844  228.821
0.040738  118.379
0.0501187  55.9182
0.0638264  23.093
0.107152  3.42259
0.136458  1.40769
0.164059  0.720224
0.194985  0.387161
0.226464  0.227583
0.260016  0.14033
0.295121  0.0907223
0.331131  0.0614339
0.371535  0.0418964
0.412098  0.0298848
0.457088  0.0214626
0.506991  0.0155254
0.555904  0.0117155
0.60256  0.00921227
0.653131  0.00730095
0.716143  0.00563828
0.794328  0.00425053
0.860994  0.0034039
0.912011  0.0029211
0.954993  0.00259833
1  0.0023246
1.04713  0.00209362
1.09648  0.00189778
1.16145  0.00169133
1.24452  0.00148581
1.34896  0.00128561
1.51356  0.00105382
1.8197  0.000760474
2.01837  0.000636753
2.34423  0.000497333
2.7227  0.000391499
3.12608  0.000316156
3.63078  0.00025272
4.26579  0.000200149
5.01187  0.000159738
5.95662  0.000126464
7.16143  9.93739e-05
8.60994  7.86933e-05
10.5925  6.09983e-05
13.1826  4.70081e-05
16.788  3.55314e-05
22.6464  2.53767e-05
29.8538  1.87582e-05
43.1519  1.26357e-05
64.5654  8.27856e-06
107.152  4.90911e-06
204.174  2.54614e-06
407.38  1.26755e-06
1621.81  3.16736e-07
100000  5.1289e-09
-1  -1
0.0040156   0.0 
0.0040156  248861
0.00473151  160007
0.005188  123744
0.00595662  83228.4
0.00668344  59423.2
0.0075  42090.4
0.00831764  30662
0.0102329  15969.8
0.0113501  11424.1
0.0130317  7269.67
0.0153109  4239.31
0.017378  2752.78
0.0195  1849.07
0.0226464  1093.93
0.0266072  615.643
0.0316228  329.282
0.0371535  182.12
0.0446684  91.8047
0.0537032  45.9287
0.0691831  17.5569
0.123027  1.95307
0.147911  0.973695
0.171791  0.556886
0.197242  0.33472
0.223872  0.211229
0.251189  0.139891
0.281838  0.0933082
0.312608  0.0652591
0.346737  0.0459728
0.384592  0.0326366
0.421696  0.0242368
0.462381  0.018124
0.506991  0.0136504
0.555904  0.010358
0.60256  0.00819045
0.653131  0.00652904
0.716143  0.00507695
0.794328  0.00385707
0.860994  0.00310525
0.912011  0.00267497
0.954993  0.00238687
1  0.00214239
1.05925  0.00188802
1.12202  0.00167606
1.20226  0.00146463
1.30317  0.0012621
1.53109  0.000951243
1.8197  0.000700559
2.01837  0.00058664
2.34423  0.000458164
2.7227  0.000360612
3.12608  0.000291178
3.63078  0.000232753
4.26579  0.000184336
5.01187  0.000147119
5.95662  0.000116478
7.16143  9.15241e-05
8.60994  7.24774e-05
10.5925  5.61797e-05
13.1826  4.32943e-05
16.788  3.27244e-05
22.6464  2.33724e-05
29.8538  1.72765e-05
43.1519  1.16377e-05
64.5654  7.62455e-06
107.152  4.52129e-06
204.174  2.34509e-06
407.38  1.16741e-06
1621.81  2.91714e-07
100000  4.7237e-09
-1  -1
0.0016641   0.0 
0.0016641  22437.9
0.00175  21196.5
0.00192753  19183.4
0.00204174  18110.5
0.00216272  16956.2
0.00251189  14218.1
0.00291743  11820
0.00316228  10620.5
0.00389045  7961.01
0.00431519  6837.15
0.00506991  5359.42
0.00595662  4156.53
0.00668344  3449.91
0.008  2554.94
0.00966051  1844.85
0.0116145  1328.77
0.0138038  968.611
0.0165  692.822
0.0194985  502.555
0.0231739  357.909
0.0275423  253
0.0327341  177.499
0.0389045  123.607
0.0462381  85.4378
0.0549541  58.6474
0.0660693  38.9395
0.0803526  25.0087
0.0988553  15.528
0.120226  9.83139
0.160325  4.95204
0.251189  1.69154
0.316228  0.981575
0.380189  0.639385
0.446684  0.442515
0.524807  0.308541
0.60256  0.227964
0.699842  0.165691
0.822243  0.118451
0.977237  0.0833518
1.1749  0.0580448
1.30317  0.0475943
1.47911  0.0376149
1.6788  0.0299459
1.90546  0.0240261
2.18776  0.0190612
2.54097  0.0149484
2.95121  0.0118151
3.42768  0.00941637
4  0.007509
4.67735  0.00601431
5.49541  0.00482057
6.53131  0.00383179
7.85236  0.00302278
9.66051  0.00233498
11.749  0.00184305
14.6218  0.00142533
18.197  0.00110948
23.174  0.000846547
29.8538  0.000641809
43.1519  0.000432327
64.5654  0.000283242
107.152  0.000167959
204.174  8.7116e-05
407.38  4.33674e-05
1621.81  1.08373e-05
100000  1.7548e-07
-1  -1
0.0014932   0.0 
0.0014932  18915.8
0.00163  18766.1
0.0018  18365.5
0.00195  17814.5
0.00211349  17120.9
0.00229087  16337.1
0.00245471  15586.1
0.00269154  14495.5
0.00285102  13773.2
0.00316228  12438.8
0.00346737  11297.5
0.00372  10424.9
0.00416869  9064.76
0.00457088  8046.51
0.00501187  7085.46
0.00562341  6003.61
0.00616595  5219.03
0.00691831  4351.7
0.00767361  3667.01
0.00860994  3012.42
0.0098  2392.14
0.0109648  1944.4
0.0123027  1562.24
0.014  1212.25
0.0160325  921.055
0.0184077  690.14
0.0211349  512.779
0.0242661  377.888
0.0278612  276.29
0.031989  200.483
0.0367282  144.432
0.0421697  103.348
0.0489779  71.4031
0.057544  47.577
0.0683912  30.5539
0.0822243  18.9028
0.101158  10.9262
0.133352  5.21288
0.204174  1.65632
0.269153  0.793979
0.323594  0.489798
0.380189  0.323333
0.436516  0.228049
0.501187  0.162043
0.568853  0.119346
0.638263  0.0909949
0.716143  0.0699508
0.812831  0.0527921
0.944061  0.0381968
1.02329  0.0322982
1.12202  0.0268644
1.25  0.0218177
1.39637  0.0177558
1.65959  0.0130037
1.88365  0.0104229
2.13796  0.00842115
2.48313  0.00659607
2.88403  0.00520724
3.31131  0.00421713
3.84592  0.00338048
4.51856  0.00268465
5.30884  0.00214837
6.30957  0.00170526
7.58578  0.00134322
9.22571  0.00105099
11.3501  0.000816815
14.1254  0.000631059
17.5792  0.000490669
22.9087  0.00036462
29.8538  0.000272959
43.1519  0.000183865
64.5654  0.000120466
105.925  7.22818e-05
201.837  3.7485e-05
402.717  1.86594e-05
1603.24  4.66247e-06
100000  7.4632e-08
-1  -1
0.0011944   0.0 
0.0011944  142320
0.00133352  127056
0.0015  111443
0.00175792  91625.3
0.00190546  82513.3
0.00216272  69197.8
0.0024  59322
0.00275423  48131.4
0.00301995  41534.4
0.00350752  32420.1
0.0039  26995.3
0.00446684  21209.6
0.00506991  16787.4
0.00568853  13491.5
0.00653131  10293
0.0074131  7968.83
0.00831764  6276.01
0.0095  4729.08
0.0108393  3543.37
0.0124452  2597.25
0.0142889  1888.04
0.0165  1342.66
0.0188365  973.471
0.0216272  690.665
0.0245471  500.829
0.0281838  350.174
0.0323594  242.971
0.0367282  172.698
0.0421697  118.239
0.0489779  77.8511
0.057544  49.2482
0.0676083  30.9212
0.081283  18.0189
0.1  9.7328
0.133352  4.09661
0.2  1.20673
0.248313  0.633245
0.291743  0.394497
0.338844  0.256042
0.389045  0.172981
0.44157  0.121612
0.49545  0.0888901
0.555904  0.0654952
0.623735  0.048635
0.691831  0.037463
0.794328  0.0265703
0.860994  0.0218993
0.922571  0.0186822
0.977237  0.0164596
1.04713  0.0142443
1.13501  0.0121164
1.24452  0.0101458
1.38038  0.00837812
1.71791  0.00566442
1.94985  0.00454851
2.23872  0.00361265
2.60016  0.00283647
3.01995  0.00224475
3.50752  0.00179125
4.0738  0.00143981
4.7863  0.00114661
5.62341  0.000919983
6.68344  0.000731974
8.03526  0.000577984
9.88553  0.000446883
12.0226  0.000353018
15.1356  0.000269576
18.8365  0.000210081
23.4423  0.000164562
29.8538  0.000126351
43.1519  8.51075e-05
64.5654  5.57591e-05
107.152  3.30646e-05
204.174  1.71492e-05
407.38  8.53731e-06
1621.81  2.13336e-06
100000  3.4545e-08
-1  -1
0.00091964   0.0 
0.00091964  169560
0.0009308  177841
0.0009415  184752
0.000953  191037
0.000965  196346
0.000977237  200495
0.00099  203546
0.001  205100
0.001015  206203
0.00102329  206254
0.00109648  202212
0.00116145  197322
0.00121619  192294
0.001285  185181
0.00138038  174509
0.00146218  165163
0.00154882  155338
0.00165959  143248
0.00177828  131140
0.00190546  119164
0.00206538  105874
0.00218776  96699.1
0.0023769  84143.6
0.00260016  71919
0.0028  62734
0.00309029  51830.2
0.00334965  44102.7
0.00365  36841.5
0.00402717  29785.2
0.0044  24412.6
0.0049  19020.2
0.00537032  15262.3
0.00595662  11818.3
0.00660693  9076.35
0.0073  6993.68
0.00822243  5079.96
0.00922571  3695.87
0.0102329  2756.76
0.0113501  2043.46
0.012735  1454.41
0.0144544  992.068
0.0164059  670.94
0.0186209  450.092
0.021  305.907
0.0237137  205.694
0.0269154  135.092
0.0309029  84.7755
0.0358922  50.7658
0.0416869  30.175
0.049545  16.424
0.060256  8.17312
0.0758578  3.565
0.144544  0.344446
0.17378  0.177875
0.201837  0.104635
0.239883  0.057145
0.275423  0.0354818
0.312608  0.0230877
0.350752  0.015727
0.39355  0.0107881
0.436516  0.00773503
0.484172  0.00558603
0.530884  0.00421069
0.582103  0.00319541
0.638263  0.00244226
0.691831  0.00194683
0.767362  0.00146647
0.944061  0.00084404
0.988553  0.000750694
1.02329  0.000691187
1.07152  0.000623318
1.12202  0.000565885
1.1885  0.000505427
1.2735  0.00044513
1.38038  0.000386653
1.51356  0.000330851
1.84077  0.000233998
2.044  0.000195674
2.37137  0.0001532
2.75423  0.000120652
3.16228  9.74765e-05
3.67282  7.79606e-05
4.31519  6.17763e-05
5.06991  4.93298e-05
6.0256  3.90764e-05
7.16143  3.11785e-05
8.60994  2.46901e-05
10.5925  1.91383e-05
13.1826  1.47489e-05
16.788  1.11478e-05
22.6464  7.96197e-06
29.8538  5.8855e-06
43.1519  3.96443e-06
64.5654  2.59739e-06
107.152  1.54024e-06
208.93  7.80433e-07
416.869  3.88571e-07
1659.59  9.71079e-08
100000  1.6092e-09
-1  -1
0.00086544   0.0 
0.00086544  333632
0.0008781  337244
0.000917  352908
0.000935  356192
0.00095  357586
0.00097  356002
0.001  352336
0.0010743  339458
0.00113501  327536
0.00120226  313168
0.00128825  294136
0.00136458  277381
0.00145  259043
0.00154882  238808
0.00165  219554
0.00173  205332
0.00190546  177642
0.00201837  162058
0.00216272  144112
0.0024  119735
0.0025704  105379
0.00281838  87983.4
0.00309029  72974.7
0.00334965  61537
0.00371535  49040.7
0.0040738  39776.9
0.00451856  31182.6
0.005  24379
0.0055  19205
0.00609537  14736.5
0.00668344  11549.7
0.0074131  8720.96
0.00831764  6328.82
0.00922571  4707.33
0.0101158  3598.85
0.0113501  2554.01
0.012735  1798.29
0.0144544  1211.76
0.0162181  839.895
0.018197  578.114
0.0204174  395.252
0.0229087  268.509
0.0260016  174.293
0.0295121  112.311
0.0338844  69.033
0.039355  40.4277
0.0457088  23.4972
0.054325  12.4659
0.0668344  5.77747
0.139637  0.365577
0.165959  0.192506
0.190546  0.115963
0.218776  0.0703795
0.248313  0.0448471
0.285102  0.0276563
0.316228  0.0193701
0.350752  0.0136622
0.384592  0.0100845
0.421696  0.00750166
0.462381  0.0056191
0.506991  0.00423862
0.555904  0.00321972
0.609537  0.00246459
0.660694  0.00196392
0.716143  0.0015754
0.776247  0.00127159
0.860994  0.0009692
0.912011  0.000838063
0.966051  0.000729808
1.01158  0.00065752
1.07152  0.00058133
1.13501  0.00051716
1.21619  0.000452516
1.31826  0.000390042
1.79887  0.000225037
2.01837  0.000184711
2.34423  0.000144246
2.7227  0.000113544
3.12608  9.16919e-05
3.63078  7.32943e-05
4.26579  5.8047e-05
5.01187  4.63266e-05
5.95662  3.66781e-05
7.16143  2.88207e-05
8.60994  2.28229e-05
10.5925  1.76906e-05
13.1826  1.36333e-05
16.788  1.03046e-05
22.6464  7.35985e-06
29.8538  5.44037e-06
43.1519  3.66468e-06
64.5654  2.40099e-06
107.152  1.42367e-06
204.174  7.38438e-07
407.38  3.67611e-07
1621.81  9.18606e-08
100000  1.4875e-09
-1  -1
0.00050225   0.0 
0.00050225  49080.5
0.0005024  49321.2
0.0005031  49860.3
0.0005045  50498.8
0.0005075  51463.3
0.000511  52289.2
0.000517  53294
0.000519  53833.3
0.0005208  54595.4
0.0005222  55444.8
0.0005238  56753.7
0.0005253  58367.6
0.0005265  59968.7
0.000528  62396.4
0.0005295  65355.6
0.000531  68895.6
0.000532  71610.6
0.0005335  76260
0.000535  81663.6
0.0005365  87881.4
0.0005385  97572
0.0005407  110252
0.00054325  127844
0.000551  202537
0.000554  240145
0.000556  267766
0.000558  297321
0.00056  328589
0.0005628  375027
0.000565  413500
0.000567  449835
0.0005697  500677
0.000572  545438
0.000574  585280
0.000577  646230
0.00058  708150
0.000583  770532
0.0005865  842640
0.00059  913140
0.000593  971538
0.0005965  1.03654e+06
0.0006  1.09765e+06
0.000603  1.14671e+06
0.0006065  1.19993e+06
0.00061  1.24891e+06
0.000614  1.29988e+06
0.000619  1.35657e+06
0.000624  1.40639e+06
0.00063  1.45703e+06
0.000635  1.49246e+06
0.000641  1.52722e+06
0.000646  1.55035e+06
0.000653131  1.57526e+06
0.000660693  1.59243e+06
0.00067205  1.6055e+06
0.000685  1.60709e+06
0.0007  1.59784e+06
0.000716143  1.57673e+06
0.000735  1.54228e+06
0.000758578  1.49159e+06
0.000785236  1.42883e+06
0.00082  1.34397e+06
0.000860994  1.24484e+06
0.000901571  1.15064e+06
0.000954993  1.03512e+06
0.001015  918048
0.00107152  819901
0.00115  701958
0.00121619  616671
0.00131826  507538
0.00142  421523
0.00151356  356986
0.00165959  278657
0.0018  222605
0.00197242  171291
0.00216272  130792
0.00237137  99058.9
0.00263027  71976.1
0.00291743  51831.6
0.0031989  38486.9
0.00358922  26291.4
0.0039355  19255.2
0.0044  13108
0.0049545  8628.53
0.0055  5928.05
0.00609537  4072.16
0.00683912  2654.22
0.00767361  1716.85
0.00870964  1054.08
0.0098  663.984
0.0109648  424.731
0.0123027  266.9
0.0138038  166.695
0.0156675  98.6475
0.0179887  55.2416
0.0206538  30.6986
0.0239883  16.1147
0.0281838  7.98483
0.0334965  3.73264
0.040738  1.56412
0.0537032  0.453835
0.0803526  0.0742837
0.102329  0.0251914
0.121619  0.0117152
0.141254  0.00607469
0.160325  0.00350716
0.184077  0.00194075
0.20893  0.00113647
0.237137  0.000670593
0.266072  0.000417683
0.295121  0.000274678
0.327341  0.00018201
0.358922  0.000127324
0.398107  8.58416e-05
0.47863  4.31727e-05
0.5188  3.21567e-05
0.555904  2.51321e-05
0.595662  1.97754e-05
0.630957  1.6324e-05
0.676083  1.30559e-05
0.794328  7.86367e-06
0.841395  6.60229e-06
0.881049  5.77244e-06
0.922571  5.07759e-06
0.966051  4.49826e-06
1  4.12936e-06
1.04713  3.71147e-06
1.09648  3.35944e-06
1.14815  3.05921e-06
1.21619  2.74042e-06
1.31826  2.36975e-06
1.51356  1.87164e-06
1.84077  1.32388e-06
2.044  1.10683e-06
2.37137  8.66345e-07
2.75423  6.82315e-07
3.16228  5.51304e-07
3.67282  4.40939e-07
4.31519  3.49405e-07
5.06991  2.79006e-07
6.0256  2.21017e-07
7.24436  1.73755e-07
8.70964  1.37655e-07
10.7152  1.06744e-07
13.3352  8.23015e-08
16.9824  6.22307e-08
22.6464  4.50325e-08
29.8538  3.32882e-08
43.1519  2.24228e-08
64.5654  1.46908e-08
107.152  8.71135e-09
204.174  4.51831e-09
407.38  2.24931e-09
1621.81  5.62063e-10
100000  9.1014e-12
-1  -1
0.00048747   0.0 
0.00048747  74049.1
0.0004886  72564.2
0.000489779  71513.9
0.0004914  70731.6
0.0004932  70436.7
0.000497  70602.5
0.000501187  71277.1
0.00050322  71915.8
0.0005055  73128.6
0.000507  74335.8
0.0005087  76214.1
0.00051  78083.6
0.0005115  80776.8
0.000512861  83779.4
0.0005143  87596.8
0.0005155  91333.6
0.000517  96780.8
0.0005185  103172
0.00052  110595
0.0005215  119150
0.000523  128932
0.0005253  146532
0.000528  171610
0.000535  261427
0.000538  311258
0.0005407  361648
0.00054325  413673
0.0005457  467350
0.000548  520714
0.00055  569215
0.000552  619486
0.000555  697839
0.000558  779156
0.000561  862856
0.0005642  953888
0.000567  1.03422e+06
0.0005697  1.11155e+06
0.000573  1.20484e+06
0.000576  1.28748e+06
0.000579  1.36722e+06
0.000582103  1.4459e+06
0.000585  1.51549e+06
0.000589  1.60494e+06
0.000593  1.6865e+06
0.0005965  1.75165e+06
0.0006  1.8113e+06
0.000605  1.88739e+06
0.00061  1.9537e+06
0.00061579  2.01905e+06
0.000622  2.0764e+06
0.000628  2.12025e+06
0.000635  2.15836e+06
0.000643  2.18724e+06
0.000653131  2.20645e+06
0.00066534  2.21178e+06
0.000678  2.20346e+06
0.000693  2.18002e+06
0.000708  2.14488e+06
0.00073  2.08102e+06
0.00075  2.01618e+06
0.00078  1.91317e+06
0.000812831  1.79867e+06
0.000851138  1.66828e+06
0.000901571  1.50605e+06
0.00095  1.36322e+06
0.001  1.22929e+06
0.00107  1.06406e+06
0.00113501  932855
0.00120226  814972
0.00130317  669270
0.0014  558534
0.0015  465894
0.00165  359709
0.00177828  291664
0.00197242  216308
0.00215  167518
0.0024  119834
0.00263027  90003.2
0.00291743  64645.6
0.0032237  46627.3
0.00354813  33862.1
0.004  22488
0.0044157  15924.5
0.00484172  11487.3
0.0055  7242.5
0.00623735  4549.06
0.00707946  2821.66
0.00803526  1734.08
0.00912011  1056.02
0.0102329  667.673
0.0115  416.452
0.0130317  249.321
0.0147911  147.173
0.016788  86.2794
0.0190546  50.2136
0.0218776  27.6146
0.0254097  14.3348
0.0298538  7.01764
0.0354813  3.23805
0.0431519  1.33666
0.0582103  0.341795
0.081283  0.0743842
0.107152  0.0212278
0.125892  0.0102863
0.144544  0.00556611
0.164059  0.00319347
0.186209  0.00184574
0.20893  0.00112889
0.239883  0.000630885
0.266072  0.000410797
0.291743  0.000282492
0.316228  0.00020497
0.346737  0.000143153
0.380189  0.000100745
0.42658  6.55358e-05
0.462381  4.88743e-05
0.49545  3.82719e-05
0.524807  3.14281e-05
0.562341  2.49732e-05
0.609537  1.92109e-05
0.668344  1.41962e-05
0.716143  1.13776e-05
0.758578  9.51165e-06
0.803526  8.00061e-06
0.851138  6.77917e-06
0.891251  5.97401e-06
0.933254  5.29664e-06
0.977237  4.72769e-06
1.02329  4.25084e-06
1.08393  3.75312e-06
1.14815  3.33879e-06
1.23027  2.92527e-06
1.33352  2.52778e-06
1.53109  1.98864e-06
1.8197  1.4645e-06
2.01837  1.22623e-06
2.34423  9.57694e-07
2.7227  7.53716e-07
3.12608  6.08545e-07
3.63078  4.86441e-07
4.26579  3.85249e-07
5.01187  3.07465e-07
5.95662  2.43427e-07
7.07946  1.9414e-07
8.51138  1.5367e-07
10.4713  1.19057e-07
13.0317  9.17118e-08
16.788  6.83917e-08
22.6464  4.88464e-08
29.8538  3.6107e-08
43.1519  2.43219e-08
64.5654  1.59348e-08
105.925  9.56147e-09
201.837  4.95844e-09
402.717  2.46822e-09
1603.24  6.16747e-10
100000  9.8722e-12
-1  -1
0.0003843   0.0 
0.0003843  45533.4
0.000484172  37269.1
0.000555904  33224.5
0.0007  26622
0.000758578  24479.3
0.000891251  20448.5
0.000977237  18346.7
0.00112202  15442.3
0.00125892  13299.2
0.00147911  10684.8
0.0016788  8936.84
0.00197242  7070.58
0.00237137  5365.33
0.00288403  3967.1
0.0035  2921.4
0.0042658  2120.7
0.00512861  1562.9
0.00623735  1121.24
0.0075  813.77
0.00901571  586.466
0.0108393  419.486
0.0130317  297.871
0.0156675  209.944
0.0188365  146.868
0.0226464  101.965
0.027227  70.2469
0.0327341  48.0169
0.039355  32.5633
0.0473151  21.9096
0.0568853  14.6252
0.0683912  9.68887
0.0831764  6.20554
0.101158  3.94481
0.12735  2.29591
0.27227  0.37547
0.338844  0.224354
0.402717  0.150415
0.473151  0.104366
0.549541  0.0748308
0.630957  0.0554084
0.732824  0.0403207
0.860994  0.0288703
0.977237  0.0223644
1.1885  0.0152456
1.33352  0.0122393
1.51356  0.00968099
1.71791  0.00771779
1.94985  0.00620129
2.23872  0.00492559
2.60016  0.0038674
3.01995  0.00306071
3.50752  0.00244237
4.0738  0.00196314
4.7863  0.00156334
5.62341  0.00125438
6.76083  0.000983172
8.1283  0.000776709
10  0.00060079
12.1619  0.000474788
15.4882  0.000357895
19.4984  0.000275524
23.7137  0.000221548
30  0.00017137
43.1519  0.000116044
64.5654  7.60252e-05
107.152  4.50824e-05
204.174  2.33823e-05
407.38  1.16407e-05
1621.81  2.9087e-06
100000  4.71e-08
-1  -1
0.0003148   0.0 
0.0003148  124365
0.00031989  118755
0.000327341  112002
0.0003325  106874
0.00034  98999.2
0.000355  84841.2
0.000371535  73298.5
0.000385  65200.8
0.00041  54288
0.000436516  45552.2
0.000455  40799
0.000473151  37019.9
0.000493  33691.8
0.000515  30739.8
0.00054  28053.4
0.000568853  25572.4
0.000595662  23711.1
0.000623735  22123
0.000653131  20770.9
0.000691831  19342.7
0.00074131  17899.8
0.000803526  16470.7
0.000891251  14922.2
0.00123027  11130.8
0.0014  9834.12
0.00160325  8573.04
0.00184077  7390.64
0.00206538  6487.29
0.00234423  5580.74
0.00269154  4697.18
0.00305492  3980.13
0.00346737  3349.11
0.0039355  2798.14
0.00446684  2320.97
0.00506991  1911.13
0.0057544  1561.95
0.00653131  1267.11
0.00732824  1040.9
0.00831764  832.673
0.00954993  647.335
0.0109648  498.885
0.0124452  390.166
0.0141254  303.083
0.0160325  233.829
0.0184077  174.843
0.0211349  129.714
0.0242661  95.4935
0.0278612  69.7802
0.031989  50.6226
0.0371535  35.4765
0.0431519  24.6715
0.0506991  16.5513
0.06  10.8174
0.0716143  6.8635
0.0870964  4.11545
0.109648  2.23507
0.218776  0.351194
0.27227  0.196374
0.323594  0.124912
0.380189  0.0824782
0.436516  0.0581812
0.501187  0.0413453
0.568853  0.0304519
0.638263  0.023222
0.716143  0.0178329
0.822243  0.0131034
0.901571  0.0107236
0.977237  0.00905636
1.09648  0.00718913
1.23027  0.00574696
1.38038  0.004631
1.62181  0.00345713
1.84077  0.00276741
2.06538  0.00227626
2.39883  0.00177974
2.78612  0.00140243
3.19889  0.00113374
3.71535  0.00090729
4.36516  0.000719353
5.12861  0.000574733
6.09537  0.000455507
7.32824  0.000358275
8.81049  0.000283971
10.8393  0.000220302
13.4896  0.000169931
17.1791  0.000128535
22.9087  9.30526e-05
29.8538  6.96606e-05
43.1519  4.69235e-05
64.5654  3.07432e-05
107.152  1.82296e-05
204.174  9.45537e-06
407.38  4.70706e-06
1621.81  1.17621e-06
100000  1.9046e-08
-1  -1
0.00023965   0.0 
0.00023965  332614
0.000263027  294198
0.000278612  269842
0.000293  251790
0.000335  214196
0.000358922  198572
0.000489779  144277
0.000562341  124475
0.000638263  108024
0.00073  92209.2
0.000822243  79605
0.000933254  67596.9
0.00105925  56991.9
0.00121619  46950.8
0.0014  38239.5
0.00162181  30611.1
0.00188365  24217.2
0.00216272  19377.4
0.00251189  15111.8
0.0029  11823.5
0.00334965  9181
0.00384592  7157.63
0.00446684  5424.98
0.005188  4077.15
0.00595662  3108.58
0.0068  2380.42
0.00785236  1766.48
0.00901571  1316.66
0.0103514  973.725
0.011885  714.544
0.0136458  520.301
0.0156675  375.93
0.0179887  269.521
0.0206538  191.753
0.0237137  135.383
0.027227  94.8973
0.0312608  66.033
0.0358922  45.6122
0.0416869  30.315
0.0484172  19.993
0.0568853  12.6703
0.0668344  7.96797
0.0803526  4.65181
0.0988553  2.51852
0.128825  1.13706
0.197242  0.315034
0.242661  0.16975
0.288403  0.102134
0.334965  0.0662411
0.384592  0.0447505
0.436516  0.0314711
0.489779  0.02301
0.549541  0.0169443
0.609537  0.0129503
0.676083  0.00996536
0.749894  0.0077201
0.870964  0.00538181
0.933254  0.00458542
0.988553  0.00403594
1.05925  0.00348989
1.14815  0.00296926
1.25  0.0025234
1.38038  0.00210287
1.7378  0.00139454
1.94985  0.00114264
2.23872  0.000907679
2.60016  0.000712658
3.01995  0.000563935
3.50752  0.000450008
4.0738  0.000361713
4.7863  0.000288046
5.62341  0.000231116
6.76083  0.000181154
8.1283  0.000143111
10  0.0001107
12.1619  8.74806e-05
15.4882  6.59438e-05
19.7242  5.0114e-05
23.7137  4.08209e-05
30  3.1575e-05
43.1519  2.13805e-05
64.5654  1.40079e-05
107.152  8.30649e-06
204.174  4.30826e-06
407.38  2.14475e-06
1621.81  5.35941e-07
100000  8.6784e-09
-1  -1
0.00013646   0.0 
0.00013646  576364
0.0001372  613808
0.0001378  651168
0.0001385  702892
0.0001407  906264
0.0001415  987984
0.0001423  1.0692e+06
0.00014307  1.14457e+06
0.0001437  1.20254e+06
0.0001442  1.24549e+06
0.0001448  1.29282e+06
0.0001455  1.34168e+06
0.000146218  1.384e+06
0.000147  1.42108e+06
0.000147911  1.45277e+06
0.0001488  1.47265e+06
0.0001498  1.48346e+06
0.0001505  1.48477e+06
0.0001515  1.47932e+06
0.0001525  1.46692e+06
0.00015414  1.4358e+06
0.000156  1.39058e+06
0.000158489  1.32232e+06
0.000162181  1.21795e+06
0.000167  1.08769e+06
0.000171791  967751
0.000176  870324
0.000181  764616
0.000188  636216
0.000204174  422853
0.000213796  338557
0.000223872  272890
0.000233  227849
0.00024  200433
0.000245471  182523
0.000252  164550
0.000258  150805
0.0002635  140182
0.000269154  130943
0.000275423  122391
0.000281838  115191
0.000288403  109178
0.000295121  104201
0.000301995  100121
0.00031  96419.6
0.000318  93625.6
0.000327341  91262.5
0.000335  89894.8
0.000347  88539.6
0.00036  87864.8
0.000375837  87771.5
0.0004  88425.6
0.00046  90533.6
0.00049545  91108.6
0.00053  90959.2
0.000565  90175.2
0.00060256  88769.8
0.000638263  86989.3
0.000685  84203.6
0.000732825  81038.6
0.000785236  77348
0.000841395  73317.5
0.000901571  69056.7
0.00097  64359.6
0.00104713  59394.2
0.00113501  54168.5
0.00123027  49067.2
0.00133352  44138.6
0.00146218  38824.9
0.00161  33658.3
0.00175792  29339.6
0.00192753  25239.4
0.00215  20923.6
0.00237137  17544.4
0.00260016  14771.4
0.00285102  12361.9
0.00316228  10043.7
0.00350752  8097.54
0.00389045  6478.69
0.00431519  5145.66
0.0047863  4055.1
0.00530884  3171.7
0.00588844  2462.8
0.00653131  1898.55
0.00724436  1453.33
0.00803526  1104.95
0.00901571  808.415
0.0101158  586.942
0.0113501  423.288
0.012735  302.998
0.0139637  230.521
0.0156675  162.489
0.0175792  113.696
0.02  75.5963
0.0226464  50.6976
0.025704  33.509
0.0295121  21.1685
0.0338844  13.2698
0.039355  7.93951
0.0462381  4.52954
0.0549541  2.4634
0.0660693  1.277
0.0860994  0.492081
0.139637  0.0857445
0.171791  0.040803
0.204174  0.0221251
0.237137  0.0131035
0.27227  0.00813655
0.30903  0.00529397
0.346737  0.00360561
0.389045  0.00247292
0.436516  0.00170902
0.484172  0.00123438
0.537032  0.000897998
0.588844  0.000681582
0.638263  0.000539562
0.699842  0.00041637
0.767362  0.000323574
0.803526  0.000285748
0.860994  0.000236103
0.912011  0.000202683
0.954993  0.000180431
1  0.00016165
1.04713  0.000145826
1.10918  0.000129163
1.1749  0.000115214
1.25893  0.000101198
1.36458  8.76172e-05
1.51356  7.32627e-05
1.8197  5.28599e-05
2.01837  4.4257e-05
2.34423  3.45617e-05
2.7227  2.72022e-05
3.12608  2.19644e-05
3.63078  1.75572e-05
4.26579  1.39044e-05
5.01187  1.10967e-05
5.95662  8.78613e-06
7.16143  6.90384e-06
8.60994  5.46713e-06
10.5925  4.23772e-06
13.1826  3.26578e-06
16.788  2.46845e-06
22.6464  1.76302e-06
29.8538  1.30322e-06
43.1519  8.7785e-07
64.5654  5.75138e-07
107.152  3.41043e-07
206.538  1.74836e-07
412.098  8.70445e-08
1640.59  2.17523e-08
100000  3.5632e-10
-1  -1
0.00012523   0.0 
0.00012523  897552
0.0001254  918564
0.0001261  996870
0.000128  1.2599e+06
0.000129  1.41662e+06
0.0001298  1.54497e+06
0.0001305  1.656e+06
0.00013119  1.76149e+06
0.000131826  1.85324e+06
0.0001325  1.94308e+06
0.0001331  2.01529e+06
0.0001337  2.07946e+06
0.0001343  2.13505e+06
0.000135  2.18879e+06
0.0001358  2.23562e+06
0.00013667  2.26982e+06
0.0001373  2.28455e+06
0.000138038  2.29218e+06
0.0001391  2.28743e+06
0.0001402  2.26666e+06
0.0001414  2.23024e+06
0.000142889  2.1714e+06
0.0001447  2.08805e+06
0.000147  1.97458e+06
0.00015  1.82667e+06
0.000154882  1.60236e+06
0.00016  1.39294e+06
0.000165  1.21147e+06
0.0001705  1.03635e+06
0.000177828  841462
0.000190546  595970
0.000198  494961
0.000204174  428896
0.000211349  367604
0.000217  328642
0.000222  299723
0.000228  270742
0.000233  250602
0.00023917  229944
0.000245  213996
0.00025  202642
0.000256  191404
0.000262  182360
0.000267  176235
0.000273  170305
0.00028  165010
0.000288  160658
0.000295121  157968
0.000303  155982
0.000312608  154600
0.000323594  154009
0.000338844  154312
0.000363078  156134
0.00040738  159697
0.000436516  160831
0.000467735  160848
0.00049545  159846
0.000524808  157885
0.000562341  154405
0.0006  150109
0.000638263  145145
0.000685  138680
0.000732825  131884
0.000785236  124412
0.000851138  115349
0.00092  106394
0.001  96823.2
0.00108393  87746.5
0.00119  77649.6
0.00130317  68362.9
0.00141254  60692.3
0.00157  51462.2
0.00173  43857.8
0.00188365  37894.6
0.0020893  31479.2
0.00231739  25939.6
0.00260016  20728.2
0.00291743  16408.4
0.00323594  13190
0.0036  10453.5
0.00402717  8115.05
0.00446684  6372.28
0.0049545  4965.84
0.00549541  3841.66
0.00609537  2950.2
0.00676083  2249.03
0.00749894  1702.16
0.00831764  1279.48
0.00922571  955.412
0.0103514  685.635
0.0116145  488.578
0.0130317  345.469
0.0142889  260.127
0.0160325  181.027
0.0179887  125.035
0.0204174  82.5761
0.0231739  54.1577
0.0263027  35.2609
0.03  22.414
0.0342768  14.0581
0.039355  8.60375
0.0451856  5.22417
0.0530884  2.89614
0.0660693  1.28838
0.130317  0.101868
0.158489  0.0492774
0.186209  0.0272897
0.213796  0.0165572
0.242661  0.0105448
0.27227  0.00704434
0.305492  0.00474071
0.338844  0.00334277
0.375837  0.00237423
0.412098  0.00176322
0.451856  0.00131818
0.49545  0.000992458
0.54325  0.000752894
0.595662  0.000575643
0.645654  0.000458456
0.707946  0.000356162
0.822243  0.000239584
0.881049  0.000200137
0.933254  0.000173436
0.977237  0.000155531
1.02329  0.000140293
1.08393  0.000124169
1.16145  0.000108111
1.25  9.4034e-05
1.36458  8.02104e-05
1.8197  4.82551e-05
2.01837  4.04105e-05
2.34423  3.15578e-05
2.7227  2.4838e-05
3.12608  2.00554e-05
3.63078  1.60313e-05
4.26579  1.26963e-05
5.01187  1.01329e-05
5.95662  8.02251e-06
7.07946  6.39797e-06
8.51138  5.06413e-06
10.4713  3.92374e-06
13.0317  3.02246e-06
16.788  2.25389e-06
22.6464  1.60979e-06
29.8538  1.18993e-06
43.1519  8.01553e-07
64.5654  5.25147e-07
107.152  3.11407e-07
204.174  1.61513e-07
407.38  8.04054e-08
1621.81  2.00926e-08
100000  3.2535e-10
-1  -1
1.348e-05   0.0 
1.348e-05  556236
1.36458e-05  549764
1.42889e-05  531469
1.48e-05  520404
1.53109e-05  512800
1.58489e-05  508985
1.63e-05  509010
1.6788e-05  512245
1.73e-05  519342
1.77828e-05  529498
1.83e-05  544047
1.88365e-05  563023
1.92753e-05  581460
1.99e-05  612306
2.055e-05  650058
2.11349e-05  689028
2.19e-05  747147
2.27e-05  816633
2.37137e-05  917402
2.5e-05  1.06562e+06
2.66072e-05  1.28199e+06
2.98538e-05  1.8118e+06
3.16228e-05  2.14064e+06
3.31131e-05  2.43096e+06
3.46737e-05  2.74075e+06
3.63078e-05  3.06636e+06
3.75837e-05  3.3179e+06
3.9e-05  3.59043e+06
4.0738e-05  3.91153e+06
4.2658e-05  4.24896e+06
4.46684e-05  4.58165e+06
4.67735e-05  4.90852e+06
4.9e-05  5.23113e+06
5.15e-05  5.5644e+06
5.4e-05  5.86467e+06
5.65e-05  6.12831e+06
5.9e-05  6.34998e+06
6.15e-05  6.52314e+06
6.4e-05  6.64224e+06
6.60693e-05  6.69815e+06
6.83912e-05  6.71551e+06
7.07946e-05  6.68525e+06
7.32824e-05  6.60587e+06
7.58578e-05  6.47778e+06
7.85236e-05  6.30419e+06
8.12831e-05  6.09033e+06
8.41395e-05  5.84102e+06
8.70964e-05  5.55999e+06
9.01571e-05  5.25129e+06
9.33254e-05  4.92034e+06
9.65e-05  4.58364e+06
9.95e-05  4.26468e+06
0.000102329  3.96596e+06
0.000105  3.68868e+06
0.000108  3.38625e+06
0.000111  3.0963e+06
0.000113501  2.86549e+06
0.000117  2.56048e+06
0.0001205  2.27773e+06
0.000124  2.01887e+06
0.00012773  1.76928e+06
0.0001315  1.54302e+06
0.000135  1.35473e+06
0.00013919  1.15514e+06
0.000143  996264
0.0001465  867429
0.00015  753210
0.000153109  662830
0.000156675  570840
0.000160324  488487
0.000164059  415236
0.00016788  350429
0.0001705  311271
0.000174  264944
0.000177828  221326
0.000181  190147
0.000185  156450
0.000189  128201
0.000193  104634
0.000197242  84043.9
0.000202  65555.4
0.000212  39198
0.000215  33904.2
0.000217  30922.8
0.00021902  28316.8
0.000221309  25816.4
0.000223  24255.2
0.000225  22696.4
0.0002265  21718
0.000228  20891.9
0.0002295  20208.8
0.0002307  19759
0.0002323  19285.3
0.000234  18929.5
0.0002358  18706.4
0.0002373  18632.5
0.00023917  18672.2
0.0002407  18805.6
0.000242661  19098.7
0.0002445  19488.1
0.0002465  20026.2
0.000249  20850.2
0.000252  22034.6
0.000256  23895.1
0.000271  32756.1
0.000277  36753.6
0.000283  40849.5
0.000288403  44558.2
0.000293  47687.7
0.000298538  51384.9
0.000305  55558.8
0.00031  58670.7
0.000316228  62390.3
0.000323594  66534.2
0.000331131  70450.5
0.000339  74188.5
0.00034705  77672.6
0.000355  80780.7
0.000365  84198
0.000375837  87332.8
0.000385  89587.8
0.000397  91989.6
0.00040738  93582.4
0.000421697  95184.2
0.000436516  96196.6
0.000451856  96638.3
0.000467735  96539
0.000484172  95938.1
0.000506991  94466
0.000530884  92356.9
0.000555904  89644.5
0.000582103  86436.6
0.000616595  81921.2
0.000653131  77006.8
0.000691831  71816.9
0.000732825  66504
0.000776247  61171.5
0.000822243  55912
0.000870964  50805.8
0.000933254  44974.2
0.001  39527.7
0.00107152  34500.6
0.00114815  29914.7
0.00123027  25776.3
0.00133352  21504.6
0.00144544  17805.8
0.00158489  14235.3
0.00171791  11623.2
0.00186209  9429.4
0.00204174  7370.56
0.00223872  5719.61
0.00245471  4406.22
0.00269154  3369.9
0.00295121  2558.73
0.00323594  1929.65
0.00354813  1445.61
0.00389045  1075.96
0.00431519  765.966
0.0047863  541.167
0.00530884  379.279
0.00582103  274.65
0.00638264  197.415
0.00707946  135.162
0.00794328  88.0426
0.00891251  56.9841
0.01  36.6295
0.0112202  23.3981
0.0125892  14.8423
0.0138038  10.2553
0.0154882  6.40749
0.0175792  3.78926
0.0201837  2.11908
0.0234423  1.12106
0.027227  0.588563
0.0316228  0.306821
0.0380189  0.136448
0.0473151  0.0516853
0.0933254  0.00249289
0.11885  0.000851814
0.138038  0.00044126
0.154882  0.000267689
0.175792  0.000155649
0.201837  8.68179e-05
0.229087  5.11509e-05
0.25704  3.18382e-05
0.288403  1.99649e-05
0.319889  1.32128e-05
0.354813  8.80858e-06
0.39355  5.91792e-06
0.431519  4.18441e-06
0.473151  2.97885e-06
0.524807  2.04808e-06
0.568853  1.54078e-06
0.60256  1.26399e-06
0.645654  1.00755e-06
0.699842  7.79724e-07
0.767362  5.8637e-07
0.8  5.1644e-07
0.851138  4.21931e-07
0.891251  3.64986e-07
0.933254  3.17843e-07
0.966051  2.88129e-07
1  2.6269e-07
1.03514  2.41028e-07
1.07152  2.22433e-07
1.10918  2.06329e-07
1.16145  1.8795e-07
1.21619  1.7233e-07
1.30317  1.52502e-07
1.41254  1.33316e-07
1.5  1.2098e-07
1.88365  8.09354e-08
2.06538  6.92015e-08
2.39883  5.41061e-08
2.78612  4.26365e-08
3.19889  3.44681e-08
3.71535  2.75835e-08
4.36516  2.18699e-08
5.12861  1.74731e-08
6.09537  1.38481e-08
7.32824  1.08921e-08
8.81049  8.63329e-09
10.8393  6.69761e-09
13.4896  5.16614e-09
16.9824  3.95916e-09
22.6464  2.86502e-09
29.8538  2.11779e-09
43.1519  1.42657e-09
65.3131  9.23473e-10
109.648  5.41302e-10
211.349  2.77572e-10
421.697  1.38213e-10
1678.8  3.45418e-11
100000  5.7904e-13
-1  -1
1.195e-05   0.0 
1.195e-05  940495
1.21619e-05  916987
1.2735e-05  870362
1.31826e-05  842484
1.365e-05  821164
1.41254e-05  806775
1.44544e-05  801127
1.49e-05  798692
1.53109e-05  801415
1.57e-05  808136
1.62181e-05  823149
1.67e-05  843060
1.71791e-05  868325
1.77e-05  901812
1.83e-05  947844
1.88365e-05  995594
1.95e-05  1.06313e+06
2.01837e-05  1.14228e+06
2.0893e-05  1.23451e+06
2.18776e-05  1.37936e+06
2.3e-05  1.56772e+06
2.45471e-05  1.86614e+06
2.81838e-05  2.72064e+06
3e-05  3.20593e+06
3.16228e-05  3.65627e+06
3.31131e-05  4.07335e+06
3.46737e-05  4.5057e+06
3.58922e-05  4.83602e+06
3.75837e-05  5.27807e+06
3.9355e-05  5.71772e+06
4.12098e-05  6.14858e+06
4.31519e-05  6.56722e+06
4.57088e-05  7.07375e+06
4.84172e-05  7.55854e+06
5.08e-05  7.93796e+06
5.37032e-05  8.33921e+06
5.62341e-05  8.63021e+06
5.82103e-05  8.81217e+06
6.07e-05  8.97752e+06
6.30957e-05  9.06755e+06
6.53131e-05  9.09114e+06
6.76083e-05  9.05529e+06
7e-05  8.9548e+06
7.24436e-05  8.79286e+06
7.5e-05  8.57092e+06
7.76247e-05  8.29813e+06
8.03526e-05  7.97542e+06
8.31764e-05  7.60905e+06
8.60994e-05  7.20704e+06
8.91251e-05  6.77678e+06
9.22571e-05  6.32283e+06
9.5e-05  5.92236e+06
9.8e-05  5.48672e+06
0.000101158  5.0373e+06
0.000104  4.64472e+06
0.000107152  4.22576e+06
0.00011025  3.83312e+06
0.000113501  3.4456e+06
0.000117  3.05972e+06
0.0001205  2.70637e+06
0.000124  2.38472e+06
0.00012773  2.0761e+06
0.0001315  1.79888e+06
0.000135  1.57047e+06
0.000139  1.34004e+06
0.000142889  1.14417e+06
0.0001465  985016
0.00015  849604
0.000153109  743249
0.000156675  635583
0.00016046  536308
0.000164059  454734
0.00016788  380280
0.0001705  335666
0.000174  283259
0.000177  244197
0.00018  209965
0.0001835  175493
0.0001865  150120
0.000190546  121232
0.000194  100784
0.000199526  74866.9
0.000206  53245.6
0.000209  45848.8
0.000211349  41041.7
0.000213796  36857.7
0.000216  33742.5
0.000218  31402.6
0.0002198  29660.8
0.000221309  28446.7
0.000223  27335.6
0.0002245  26555.1
0.000226  25955.2
0.0002275  25524.2
0.00022923  25222.4
0.0002307  25119
0.0002323  25154.9
0.00023415  25374.7
0.0002358  25719.4
0.000238  26377.2
0.00024  27153.2
0.000242661  28418.5
0.000245471  30006.5
0.000249  32311
0.000265  45598
0.000271  51207.2
0.000277  56899.6
0.000283  62586
0.000288403  67642.2
0.000293  71849.6
0.0003  78011.6
0.000306  83022.8
0.000312608  88253.8
0.00031989  93649.5
0.000327341  98709.7
0.000334965  103394
0.000344  108381
0.000354  113214
0.000363078  116951
0.000375837  121291
0.000389045  124733
0.000402717  127305
0.000416869  129125
0.000431519  130133
0.000446684  130364
0.000462381  129869
0.00047863  128711
0.00050125  126259
0.000524808  123094
0.000549541  119164
0.00057544  114618
0.000609537  108308
0.000645654  101551
0.000683912  94487.9
0.000724436  87304.9
0.000767361  80144.4
0.000812831  73122.8
0.00086371  65975.2
0.000922571  58598.2
0.000988553  51378
0.00105925  44746.4
0.00113501  38722.7
0.00123027  32460.2
0.00133352  26996.9
0.00144544  22287.2
0.00158489  17757
0.00171791  14455.1
0.00186209  11692.4
0.00204174  9108.4
0.00223872  7044.15
0.00245471  5408.45
0.00269154  4123.44
0.00295121  3122.26
0.00323594  2347.68
0.00354813  1753.2
0.00389045  1300.59
0.00431519  922.496
0.00473151  675.527
0.00506991  531.741
0.00549541  399.011
0.00609537  273.667
0.00716143  151.17
0.00803526  98.2473
0.00901571  63.2704
0.0101158  40.4423
0.0113501  25.69
0.012735  16.2024
0.0139637  11.1396
0.0156675  6.91756
0.0177828  4.06289
0.0204174  2.25491
0.0234423  1.24322
0.027227  0.647243
0.0312608  0.351957
0.0371535  0.162995
0.0457088  0.0641551
0.0623735  0.0156804
0.0933254  0.00251848
0.11749  0.000889885
0.134896  0.000479719
0.151356  0.00028838
0.171791  0.000166168
0.192752  0.000101362
0.218776  5.92607e-05
0.242661  3.84583e-05
0.269153  2.51473e-05
0.295121  1.7363e-05
0.323594  1.20764e-05
0.354813  8.4645e-06
0.384592  6.24344e-06
0.416869  4.63412e-06
0.451856  3.46253e-06
0.489779  2.60585e-06
0.530884  1.97586e-06
0.568853  1.56872e-06
0.60256  1.30083e-06
0.645654  1.04762e-06
0.691831  8.49211e-07
0.749894  6.69523e-07
0.803526  5.48617e-07
0.851138  4.62652e-07
0.901571  3.92778e-07
0.944061  3.46804e-07
0.988553  3.08414e-07
1.03514  2.76556e-07
1.08393  2.49851e-07
1.13501  2.27175e-07
1.20226  2.03209e-07
1.30317  1.75541e-07
1.42889  1.4982e-07
1.51356  1.35926e-07
1.84077  9.61392e-08
2.044  8.0385e-08
2.37137  6.2928e-08
2.75423  4.95583e-08
3.16228  4.00398e-08
3.67282  3.20238e-08
4.31519  2.53762e-08
5.06991  2.02637e-08
6.0256  1.6052e-08
7.24436  1.26193e-08
8.70964  9.99763e-09
10.7152  7.75278e-09
13.3352  5.97737e-09
16.9824  4.51966e-09
22.6464  3.27059e-09
29.8538  2.41766e-09
43.1519  1.62848e-09
64.5654  1.06698e-09
105.925  6.40192e-10
200  3.351e-10
398.107  1.67186e-10
1584.89  4.17749e-11
100000  6.6101e-13
-1  -1
6.069e-05   0.0 
6.069e-05  381318
6.09537e-05  376653
6.19e-05  357940
6.68344e-05  267793
6.91831e-05  235982
7.16143e-05  209191
7.4131e-05  186680
7.67362e-05  167725
7.94328e-05  151679
8.22243e-05  137988
8.51138e-05  126192
8.91251e-05  112780
9.33254e-05  101421
9.9e-05  89189.2
0.000104713  79495.6
0.00011  72283.6
0.000116145  65548.8
0.000122  60412.8
0.000128825  55608.4
0.000136458  51315.8
0.000146218  46938.1
0.000162181  41413.3
0.000186209  35327.8
0.00025704  24829.9
0.000327341  18892.1
0.000380189  15841.8
0.000457088  12663.4
0.00054325  10180.7
0.000638263  8250.8
0.000758578  6538.3
0.000912011  5060.28
0.00109648  3883.84
0.00133352  2907.32
0.00162181  2158.84
0.00201837  1535.1
0.00254097  1063.82
0.00327341  704.817
0.00412097  481.233
0.00512861  332.514
0.00630957  232.525
0.00767361  164.645
0.00933254  115.71
0.0105925  91.6431
0.0128825  63.4127
0.0158489  42.6118
0.0204174  25.9758
0.0248313  17.6094
0.0295121  12.4076
0.0346737  8.87408
0.0412098  6.15014
0.049545  4.12663
0.0595662  2.74799
0.0724436  1.76999
0.0860994  1.1924
0.107152  0.716842
0.139637  0.383826
0.269153  0.0801154
0.331131  0.0491822
0.398107  0.0320989
0.467735  0.0222461
0.537032  0.016352
0.623735  0.0118014
0.724436  0.00858102
0.851138  0.00613925
0.966051  0.00475291
1.1749  0.00323841
1.31826  0.00259809
1.5  0.0020442
1.69824  0.00163617
1.92752  0.00131372
2.2131  0.00104261
2.54097  0.000833277
2.95121  0.000658717
3.42768  0.000525006
4  0.00041867
4.67735  0.000335329
5.49541  0.000268772
6.53131  0.000213645
7.85236  0.000168534
9.66051  0.000130191
11.749  0.00010276
14.6218  7.94714e-05
18.197  6.1861e-05
23.174  4.71998e-05
30  3.5597e-05
43.1519  2.41049e-05
64.5654  1.57922e-05
107.152  9.36456e-06
206.538  4.8008e-06
412.098  2.39012e-06
1640.59  5.97284e-07
100000  9.784e-09
-1  -1
3.964e-05   0.0 
3.964e-05  6.47982e+06
4.03e-05  6.24434e+06
4.15e-05  5.79868e+06
4.51856e-05  4.6191e+06
4.84172e-05  3.81801e+06
5.15e-05  3.19978e+06
5.4325e-05  2.7304e+06
5.82103e-05  2.20799e+06
7.16143e-05  1.14849e+06
8e-05  816100
9.12011e-05  549445
0.000130317  188950
0.000151356  121499
0.000172  83869.6
0.000192753  60686.4
0.000215  44836.6
0.000235  35275.4
0.000254097  28764.4
0.000273  24002.6
0.000291743  20423.5
0.000315  17074
0.000335  14876.3
0.000358922  12840.5
0.000384592  11169
0.000412098  9792.8
0.00044157  8649.86
0.000473151  7695.4
0.000506991  6895.11
0.00054325  6218.12
0.000588844  5550.35
0.000645654  4912.83
0.000716143  4317.6
0.000812831  3716.16
0.00133352  2117.21
0.00158489  1727.83
0.00186209  1418.75
0.00216272  1173.43
0.00251189  963.721
0.00291743  785.713
0.00338844  635.72
0.00389045  519.088
0.00446684  420.81
0.00501187  351.124
0.0057544  280.019
0.00653131  225.988
0.0074131  181.137
0.00841395  144.201
0.00966051  111.596
0.0114815  80.3733
0.0133352  60.0195
0.0153109  45.5048
0.017378  35.0675
0.0194985  27.4936
0.0223872  20.3273
0.025704  14.9124
0.0295121  10.86
0.0342768  7.64386
0.0398107  5.33864
0.0462381  3.70055
0.054325  2.47474
0.0638264  1.64281
0.0767362  1.02028
0.0944061  0.592158
0.11885  0.320817
0.223872  0.0586691
0.275423  0.0338484
0.327341  0.0215433
0.384592  0.0142334
0.44157  0.0100463
0.506991  0.0071438
0.57544  0.00526512
0.645654  0.00401798
0.724436  0.00308775
0.841395  0.00221347
0.922571  0.00181466
1  0.0015356
1.13501  0.00119379
1.2735  0.000956472
1.42889  0.000772448
1.65959  0.000589711
1.88365  0.000472705
2.13796  0.00038194
2.48313  0.000299164
2.88403  0.000236168
3.31131  0.000191261
3.84592  0.000153316
4.51856  0.000121758
5.30884  9.7437e-05
6.30957  7.73401e-05
7.58578  6.0921e-05
9.22571  4.76679e-05
11.2202  3.75602e-05
13.9637  2.90076e-05
17.378  2.25462e-05
22.9087  1.65369e-05
29.8538  1.23798e-05
43.1519  8.33915e-06
64.5654  5.46354e-06
107.152  3.23975e-06
204.174  1.68035e-06
407.38  8.36521e-07
1621.81  2.09034e-07
100000  3.3848e-09
-1  -1
2.7e-05   0.0 
2.7e-05  1.60472e+07
2.78612e-05  1.42513e+07
2.95121e-05  1.15856e+07
3.12608e-05  9.49452e+06
3.38844e-05  7.25143e+06
4.3e-05  3.30703e+06
5.06991e-05  1.9177e+06
5.55904e-05  1.42255e+06
6.0256e-05  1.10312e+06
6.5e-05  875076
6.91831e-05  727907
7.32824e-05  617630
7.8e-05  520272
8.31764e-05  439326
8.81049e-05  380120
9.33254e-05  331042
9.9e-05  289196
0.000105925  249640
0.000113501  216517
0.000122  188091
0.000130317  166529
0.00014  146936
0.00015  131173
0.000162181  116228
0.000177828  101609
0.0002  86362.8
0.000226464  73284.9
0.000263027  60648.1
0.00042658  33360
0.000524808  25641.9
0.000623735  20458
0.00074131  16198.5
0.000870964  12933.9
0.00102329  10250.1
0.00120226  8062.29
0.00141254  6293.47
0.00165959  4874.1
0.00194984  3747.99
0.00229087  2860.83
0.00269154  2167.43
0.0031989  1596.95
0.00371535  1217.23
0.00431519  921.222
0.00501187  691.991
0.0057544  527.673
0.00660693  399.514
0.00758578  300.177
0.00870964  223.923
0.0101158  161.739
0.0116145  119.036
0.0133352  86.9505
0.0151356  64.7336
0.0171791  47.823
0.0197242  34.1085
0.0226464  24.1447
0.0260016  16.9644
0.03  11.6809
0.0346737  7.94292
0.0402717  5.28913
0.0467735  3.49431
0.0549541  2.21826
0.0638264  1.44448
0.0758578  0.873892
0.0922571  0.490628
0.112202  0.273513
0.2  0.048066
0.245471  0.0261007
0.288403  0.0162508
0.334965  0.0105412
0.384592  0.00712213
0.436516  0.00500911
0.489779  0.0036626
0.549541  0.00269717
0.609537  0.00206153
0.676083  0.00158666
0.749894  0.00122946
0.870964  0.00085732
0.933254  0.000730515
0.988553  0.000642995
1.05925  0.000556
1.14815  0.000473058
1.25  0.00040203
1.38038  0.000335031
1.7378  0.000222189
1.94985  0.000182048
2.23872  0.000144596
2.60016  0.000113531
3.01995  8.98454e-05
3.50752  7.16943e-05
4.0738  5.76271e-05
4.7863  4.58912e-05
5.62341  3.68213e-05
6.76083  2.88602e-05
8.1283  2.28002e-05
10  1.7636e-05
12.1619  1.39372e-05
15.4882  1.05058e-05
19.7242  7.98406e-06
23.7137  6.50346e-06
30  5.0304e-06
43.1519  3.40631e-06
64.5654  2.23171e-06
107.152  1.32335e-06
204.174  6.86389e-07
407.38  3.41693e-07
1621.81  8.5385e-08
100000  1.3826e-09
-1  -1
4.65e-06   0.0 
4.65e-06  2.74066e+06
4.73151e-06  2.81063e+06
4.9e-06  2.93065e+06
5.12861e-06  3.07104e+06
5.37032e-06  3.19432e+06
5.7e-06  3.32938e+06
6.0256e-06  3.4308e+06
6.38263e-06  3.51678e+06
6.76083e-06  3.58177e+06
7.24436e-06  3.63358e+06
7.76247e-06  3.66105e+06
8.31764e-06  3.66436e+06
8.91251e-06  3.64173e+06
9.54993e-06  3.59251e+06
1.02329e-05  3.51745e+06
1.08393e-05  3.43293e+06
1.15e-05  3.32476e+06
1.219e-05  3.19908e+06
1.2735e-05  3.09186e+06
1.34896e-05  2.93402e+06
1.42e-05  2.77981e+06
1.49624e-05  2.6117e+06
1.57e-05  2.44994e+06
1.65e-05  2.27845e+06
1.7378e-05  2.09757e+06
1.84077e-05  1.89821e+06
1.95e-05  1.70444e+06
2.07e-05  1.51352e+06
2.21309e-05  1.31473e+06
2.37137e-05  1.12869e+06
2.58e-05  929764
2.85102e-05  732683
3.16228e-05  568057
3.50752e-05  437510
3.89045e-05  334294
4.21697e-05  269405
4.57088e-05  215672
4.9e-05  176890
5.30884e-05  139812
5.8e-05  106884
6.30957e-05  82187.1
6.91831e-05  61257.1
7.67362e-05  43689.1
8.51138e-05  30910.2
9.33254e-05  22537.2
0.000101158  16959.7
0.000108393  13210.2
0.00011749  9805.92
0.000147911  4110.23
0.000156675  3325.63
0.000164059  2822.57
0.000171791  2410.07
0.000179887  2072.72
0.000186209  1861.17
0.00019294  1675.23
0.0002  1515.27
0.000206538  1410.91
0.000213796  1315.55
0.000221309  1234.68
0.000229087  1166.02
0.000237137  1107.69
0.000245471  1058.16
0.000254097  1016.16
0.000263027  980.655
0.000275423  941.9
0.000288403  911.407
0.0003  890.804
0.000316228  872.741
0.000334965  859.042
0.000367282  845.121
0.000402717  833.65
0.000451856  807.584
0.00049545  781.855
0.000537032  754.122
0.000582103  722.202
0.000623735  691.668
0.000676083  652.996
0.000732825  611.964
0.0008  565.72
0.000870964  520.456
0.000944061  477.665
0.00102329  435.596
0.00112202  389.096
0.00123027  344.882
0.00134896  303.43
0.00147911  265.069
0.00162181  230.019
0.00177828  198.296
0.00197242  166.537
0.00226464  131.045
0.00245471  113.146
0.00266073  96.826
0.00291743  80.4442
0.00334965  60.5038
0.00375837  47.3667
0.00416869  37.7361
0.00457088  30.6253
0.00506991  24.0418
0.00562341  18.7379
0.00623735  14.499
0.00691831  11.1391
0.00767361  8.49902
0.00851138  6.44047
0.00954993  4.69651
0.0108393  3.29135
0.0121619  2.36464
0.013554  1.72008
0.0151356  1.23335
0.0169824  0.865325
0.0192753  0.581306
0.0221309  0.373643
0.0251189  0.247394
0.0288403  0.156567
0.0331131  0.0983139
0.0384592  0.0589178
0.0446684  0.0350469
0.0530884  0.0190958
0.0638264  0.00991661
0.0822243  0.00399084
0.141254  0.000565699
0.17378  0.000269357
0.206538  0.000146138
0.239883  8.65998e-05
0.275423  5.38078e-05
0.312608  3.50334e-05
0.350752  2.38772e-05
0.39355  1.63904e-05
0.436516  1.17608e-05
0.484172  8.49753e-06
0.537032  6.18403e-06
0.588844  4.69542e-06
0.630957  3.84286e-06
0.691831  2.96443e-06
0.758578  2.30368e-06
0.803526  1.97323e-06
0.860994  1.63241e-06
0.912011  1.4027e-06
0.954993  1.24951e-06
1  1.12e-06
1.04713  1.01069e-06
1.10918  8.95451e-07
1.1749  7.98862e-07
1.25893  7.01684e-07
1.36458  6.07336e-07
1.53109  4.97284e-07
1.8197  3.66255e-07
2.01837  3.06641e-07
2.34423  2.39441e-07
2.7227  1.88458e-07
3.12608  1.52177e-07
3.63078  1.21644e-07
4.26579  9.63394e-08
5.01187  7.68877e-08
5.95662  6.08754e-08
7.07946  4.85483e-08
8.51138  3.84271e-08
10.4713  2.97738e-08
13.0317  2.29344e-08
16.788  1.71031e-08
22.6464  1.22154e-08
29.8538  9.02935e-09
43.1519  6.08229e-09
64.5654  3.98483e-09
107.152  2.36293e-09
206.538  1.21136e-09
412.098  6.03087e-10
1640.59  1.50713e-10
100000  2.4688e-12
-1  -1
3.93e-06   0.0 
3.93e-06  6.12906e+06
4e-06  6.20418e+06
4.2e-06  6.35496e+06
4.46684e-06  6.49211e+06
4.73151e-06  6.57177e+06
5.1e-06  6.61602e+06
5.4325e-06  6.60985e+06
5.88844e-06  6.55484e+06
6.38263e-06  6.45614e+06
6.91831e-06  6.31744e+06
7.58578e-06  6.11795e+06
8.22243e-06  5.91005e+06
8.91251e-06  5.67061e+06
9.54993e-06  5.44112e+06
1.02329e-05  5.18625e+06
1.1e-05  4.89422e+06
1.1749e-05  4.60635e+06
1.25e-05  4.31859e+06
1.31826e-05  4.05904e+06
1.39637e-05  3.76901e+06
1.47911e-05  3.47418e+06
1.56675e-05  3.17738e+06
1.65959e-05  2.88336e+06
1.75792e-05  2.59797e+06
1.86209e-05  2.32447e+06
1.98e-05  2.04941e+06
2.11349e-05  1.78054e+06
2.26464e-05  1.52345e+06
2.45471e-05  1.26074e+06
2.66072e-05  1.03674e+06
2.95121e-05  800278
3.3e-05  600450
3.58922e-05  481150
3.9355e-05  375007
4.3e-05  292744
4.62381e-05  237496
5.01187e-05  186898
5.4e-05  148660
5.82103e-05  117373
6.38264e-05  87153.2
7.07946e-05  61839
7.94328e-05  41873.5
8.81049e-05  29241.1
9.66051e-05  21092.5
0.000107152  14477.5
0.000131826  6726.45
0.000139637  5463.33
0.000146218  4649.75
0.00015  4262.96
0.000156675  3712.73
0.000162181  3343.77
0.00016788  3025.49
0.00017378  2750.92
0.000179887  2514.12
0.000186209  2310.05
0.000192753  2134.46
0.0002  1974.25
0.000206538  1875.54
0.000213796  1786.12
0.000221309  1711.19
0.000229087  1648.46
0.000237137  1596.05
0.000248313  1539.54
0.000260016  1495.46
0.000275423  1453.91
0.000291743  1423.44
0.000327341  1373.67
0.00039355  1306.56
0.000416869  1278.86
0.000457088  1226.82
0.0005  1169.47
0.00054325  1110.85
0.000588844  1049.39
0.000638263  983.942
0.000691831  916.01
0.000749894  847.161
0.000812831  778.482
0.000891251  701.436
0.000977237  627.153
0.00107152  556.571
0.0011749  490.315
0.00128825  428.884
0.00141254  372.536
0.00154882  321.346
0.00169824  275.285
0.00188365  229.574
0.00211349  186.085
0.00234423  152.945
0.00260016  124.802
0.00288403  101.085
0.0031989  81.2693
0.00354813  64.8593
0.0039355  51.3842
0.00436516  40.4111
0.00484172  31.5498
0.00537032  24.4528
0.00595662  18.8151
0.00660693  14.3723
0.00732824  10.8996
0.00812831  8.20871
0.00901571  6.14014
0.0101158  4.41407
0.0113501  3.15125
0.012735  2.23243
0.0139637  1.684
0.0154882  1.21759
0.017378  0.842982
0.0194985  0.579456
0.0221309  0.381219
0.0251189  0.248988
0.0285102  0.161467
0.0323594  0.103983
0.0371535  0.0638696
0.042658  0.0389585
0.0501187  0.0217143
0.060256  0.0110419
0.0749894  0.00489989
0.130317  0.000621421
0.158489  0.000300753
0.186209  0.00016663
0.213796  0.000101135
0.242661  6.44337e-05
0.27227  4.30632e-05
0.301995  3.01559e-05
0.334965  2.12611e-05
0.371535  1.51004e-05
0.40738  1.12153e-05
0.446684  8.38659e-06
0.489779  6.3157e-06
0.537032  4.79089e-06
0.582103  3.78643e-06
0.623735  3.1125e-06
0.676083  2.49303e-06
0.732824  2.00981e-06
0.860994  1.32266e-06
0.912011  1.14577e-06
0.966051  9.9932e-07
1.01158  9.01088e-07
1.07152  7.97195e-07
1.14815  6.93602e-07
1.23027  6.07668e-07
1.34896  5.13268e-07
1.84077  2.96127e-07
2.044  2.4773e-07
2.37137  1.93935e-07
2.75423  1.52731e-07
3.16228  1.23396e-07
3.67282  9.86927e-08
4.31519  7.82048e-08
5.06991  6.24482e-08
6.0256  4.94685e-08
7.24436  3.88897e-08
8.70964  3.08106e-08
10.7152  2.38928e-08
13.3352  1.84213e-08
16.9824  1.39284e-08
22.9087  9.95258e-09
29.8538  7.45059e-09
43.1519  5.01877e-09
64.5654  3.28813e-09
107.152  1.94977e-09
206.538  9.99573e-10
412.098  4.97637e-10
1640.59  1.24358e-10
100000  2.0371e-12
-1  -1
6.18e-06   0.0 
6.18e-06  1.06091e+07
6.45654e-06  9.26031e+06
8.03526e-06  4.57514e+06
9.54993e-06  2.64411e+06
1.10917e-05  1.65586e+06
1.28825e-05  1.04399e+06
1.47911e-05  686934
1.65959e-05  487555
1.86209e-05  348446
2.07e-05  257574
2.26464e-05  200529
2.48313e-05  156233
2.694e-05  126095
2.91743e-05  102946
3.16228e-05  84407.1
3.42768e-05  69708
3.71535e-05  57999.3
4.02717e-05  48613.9
4.4e-05  40358.2
4.8e-05  33857.2
5.24807e-05  28499.5
5.7544e-05  24045.1
6.30957e-05  20426.3
6.91831e-05  17480.4
7.67362e-05  14791.4
8.60994e-05  12379.5
9.8e-05  10229.2
0.000110918  8576.88
0.000125892  7223.19
0.00013919  6343.51
0.000162181  5257.2
0.000192753  4262.9
0.000221309  3576.86
0.00030903  2300.65
0.000402717  1627.73
0.00049545  1231.65
0.000724436  727.821
0.000841395  587.246
0.00107152  412.146
0.00130317  307.127
0.00160325  223.244
0.002  157.613
0.00254097  107.291
0.00312608  76.4626
0.00489779  36.0117
0.0060256  25.289
0.0074131  17.5615
0.00901571  12.3556
0.0109648  8.62846
0.0133352  5.97918
0.0160325  4.20305
0.0192753  2.93318
0.0231739  2.0321
0.0278612  1.39752
0.0334965  0.953886
0.0402717  0.646043
0.0484172  0.434019
0.0582103  0.289369
0.0699842  0.191416
0.0851138  0.122459
0.103514  0.0777858
0.133352  0.0427917
0.218776  0.013135
0.288403  0.00680804
0.350752  0.00430223
0.412098  0.00296685
0.484172  0.0020614
0.562341  0.00148045
0.645654  0.00109828
0.74131  0.000820554
0.851138  0.000617413
0.977237  0.000468078
1.20226  0.000312301
1.36458  0.000245467
1.53109  0.000198459
1.7378  0.000158329
1.97242  0.000127317
2.29087  9.92962e-05
2.66072  7.80576e-05
3.05492  6.29531e-05
3.54813  5.02635e-05
4.16869  3.9762e-05
4.89779  3.16996e-05
5.82103  2.50713e-05
6.99842  1.96797e-05
8.41395  1.557e-05
10.3514  1.20586e-05
12.8825  9.28484e-06
16.5959  6.92108e-06
22.6464  4.87865e-06
29.8538  3.60628e-06
43.1519  2.4292e-06
64.5654  1.59153e-06
105.925  9.54925e-07
201.837  4.9524e-07
402.717  2.46514e-07
1603.24  6.15989e-08
100000  9.8601e-10
-1  -1
-2   0.0 
-2  -2
