% -----------------------------------------------------------------------
%   Program Name: pe-ss-cs-21.dat 
%   Author: the Geant4 Collaboration
%   Organization: the Geant4 Collaboration
%   Version: unknown
%   Date: circa 2006
%   Class: Public
%   Copyright (c) Copyright Holders of the Geant4 Collaboration, 1994-2006.
%   See http://cern.ch/geant4/license for details on the copyright holders.
%   All rights not expressly granted under this license are reserved.
% -----------------------------------------------------------------------
0.0044658   0.0 
0.0044658  54741.4
0.00473151  47705.2
0.005188  37933.7
0.00562341  30820.2
0.007  17414.7
0.00881049  9385.19
0.0105925  5651.3
0.0121619  3839.55
0.0144544  2352.53
0.017378  1383.79
0.0211349  781.069
0.025704  437.492
0.0316228  235.02
0.039355  121.034
0.0501187  57.6639
0.0660693  24.5019
0.101158  6.47741
0.146218  2.04153
0.184077  0.998936
0.226464  0.528896
0.263027  0.336506
0.301995  0.223333
0.342768  0.154496
0.384592  0.111344
0.42658  0.0835039
0.473151  0.0630837
0.524807  0.0480291
0.57544  0.0379545
0.630957  0.0302034
0.691831  0.0242156
0.749894  0.0201043
0.822243  0.016372
0.922571  0.0127721
1  0.010803
1.13501  0.00838755
1.25893  0.00687914
1.39637  0.00568531
1.54882  0.00473399
1.7378  0.00389535
1.97242  0.00316929
2.2131  0.002645
2.51189  0.00218545
2.85102  0.00181918
3.31131  0.0014758
3.84592  0.00120618
4.51856  0.000977994
5.4325  0.000775745
6.60693  0.000611274
8.22243  0.000472214
10.4713  0.000358006
13.6458  0.000266494
18.4077  0.000192384
28  0.00012315
46.7735  7.22397e-05
87.0964  3.82402e-05
173.78  1.90056e-05
346.737  9.48512e-06
2754.23  1.18919e-06
100000  3.2741e-08
-1  -1
0.00049429   0.0 
0.00049429  234240
0.00054  208849
0.000683912  150270
0.000716143  140354
0.00082  114142
0.000891251  99711.3
0.00103  78041.6
0.00113501  65744.2
0.00130317  51018.9
0.00145  41662.4
0.00165959  31988.4
0.00188365  24771.9
0.00215  18829.6
0.00248313  13847.4
0.00285102  10229.6
0.00327341  7500.4
0.00375837  5459.85
0.00431519  3946.83
0.005  2771.82
0.0057544  1964.67
0.00660693  1391.52
0.00767361  950.702
0.009  628.512
0.0105  418
0.0123027  272.874
0.0144544  175.54
0.0171791  108.568
0.0204174  66.6389
0.0242661  40.6045
0.0291743  23.7571
0.0354813  13.3344
0.0431519  7.42774
0.0537032  3.83179
0.0683912  1.82886
0.0912011  0.751976
0.158489  0.135274
0.197242  0.0690566
0.234423  0.0408347
0.27227  0.0260824
0.312608  0.0173721
0.350752  0.0124615
0.39355  0.00900306
0.436516  0.00676749
0.484172  0.00512409
0.537032  0.00391012
0.588844  0.00309618
0.645654  0.002469
0.70857  0.00197963
0.776247  0.00160833
0.851138  0.00131312
0.944061  0.001052
1.02329  0.000891723
1.14815  0.000709108
1.2735  0.00058209
1.41254  0.000481483
1.54882  0.000409318
1.7378  0.0003368
1.97242  0.000274027
2.2131  0.000228707
2.51189  0.000188974
2.85102  0.000157301
3.31131  0.000127605
3.84592  0.000104289
4.51856  8.45606e-05
5.4325  6.7075e-05
6.60693  5.28542e-05
8.22243  4.08297e-05
10.4713  3.0955e-05
13.4896  2.33358e-05
18  1.7041e-05
25.704  1.16599e-05
31.6228  9.38084e-06
47.863  6.0998e-06
89.1251  3.22993e-06
177.828  1.60557e-06
707.946  4.00767e-07
11220.2  2.52378e-08
100000  2.831e-09
-1  -1
0.00041368   0.0 
0.00041368  532110
0.00041415  557540
0.0004145  575000
0.000415  596770
0.0004157  622650
0.0004162  638470
0.000417  659950
0.0004178  677820
0.0004188  695410
0.00042  710980
0.00042107  720890
0.0004225  729160
0.000424  733020
0.0004255  733060
0.000427  730390
0.000431  717582
0.000457088  634357
0.00048  571230
0.00050417  510650
0.000537032  444090
0.000595662  349150
0.00065  282870
0.000707946  228500
0.000803526  164510
0.000881049  128880
0.001  91251
0.00112202  66290
0.00130317  43340
0.00146218  31058
0.00169824  19974
0.00195  13175
0.00222  8856.1
0.0025704  5609
0.003  3435.7
0.00350752  2075.5
0.0040738  1271.3
0.00473151  773.05
0.0055  465.37
0.00645654  268.81
0.0075  159.79
0.00870964  94.457
0.0103514  51.07
0.0123027  27.404
0.0147911  13.999
0.0179887  6.8022
0.0218776  3.2806
0.027227  1.441
0.0350752  0.55145
0.07  0.0394958
0.0922571  0.0138702
0.110918  0.00694925
0.130317  0.00382401
0.147911  0.0024066
0.169824  0.00146234
0.194985  0.000895298
0.221309  0.000574853
0.248313  0.00038681
0.278612  0.00026214
0.30903  0.000185979
0.342768  0.000132846
0.380189  9.55723e-05
0.421696  6.92663e-05
0.462381  5.23724e-05
0.506991  3.98647e-05
0.555904  3.05605e-05
0.609537  2.36059e-05
0.668344  1.83716e-05
0.724436  1.48612e-05
0.794328  1.17446e-05
0.944061  7.64185e-06
0.988553  6.85358e-06
1.04713  6.03169e-06
1.10918  5.34429e-06
1.1749  4.76987e-06
1.25893  4.19456e-06
1.36458  3.6345e-06
1.69824  2.5043e-06
1.92752  2.03248e-06
2.16272  1.69376e-06
2.42661  1.42165e-06
2.75423  1.18114e-06
3.19889  9.56494e-07
3.71535  7.80395e-07
4.36516  6.31757e-07
5.24808  5.00386e-07
6.38263  3.93758e-07
7.94328  3.03792e-07
10  2.3309e-07
13.0317  1.73244e-07
17.7828  1.23394e-07
25.704  8.33345e-08
32.3594  6.54526e-08
48.9779  4.25733e-08
92.2571  2.22877e-08
184.077  1.10816e-08
732.824  2.7668e-09
11614.5  1.74251e-10
100000  2.0233e-11
-1  -1
0.00040886   0.0 
0.00040886  1.08783e+06
0.0004094  1.14632e+06
0.0004099  1.194e+06
0.0004104  1.23556e+06
0.000411  1.27827e+06
0.0004116  1.31517e+06
0.0004121  1.34171e+06
0.0004129  1.37809e+06
0.0004137  1.40792e+06
0.0004148  1.43966e+06
0.0004159  1.46249e+06
0.000417  1.47793e+06
0.0004185  1.48944e+06
0.0004205  1.4918e+06
0.0004228  1.48226e+06
0.000465  1.21751e+06
0.000506991  998028
0.000530884  900678
0.00059  704128
0.000645654  565791
0.0007  461792
0.000803526  322431
0.000881049  252187
0.00101158  172653
0.00113501  125127
0.00131826  81584.2
0.00151356  54508.1
0.00171791  37404.5
0.00197242  24618.9
0.00229087  15510.7
0.00265  9812.44
0.00305492  6228.88
0.00350752  3978.84
0.00402717  2525.55
0.00462381  1592.97
0.00530884  998.332
0.00609537  621.75
0.007  384.493
0.00812831  227.268
0.0095  130.343
0.0112202  71.491
0.0133352  38.0458
0.0160325  19.2532
0.0192753  9.67008
0.0234423  4.61606
0.0291743  2.00334
0.0371535  0.789684
0.081283  0.0378867
0.101158  0.0163262
0.121619  0.00809386
0.141254  0.00460273
0.162181  0.00275294
0.184077  0.0017309
0.206538  0.00114268
0.231739  0.000759949
0.25704  0.000530237
0.285102  0.000372729
0.312608  0.000274354
0.342768  0.000203366
0.375837  0.000151896
0.40738  0.000118444
0.44157  9.29544e-05
0.473151  7.59468e-05
0.512861  6.04058e-05
0.555904  4.83646e-05
0.609537  3.78045e-05
0.660694  3.0667e-05
0.716143  2.50474e-05
0.776247  2.06099e-05
0.841395  1.70859e-05
0.912011  1.42693e-05
0.977237  1.22978e-05
1.05925  1.04196e-05
1.16145  8.68318e-06
1.2735  7.2914e-06
1.41254  6.03724e-06
1.56675  5.03534e-06
1.75792  4.14653e-06
2  3.3629e-06
2.23872  2.81933e-06
2.54097  2.33117e-06
2.91743  1.91023e-06
3.38844  1.55138e-06
3.9355  1.26935e-06
4.62381  1.03028e-06
5.55904  8.17996e-07
6.76083  6.45142e-07
8.41395  4.98797e-07
10.7152  3.78433e-07
13.8038  2.85492e-07
18.4077  2.08715e-07
28  1.3361e-07
46.7735  7.83719e-08
87.0964  4.14867e-08
173.78  2.06184e-08
691.831  5.14584e-09
10964.8  3.24033e-10
100000  3.5521e-11
-1  -1
6.091e-05   0.0 
6.091e-05  432496
6.60693e-05  427009
8e-05  419710
8.51138e-05  415096
9.01571e-05  408173
9.5e-05  399278
0.0001  388118
0.000106  372896
0.000112202  356179
0.000120226  334576
0.000131826  305423
0.000146218  273700
0.000160324  246576
0.00017378  223592
0.000190546  198528
0.000216272  167099
0.000245471  139617
0.00027227  119704
0.000312608  96671.9
0.00036  77163.6
0.000412098  61695.6
0.000484172  46879.9
0.000555904  36784.8
0.000653131  27525
0.000767361  20434.8
0.000901571  15065.3
0.00107152  10786.3
0.0012735  7663.56
0.00151356  5402.08
0.00177828  3868.76
0.0020893  2748.64
0.00242661  1985.95
0.00281838  1424.13
0.00323594  1040.49
0.00375837  735.16
0.00436516  515.658
0.00506991  359.17
0.00588844  248.435
0.00691831  165.76
0.00812831  109.728
0.00954993  72.0716
0.0112202  46.9653
0.0131826  30.3753
0.0156675  18.8935
0.0186209  11.66
0.0221309  7.14003
0.0266072  4.19738
0.031989  2.44875
0.0389045  1.37084
0.047863  0.736034
0.0595662  0.37864
0.0785236  0.162106
0.105925  0.0642064
0.154882  0.0197474
0.194985  0.00972935
0.234423  0.00555492
0.27227  0.00354825
0.312608  0.00236346
0.350752  0.00169555
0.39355  0.0012251
0.436516  0.000920829
0.484172  0.000697179
0.530884  0.000548085
0.582103  0.000433758
0.638263  0.000345735
0.699842  0.000277591
0.767362  0.000224511
0.841395  0.000182872
0.912011  0.000153773
0.988553  0.000130136
1.13501  9.87972e-05
1.25893  8.09892e-05
1.39637  6.69162e-05
1.54882  5.57126e-05
1.7378  4.58414e-05
1.97242  3.72986e-05
2.2131  3.11298e-05
2.51189  2.57216e-05
2.85102  2.14104e-05
3.31131  1.73688e-05
3.84592  1.41955e-05
4.51856  1.15096e-05
5.4325  9.1295e-06
6.60693  7.19413e-06
8.22243  5.55743e-06
10.4713  4.21347e-06
13.4896  3.17631e-06
18.197  2.29246e-06
27.227  1.493e-06
45.7088  8.70621e-07
84.1395  4.66145e-07
167.88  2.31613e-07
334.965  1.15574e-07
2660.72  1.4488e-08
100000  3.8533e-10
-1  -1
3.96e-05   0.0 
3.96e-05  1.12043e+06
4e-05  1.08102e+06
4.05e-05  1.02815e+06
4.13e-05  941750
4.22e-05  847348
4.31519e-05  754984
4.61e-05  531106
4.72e-05  471214
4.82e-05  426550
4.9e-05  396828
4.97e-05  374752
5.04e-05  355988
5.11e-05  340182
5.19e-05  325366
5.27e-05  313598
5.35e-05  304484
5.4325e-05  297484
5.5e-05  293328
5.58e-05  289978
5.68853e-05  287746
5.8e-05  287708
5.9e-05  289220
6.0256e-05  292723
6.16595e-05  298229
6.4e-05  309816
7.16143e-05  353538
7.5e-05  371514
7.85236e-05  387931
8.22243e-05  402269
8.51138e-05  411252
8.9e-05  420246
9.3e-05  426008
9.66051e-05  428523
0.000101158  428657
0.000106  425780
0.000110918  420380
0.00011749  410414
0.000124452  397791
0.000131826  383002
0.00014  365714
0.000148  348340
0.000158  326530
0.000169  303120
0.00018197  277084
0.000197242  249200
0.000215  220700
0.000231739  197217
0.000251189  173459
0.000273  150787
0.000301995  126155
0.000331131  106425
0.000363078  89115.8
0.000402717  72361.9
0.00044157  59765.4
0.000489779  47851.5
0.00055  36983.4
0.00062  28106.2
0.0007  21096.4
0.000794328  15518.7
0.000901571  11313.3
0.00101158  8431.49
0.00114815  6056.39
0.00128825  4454.45
0.00146218  3152.35
0.00165959  2213.64
0.00188365  1542.41
0.00211349  1102.87
0.00239883  756.767
0.0027227  515.412
0.00309029  348.527
0.00354813  225.678
0.0040738  145.025
0.00467735  92.5357
0.0054325  56.45
0.00630957  34.1774
0.00732824  20.535
0.00851138  12.2443
0.00988553  7.24707
0.0116145  4.08831
0.0138038  2.19635
0.0165959  1.12311
0.02  0.56518
0.0242661  0.275158
0.0305492  0.115808
0.040738  0.038919
0.0707946  0.00475343
0.0912011  0.00182549
0.110918  0.000877745
0.130317  0.00048352
0.151356  0.000279853
0.17378  0.000170092
0.197242  0.000108486
0.223872  6.96834e-05
0.251189  4.69211e-05
0.281838  3.18241e-05
0.312608  2.259e-05
0.346737  1.61453e-05
0.384592  1.16244e-05
0.421696  8.73956e-06
0.467735  6.38964e-06
0.5188  4.70877e-06
0.568853  3.61439e-06
0.616595  2.88474e-06
0.676083  2.24583e-06
0.74131  1.76154e-06
0.860994  1.20044e-06
0.912011  1.04174e-06
0.966051  9.09808e-07
1.02329  8.00721e-07
1.09648  6.92348e-07
1.16145  6.1727e-07
1.25  5.3746e-07
1.36458  4.59073e-07
1.62181  3.41226e-07
1.84077  2.7624e-07
2.06538  2.29545e-07
2.31739  1.92134e-07
2.63027  1.59202e-07
3.01995  1.30705e-07
3.50752  1.06328e-07
4.12097  8.58362e-08
4.89779  6.88014e-08
5.88844  5.47512e-08
7.24436  4.26883e-08
9.01571  3.30847e-08
11.6145  2.48319e-08
15.1356  1.85365e-08
20.1837  1.3583e-08
29.1743  9.19408e-09
47.3151  5.56312e-09
88.1049  2.9453e-09
175.792  1.46395e-09
699.842  3.65386e-10
11091.8  2.30086e-11
100000  2.5514e-12
-1  -1
3.906e-05   0.0 
3.906e-05  2.25572e+06
3.95e-05  2.166e+06
4e-05  2.05646e+06
4.0738e-05  1.8932e+06
4.16869e-05  1.69126e+06
4.31519e-05  1.41355e+06
4.51856e-05  1.10995e+06
4.62381e-05  988754
4.72e-05  897212
4.8e-05  833668
4.87e-05  786496
4.9545e-05  738943
5.01187e-05  711906
5.08e-05  684736
5.15e-05  661836
5.2332e-05  640431
5.30884e-05  625744
5.4e-05  613212
5.49541e-05  605191
5.58e-05  601712
5.69e-05  601352
5.82103e-05  605777
5.95662e-05  614501
6.15e-05  631928
6.45654e-05  666144
7.07946e-05  740203
7.4131e-05  776105
7.76247e-05  808755
8.12831e-05  836764
8.51138e-05  859085
8.91251e-05  874994
9.33254e-05  884114
9.77237e-05  886407
0.000102329  882267
0.000107152  872450
0.000112202  857815
0.000119  833312
0.000126  804520
0.000133352  772207
0.000141254  736262
0.00015  696136
0.000160324  649309
0.000172  598304
0.000186209  540908
0.000201837  484476
0.000218776  430838
0.000237137  380400
0.000258  331179
0.000281838  284245
0.00031  239245
0.000338844  202329
0.000371535  168839
0.000412098  136632
0.000451856  112539
0.00050417  88634.8
0.000568853  67514.9
0.000638263  51663.4
0.000724436  38148.4
0.00082  28122.6
0.000933254  20284.5
0.00104713  15063.5
0.0011749  11117.3
0.00131826  8151.94
0.00149624  5750.85
0.00169824  4025.66
0.00192753  2795.94
0.00216272  1993.07
0.00245471  1363.1
0.00278612  925.303
0.00316228  623.625
0.00363078  402.349
0.00416869  257.61
0.0047863  163.758
0.00555904  99.4931
0.00638264  62.3739
0.0074131  37.3298
0.00851138  23.081
0.00988553  13.6082
0.0116145  7.64261
0.0136458  4.25978
0.0162181  2.25975
0.0190546  1.24159
0.0231739  0.595179
0.0285102  0.271109
0.0363078  0.107448
0.0446684  0.0483065
0.0767362  0.00594371
0.0977237  0.0023428
0.11749  0.00116065
0.138038  0.000632325
0.160325  0.0003624
0.18197  0.000227814
0.204174  0.000150384
0.229087  9.99829e-05
0.254097  6.97363e-05
0.281838  4.90071e-05
0.30903  3.6064e-05
0.338844  2.67247e-05
0.371535  1.99497e-05
0.40738  1.50071e-05
0.44157  1.17749e-05
0.47863  9.30021e-06
0.512861  7.64067e-06
0.555904  6.11671e-06
0.60256  4.93077e-06
0.653131  4.00153e-06
0.707946  3.26949e-06
0.767362  2.68948e-06
0.841395  2.16723e-06
0.912011  1.80739e-06
0.977237  1.55751e-06
1.08393  1.25942e-06
1.16145  1.09864e-06
1.2735  9.22868e-07
1.41254  7.64462e-07
1.58489  6.25316e-07
1.77828  5.15319e-07
2.01837  4.19774e-07
2.26464  3.5084e-07
2.5704  2.90302e-07
2.95121  2.38045e-07
3.42768  1.93434e-07
4  1.5737e-07
4.73151  1.26731e-07
5.68853  1.00712e-07
6.91831  7.94982e-08
8.60994  6.15147e-08
11.0917  4.61038e-08
14.1254  3.5257e-08
18.8365  2.57887e-08
28.1838  1.68063e-08
46.7735  9.92619e-09
87.0964  5.25441e-09
173.78  2.61149e-09
346.737  1.3033e-09
2754.23  1.63397e-10
100000  4.4989e-12
-1  -1
7.08e-06   0.0 
7.08e-06  528272
7.4131e-06  574121
7.76247e-06  620017
8.22243e-06  677084
8.70964e-06  733149
9.22571e-06  788070
9.85e-06  848372
1.05e-05  905380
1.12202e-05  962018
1.20226e-05  1.01773e+06
1.30317e-05  1.07806e+06
1.41254e-05  1.13292e+06
1.51356e-05  1.17431e+06
1.62181e-05  1.20932e+06
1.7378e-05  1.23669e+06
1.85e-05  1.25286e+06
1.98e-05  1.26069e+06
2.0893e-05  1.25892e+06
2.21309e-05  1.24863e+06
2.35e-05  1.22833e+06
2.48313e-05  1.20139e+06
2.63027e-05  1.1656e+06
2.78612e-05  1.12293e+06
2.95121e-05  1.07447e+06
3.15e-05  1.01452e+06
3.35e-05  954856
3.58922e-05  886115
3.89045e-05  805649
4.21697e-05  726830
4.57088e-05  650480
4.9e-05  587184
5.24807e-05  526948
5.62341e-05  469147
6e-05  417472
6.4e-05  369205
6.83912e-05  323025
7.4131e-05  272504
8.12831e-05  222311
8.91251e-05  180088
9.8e-05  144053
0.000108393  112772
0.000119  89149.2
0.000130317  70356.4
0.000142889  54963.7
0.000158489  41360.9
0.000175792  30935.2
0.000194984  22976.6
0.000218776  16377.5
0.000248313  11205.8
0.000281838  7610.37
0.000316228  5316.39
0.000358922  3555.42
0.00040738  2359.82
0.000462381  1554.81
0.000524808  1017.05
0.000595662  660.523
0.000676083  425.791
0.000767361  272.506
0.000881049  166.219
0.000988553  109.333
0.00112202  68.4545
0.00125892  44.4152
0.00141254  28.6196
0.00156675  19.1476
0.00175792  12.1638
0.00197242  7.67379
0.00221309  4.80397
0.00251189  2.84902
0.00291743  1.52423
0.00350752  0.700622
0.00421696  0.319475
0.00524807  0.124636
0.0060256  0.068418
0.00691831  0.0372482
0.008  0.0194998
0.00933254  0.00973022
0.0109648  0.00466521
0.0131826  0.00199795
0.0186209  0.000402689
0.0251189  9.96317e-05
0.031989  3.20713e-05
0.0489779  4.33086e-06
0.0630957  1.32637e-06
0.0758578  5.64592e-07
0.0891251  2.69377e-07
0.102329  1.43832e-07
0.11749  7.7371e-08
0.133352  4.4152e-08
0.15  2.6406e-08
0.16788  1.62565e-08
0.186209  1.04718e-08
0.206538  6.7907e-09
0.229087  4.43507e-09
0.254097  2.91864e-09
0.278612  2.02572e-09
0.305492  1.41534e-09
0.334965  9.95684e-10
0.367282  7.05397e-10
0.402717  5.03349e-10
0.44157  3.61784e-10
0.484172  2.62073e-10
0.524807  1.98978e-10
0.568853  1.52059e-10
0.630957  1.08583e-10
0.676083  8.73007e-11
0.724436  7.06732e-11
0.767362  5.96344e-11
0.841395  4.587e-11
0.891251  3.91554e-11
0.933254  3.46774e-11
0.977237  3.08901e-11
1.02329  2.77069e-11
1.07152  2.50263e-11
1.1303  2.2411e-11
1.1885  2.03305e-11
1.2735  1.79146e-11
1.38038  1.55653e-11
1.79887  9.96475e-12
2.01837  8.26534e-12
2.26464  6.90834e-12
2.5704  5.71628e-12
2.95121  4.68715e-12
3.42768  3.80872e-12
4  3.0986e-12
4.73151  2.49528e-12
5.68853  1.983e-12
6.91831  1.5653e-12
8.51138  1.22746e-12
10.9648  9.1961e-13
14  7.0105e-13
18.6209  5.14111e-13
28  3.332e-13
46.7735  1.95445e-13
87.0964  1.0346e-13
173.78  5.14205e-14
691.831  1.28326e-14
10964.8  8.08105e-16
100000  8.8583e-17
-1  -1
7.04e-06   0.0 
7.04e-06  801372
7.4131e-06  878632
7.76247e-06  947782
8.2e-06  1.02941e+06
8.60994e-06  1.1008e+06
9.12011e-06  1.18336e+06
9.7e-06  1.26916e+06
1.03514e-05  1.35597e+06
1.10917e-05  1.4443e+06
1.1885e-05  1.52808e+06
1.2735e-05  1.60662e+06
1.38038e-05  1.69034e+06
1.47911e-05  1.75401e+06
1.58489e-05  1.80868e+06
1.69824e-05  1.85188e+06
1.8197e-05  1.88207e+06
1.92753e-05  1.89561e+06
2.04174e-05  1.89684e+06
2.16272e-05  1.88531e+06
2.29087e-05  1.86029e+06
2.42661e-05  1.82262e+06
2.5704e-05  1.77277e+06
2.73e-05  1.70846e+06
2.9e-05  1.6341e+06
3.0903e-05  1.54803e+06
3.3e-05  1.45289e+06
3.54813e-05  1.34446e+06
3.80189e-05  1.24072e+06
4.12098e-05  1.12112e+06
4.46684e-05  1.00558e+06
4.8e-05  905868
5.15e-05  812442
5.5e-05  728562
5.9e-05  643560
6.23735e-05  579833
6.68344e-05  505792
7.16143e-05  438161
7.85236e-05  358605
8.70964e-05  283499
9.54993e-05  228528
0.000104  186197
0.000114815  145636
0.00012735  111468
0.000141254  84526.2
0.000160324  59687.6
0.000177828  44587.7
0.000195  34200.2
0.000218776  24377
0.000248313  16670.3
0.000281838  11316.1
0.000316228  7902.48
0.000358922  5283.28
0.00040738  3505.18
0.000462381  2307.92
0.000530884  1451.27
0.00060256  941.474
0.000683912  606.375
0.000776247  387.705
0.000881049  246.066
0.001  155.065
0.00113501  96.9689
0.0012735  62.8378
0.00141254  42.262
0.00158489  27.0043
0.00177828  17.1346
0.002  10.694
0.00226464  6.43718
0.0025704  3.80956
0.00295121  2.13394
0.00352024  1.01331
0.00412097  0.517165
0.00484172  0.258005
0.00568853  0.127756
0.00668344  0.0627967
0.00776247  0.0322438
0.00881049  0.0182141
0.0102329  0.0092052
0.0121619  0.00415538
0.0147911  0.0016735
0.0190546  0.000513267
0.0251189  0.000140232
0.0316228  4.7299e-05
0.0512861  4.7893e-06
0.0691831  1.16992e-06
0.081283  5.51439e-07
0.0944061  2.76297e-07
0.107152  1.55028e-07
0.121619  8.76319e-08
0.136458  5.25538e-08
0.153109  3.17607e-08
0.169824  2.03302e-08
0.186209  1.37636e-08
0.204174  9.38083e-09
0.223872  6.44128e-09
0.245471  4.45541e-09
0.269153  3.10523e-09
0.291743  2.27859e-09
0.319889  1.61172e-09
0.346737  1.19901e-09
0.375837  8.98844e-10
0.402717  7.06919e-10
0.431519  5.59981e-10
0.462381  4.46677e-10
0.49545  3.58881e-10
0.530884  2.90874e-10
0.57544  2.29568e-10
0.638263  1.70835e-10
0.691831  1.3672e-10
0.74448  1.1242e-10
0.803526  9.24342e-11
0.860994  7.78195e-11
0.922571  6.59649e-11
0.977237  5.78607e-11
1.03514  5.11073e-11
1.10918  4.43138e-11
1.1749  3.95831e-11
1.2735  3.40524e-11
1.39637  2.88628e-11
1.62181  2.22903e-11
1.84077  1.80475e-11
2.06538  1.50006e-11
2.31739  1.25566e-11
2.63027  1.0404e-11
3.01995  8.54097e-12
3.50752  6.94811e-12
4.12097  5.60916e-12
4.89779  4.49603e-12
5.88844  3.57792e-12
7.24436  2.78957e-12
9.01571  2.16196e-12
11.6145  1.62271e-12
15  1.2233e-12
20.1837  8.87623e-13
29.1743  6.00818e-13
47.863  3.59246e-13
89.1251  1.90225e-13
177.828  9.45617e-14
707.946  2.36033e-14
11220.2  1.48638e-15
100000  1.6673e-16
-1  -1
5.9e-06   0.0 
5.9e-06  702282
5.95662e-06  651302
6.05e-06  569744
6.16595e-06  481414
6.27e-06  412458
6.35e-06  365400
6.46e-06  308120
6.55e-06  266962
6.65e-06  226620
6.73e-06  198072
6.81e-06  172467
6.89e-06  149519
6.96e-06  131446
7.02e-06  117330
7.1e-06  100340
7.17e-06  87049.8
7.24436e-06  74407.2
7.31e-06  64409.4
7.365e-06  56805.6
7.42e-06  49862.6
7.48e-06  42993.6
7.52e-06  38798.4
7.57e-06  33962.4
7.62e-06  29556
7.67e-06  25554.2
7.715e-06  22280.2
7.76247e-06  19142.6
7.79e-06  17464.8
7.83e-06  15205.9
7.865e-06  13394.4
7.9e-06  11731
7.93e-06  10418.6
7.96e-06  9206.64
7.99e-06  8091.72
8.02e-06  7070.16
8.05e-06  6138.76
8.07e-06  5566.28
8.1e-06  4777.86
8.12831e-06  4108.94
8.15e-06  3643.96
8.18e-06  3066.84
8.21e-06  2563.72
8.24e-06  2131.94
8.29e-06  1563.59
8.31e-06  1387.02
8.33e-06  1238.39
8.345e-06  1144.84
8.357e-06  1080.84
8.369e-06  1026.35
8.38e-06  984.572
8.39e-06  953.3
8.4e-06  928.342
8.41e-06  909.608
8.42e-06  897.026
8.43e-06  890.512
8.44e-06  890.024
8.45e-06  895.422
8.46e-06  906.658
8.47e-06  923.658
8.48e-06  946.346
8.49e-06  974.654
8.502e-06  1015.93
8.515e-06  1069.54
8.527e-06  1127.05
8.542e-06  1209.63
8.56e-06  1324.07
8.585e-06  1510.11
8.65e-06  2134.42
8.68e-06  2487.4
8.71e-06  2879.18
8.74e-06  3308.14
8.77e-06  3772.66
8.8e-06  4271.5
8.83e-06  4803.14
8.865e-06  5462.84
8.9e-06  6163.44
8.93e-06  6794.82
8.96e-06  7453.08
9e-06  8371.5
9.035e-06  9210.92
9.07e-06  10081.5
9.11e-06  11113.6
9.15e-06  12181.9
9.2e-06  13566.2
9.24e-06  14708.9
9.295e-06  16329
9.35e-06  17999.6
9.4e-06  19559.1
9.46e-06  21475.6
9.52e-06  23437.6
9.6e-06  26113.4
9.67e-06  28504.2
9.73e-06  30584.4
9.81e-06  33395
9.89e-06  36239.6
1e-05  40192
1.01e-05  43811.8
1.02e-05  47444.4
1.031e-05  51441.6
1.042e-05  55427.6
1.055e-05  60108.4
1.07e-05  65449.8
1.085e-05  70707.8
1.1e-05  75865.8
1.115e-05  80910.8
1.13501e-05  87447.5
1.157e-05  94356
1.18e-05  101258
1.207e-05  108925
1.23027e-05  115150
1.26e-05  122591
1.29e-05  129528
1.32e-05  135909
1.35e-05  141758
1.38038e-05  147168
1.42e-05  153497
1.46218e-05  159408
1.515e-05  165728
1.57e-05  171177
1.63e-05  175970
1.69824e-05  180164
1.77828e-05  183674
1.8741e-05  186250
1.98e-05  187492
2.0893e-05  187454
2.23e-05  185982
2.37137e-05  183377
2.54097e-05  179314
2.75423e-05  173349
2.98538e-05  166295
3.23594e-05  158421
3.50752e-05  149940
3.84592e-05  139724
4.16869e-05  130464
4.57088e-05  119682
5e-05  109195
5.5e-05  98291.6
6.09537e-05  86996.4
6.83912e-05  75255.9
7.76247e-05  63670.9
9.22571e-05  50288.6
0.000115  36889.4
0.00017378  20372.5
0.0002  16542
0.000223872  13875.8
0.000254097  11302.3
0.000295121  8797.74
0.000354813  6421.18
0.000457088  4124.64
0.0005188  3286.77
0.000638263  2243.3
0.000785236  1521.21
0.000912011  1140.15
0.00112202  758.094
0.00134896  523.602
0.00158489  376.2
0.00186209  268.364
0.00218776  189.983
0.00254097  136.844
0.003  94.2915
0.00346737  67.6145
0.00402717  47.5881
0.00473151  32.3428
0.00555904  21.8097
0.00653131  14.591
0.00767361  9.68545
0.00901571  6.37931
0.0104713  4.29869
0.0123027  2.78903
0.0144544  1.79643
0.0171791  1.11266
0.0204174  0.683883
0.0242661  0.417262
0.0291743  0.24447
0.0350752  0.142154
0.0431519  0.0766253
0.0530884  0.0409862
0.0676083  0.019583
0.0933254  0.00724881
0.156675  0.0014528
0.194985  0.000741708
0.234423  0.000423479
0.27227  0.000270512
0.312608  0.000180199
0.350752  0.000129287
0.39355  9.34312e-05
0.436516  7.02407e-05
0.484172  5.31969e-05
0.530884  4.18369e-05
0.582103  3.31266e-05
0.638263  2.64184e-05
0.699842  2.12247e-05
0.767362  1.71803e-05
0.841395  1.40141e-05
0.922571  1.1521e-05
1  9.7692e-06
1.14815  7.42829e-06
1.2735  6.09388e-06
1.41254  5.03738e-06
1.54882  4.28069e-06
1.71791  3.5903e-06
1.94985  2.91926e-06
2.18776  2.43472e-06
2.45471  2.0449e-06
2.78612  1.70004e-06
3.23594  1.37755e-06
3.75837  1.12461e-06
4.4157  9.109e-07
5.30884  7.21827e-07
6.45654  5.68273e-07
8  4.4088e-07
10.1158  3.36663e-07
13.1826  2.50315e-07
17.9887  1.78341e-07
25.704  1.21952e-07
31.9889  9.6938e-08
48.4172  6.3043e-08
91.2011  3.29989e-08
181.97  1.64061e-08
724.436  4.09586e-09
11481.5  2.5794e-10
100000  2.9608e-11
-1  -1
-2   0.0 
-2  -2
