% -----------------------------------------------------------------------
%   Program Name: pe-ss-cs-87.dat 
%   Author: the Geant4 Collaboration
%   Organization: the Geant4 Collaboration
%   Version: unknown
%   Date: circa 2006
%   Class: Public
%   Copyright (c) Copyright Holders of the Geant4 Collaboration, 1994-2006.
%   See http://cern.ch/geant4/license for details on the copyright holders.
%   All rights not expressly granted under this license are reserved.
% -----------------------------------------------------------------------
0.10152   0.0 
0.10152  1642.98
0.104  1543.92
0.106  1477.1
0.109  1372.68
0.113501  1244.84
0.12735  926.986
0.145  666.678
0.239883  181.473
0.29  111.792
0.342768  73.4846
0.39355  52.3487
0.451856  37.5617
0.512861  27.9072
0.582103  20.8959
0.660694  15.7641
0.749894  11.9816
0.841395  9.40167
0.944061  7.42968
1.09648  5.52392
1.25893  4.22375
1.42889  3.3304
1.60325  2.70169
1.8197  2.16282
2.06538  1.74502
2.37137  1.39105
2.7227  1.11669
3.12608  0.902783
3.63078  0.722633
4.21697  0.582666
4.9545  0.465575
5.88844  0.368983
7  0.29451
8.41395  0.233426
10.2329  0.183624
12.5892  0.143464
15.8489  0.10983
20.1837  0.0836144
26.9154  0.060899
37.5837  0.0425189
56.2341  0.0278027
90.1571  0.0170533
164.059  0.00925065
327.341  0.0046012
1303.17  0.00114875
100000  1.4941e-05
-1  -1
0.01863   0.0 
0.01863  5759.62
0.0193  5423.22
0.0196  5295.3
0.0202  5011.2
0.021  4703.84
0.0231739  3935.96
0.0251189  3410.99
0.0269154  3001.18
0.0295121  2517.08
0.0367282  1630.56
0.0412098  1285.04
0.0473151  961.14
0.0562341  660.388
0.0638264  498
0.0732824  363.965
0.0860994  250.498
0.102329  166.515
0.123027  106.879
0.154882  60.8972
0.27227  15.1505
0.334965  9.14934
0.398107  6.05307
0.462381  4.26421
0.537032  3.02642
0.609537  2.2795
0.699842  1.68771
0.803526  1.25903
0.933254  0.923812
1.03514  0.750315
1.20226  0.559839
1.36458  0.440167
1.53109  0.35609
1.7378  0.284255
1.97242  0.228686
2.26464  0.181842
2.60016  0.145638
3  0.11659
3.46737  0.0938014
4.02717  0.0754667
4.73151  0.0601711
5.62341  0.0475876
6.68344  0.0379217
8.03526  0.0299922
9.88553  0.0232252
12.4451  0.0176395
15.4882  0.0136814
19.2752  0.0106779
25.704  0.00776795
35.4813  0.00548445
51.88  0.00366958
80.3526  0.00232901
146.218  0.00126135
291.743  0.000626895
1161.45  0.000156404
73282.4  2.47328e-06
100000  1.8125e-06
-1  -1
0.017971   0.0 
0.017971  11849.7
0.018026  11692.1
0.01809  11543
0.01815  11490
0.01885  10497
0.0204174  8608.5
0.0248313  5215.7
0.0275423  3966.8
0.0342768  2202.8
0.0431519  1165.4
0.0537032  628.83
0.0676083  325.17
0.0881049  151.01
0.158489  27.275
0.192752  15.4999
0.234423  8.8749
0.278612  5.4627
0.323594  3.61357
0.371535  2.4858
0.421696  1.77727
0.47863  1.28034
0.537032  0.956867
0.60256  0.720083
0.676083  0.54599
0.749894  0.428554
0.841395  0.329651
0.912011  0.275985
0.988553  0.232573
1.08393  0.19285
1.20226  0.15746
1.34896  0.126753
1.54882  0.0985808
1.75792  0.0787561
1.99526  0.0633873
2.29087  0.0504371
2.63027  0.0404184
3.01995  0.0326174
3.50752  0.0260624
4.0738  0.0209798
4.7863  0.0167369
5.68853  0.013244
6.76083  0.0105592
8.1283  0.00835489
10  0.0064725
12.4451  0.00498517
15.6675  0.00381552
19.7242  0.00294109
26.3027  0.00214081
36.3078  0.00151235
53.7032  0.00100019
84.1395  0.000627697
154.882  0.000336217
309.029  0.000167173
1230.27  4.1722e-05
100000  5.1222e-07
-1  -1
0.015034   0.0 
0.015034  27608.4
0.0153109  26414.8
0.0171791  19278.9
0.0185  15648.3
0.0204174  11886.5
0.0223872  9141.98
0.0281838  4677.85
0.0358922  2272.97
0.0446684  1167.01
0.055  612.748
0.0683912  309.304
0.0881049  138.571
0.154882  22.9205
0.192752  11.4781
0.223872  7.19262
0.260016  4.53743
0.298538  2.98617
0.338844  2.04983
0.380189  1.4662
0.42658  1.05687
0.47863  0.767729
0.530884  0.57985
0.588844  0.440992
0.653131  0.3378
0.724436  0.260682
0.803526  0.202727
0.912011  0.150529
0.966051  0.132059
1.02329  0.116595
1.09648  0.101112
1.1885  0.0862645
1.30317  0.0725317
1.46218  0.0589233
1.75792  0.0424831
1.97242  0.0348498
2.26464  0.0277149
2.60016  0.0221968
3  0.017768
3.46737  0.0142952
4.02717  0.0115011
4.73151  0.0091701
5.62341  0.0072524
6.68344  0.00577931
8.03526  0.00457092
9.88553  0.00353949
12.4451  0.00268827
15.6675  0.00205755
19.7242  0.00158597
26.3027  0.00115445
36.3078  0.000815512
53.7032  0.000539366
84.1395  0.000338491
153.109  0.000183445
305.492  9.12015e-05
1216.19  2.27601e-05
100000  2.7622e-07
-1  -1
0.0046191   0.0 
0.0046191  15447.9
0.00497  14046.4
0.00512861  13508.1
0.0054325  12450.2
0.00595662  11001
0.0065  9653.52
0.007  8620.62
0.00758578  7644.68
0.00812831  6845.16
0.01  4856.26
0.0110917  4055.15
0.013  3058.5
0.0154882  2212.77
0.0175792  1739.23
0.0204174  1300.21
0.0242661  920.951
0.029  639.03
0.0342768  449.715
0.0402717  318.113
0.0473151  223.381
0.0555904  155.77
0.0660693  105.069
0.08  67.3316
0.0966051  43.0639
0.11885  26.1426
0.154882  13.69
0.25704  3.92709
0.319889  2.30501
0.380189  1.52342
0.446684  1.04246
0.512861  0.758196
0.588844  0.555449
0.676083  0.41004
0.767362  0.312612
0.881049  0.23416
0.977237  0.189754
1.1885  0.12915
1.31826  0.105923
1.5  0.0833729
1.69824  0.0667627
1.92752  0.053636
2.2131  0.0425968
2.54097  0.034075
2.91743  0.02745
3.34965  0.022271
3.89045  0.0178881
4.57088  0.0142393
5.4325  0.0112434
6.45654  0.00894656
7.76247  0.00706584
9.54993  0.0054641
12.0226  0.00414388
15.1356  0.00316912
18.6209  0.00250374
24.8313  0.00181974
34.2768  0.0012837
50  0.00086046
76.7361  0.000550937
141.254  0.000294723
281.838  0.000146432
562.341  7.30511e-05
2238.72  1.82863e-05
100000  4.0885e-07
-1  -1
0.0043125   0.0 
0.0043125  24789.6
0.00445  24107.3
0.0047  22713.6
0.00530884  19502.7
0.00555904  18303.5
0.00616595  15696.1
0.00683912  13381.3
0.0075  11510.9
0.00891251  8491.87
0.00954993  7469.24
0.0112202  5461.69
0.0121619  4641.14
0.0141254  3393.76
0.0154882  2780.7
0.0177828  2045.69
0.0201837  1529.68
0.0226464  1167.29
0.0260016  836.988
0.03  588.034
0.0346737  407.989
0.0402717  277.383
0.0467735  187.189
0.055  121.366
0.0660693  73.7006
0.0803526  42.9256
0.102329  21.8272
0.190546  3.77934
0.239883  1.98668
0.285102  1.23482
0.334965  0.798014
0.384592  0.552746
0.436516  0.397472
0.49545  0.287892
0.555904  0.216175
0.623735  0.163442
0.699842  0.124482
0.776247  0.0980804
0.870964  0.075749
0.944061  0.0636093
1.02329  0.0537788
1.12202  0.0447158
1.25  0.0362988
1.39637  0.0295335
1.64059  0.0220857
1.86209  0.0177027
2.11349  0.0142971
2.42661  0.0114099
2.78612  0.00917169
3.19889  0.00742459
3.71535  0.00594993
4.31519  0.0048026
5.06991  0.0038415
6.0256  0.00304764
7.24436  0.00239999
8.81049  0.00187725
10.5925  0.00149997
12.735  0.00120525
16.0325  0.000922907
20.4174  0.000702884
27.227  0.000512088
38.0189  0.000357632
56.8853  0.000233906
91.2011  0.000143496
165.959  7.78508e-05
331.131  3.87262e-05
1318.26  9.66916e-06
100000  1.2722e-07
-1  -1
0.0036445   0.0 
0.0036445  86905.8
0.00375  82004.7
0.004  74000
0.00458  58916
0.0049  52114
0.00568853  39503.9
0.00616595  33862.8
0.00668344  28812.4
0.00767361  21745.6
0.00831764  18316
0.0098  12791.2
0.0108393  10172.8
0.0123027  7581.42
0.0138038  5756.03
0.0154882  4345.35
0.0177828  3073.35
0.02  2273.18
0.0226464  1641.7
0.0260016  1134.29
0.03  767.204
0.0346737  512.263
0.0402717  334.724
0.0467735  217.048
0.054325  139.764
0.0645654  83.4454
0.0767362  49.4534
0.0966051  24.4034
0.186209  3.19421
0.229087  1.69231
0.269153  1.03974
0.30903  0.689514
0.350752  0.476361
0.39355  0.342608
0.44157  0.248247
0.49545  0.181234
0.549541  0.137447
0.609537  0.104945
0.676083  0.0807174
0.749894  0.0625307
0.870964  0.0436114
0.933254  0.0371799
0.988553  0.0327523
1.07152  0.0276933
1.16145  0.0235808
1.25893  0.0202043
1.39637  0.0167028
1.71791  0.0115433
1.94985  0.00927399
2.23872  0.00736972
2.5704  0.00589887
2.95121  0.00475471
3.42768  0.00379452
4  0.0030305
4.67735  0.00243141
5.55904  0.00192194
6.60693  0.00153079
7.94328  0.00121016
9.77237  0.000936675
12.3027  0.000711067
15.4882  0.000544104
19.2752  0.000424661
26.0016  0.00030507
36.3078  0.000212819
53.7032  0.000140751
84.1395  8.83321e-05
153.109  4.78705e-05
305.492  2.37994e-05
1216.19  5.93942e-06
100000  7.2082e-08
-1  -1
0.0031389   0.0 
0.0031389  265172
0.003166  253599
0.003172  250006
0.003174  248357
0.00323594  219200
0.0033  203077
0.00332  199652
0.00367282  154087
0.00402717  120400
0.00457088  84984.8
0.00515  60740.8
0.00582103  42592.4
0.00653131  30250.4
0.00794328  16624
0.00881049  12005.8
0.0101158  7735.66
0.0119  4556.44
0.0131826  3245.35
0.01514  2037.65
0.0177828  1174.53
0.020893  669.808
0.0245471  378.591
0.0291743  203.606
0.0346737  108.585
0.0412098  57.4915
0.0506991  26.5898
0.0653131  10.2725
0.113501  1.27873
0.141254  0.564367
0.169824  0.285314
0.197242  0.164992
0.234423  0.0886783
0.266072  0.0566068
0.301995  0.0364006
0.338844  0.0245192
0.375837  0.0173084
0.40738  0.0132796
0.451856  0.00952928
0.506991  0.00664349
0.562341  0.00482906
0.623735  0.00353659
0.683912  0.00270063
0.74131  0.00214658
0.851138  0.00146354
0.901571  0.00125556
0.944061  0.00111712
0.988553  0.00100014
1.03514  0.000901607
1.09648  0.000797824
1.16145  0.000710812
1.25  0.000618326
1.36458  0.000527857
1.53109  0.000431882
1.8197  0.000318316
2.01837  0.000266652
2.31739  0.00021231
2.66072  0.000170234
3.05492  0.000137457
3.54813  0.000109901
4.12097  8.85187e-05
4.84172  7.06544e-05
5.7544  5.59373e-05
6.83912  4.46186e-05
8.22243  3.53215e-05
10.1158  2.73766e-05
12.5892  2.10949e-05
15.8489  1.61491e-05
20.1837  1.2294e-05
26.9154  8.95448e-06
37.5837  6.25183e-06
56.2341  4.08799e-06
90.1571  2.50742e-06
162.181  1.37612e-06
323.594  6.84447e-07
1288.25  1.7087e-07
100000  2.1969e-09
-1  -1
0.0029992   0.0 
0.0029992  450275
0.003161  315838
0.00346737  248172
0.00380189  193267
0.00431519  135801
0.00484172  97776.2
0.00530884  74698.4
0.00588844  54798.5
0.0064  42539.3
0.00776247  23306.3
0.00860994  16723.4
0.0098  10989.2
0.0113501  6752.48
0.012735  4578.06
0.0145  2934.56
0.0169824  1690.38
0.0197242  993.19
0.023  570.307
0.0269154  320.534
0.0316228  176.07
0.0371535  96.0088
0.0446684  47.624
0.0530884  24.5208
0.07  8.38791
0.109648  1.46453
0.134896  0.658321
0.160325  0.340504
0.184077  0.202244
0.20893  0.126311
0.234423  0.0828952
0.263027  0.0547995
0.291743  0.0380199
0.323594  0.0265579
0.354813  0.0194364
0.389045  0.0143279
0.416869  0.0114652
0.457088  0.00857973
0.501187  0.0064662
0.549541  0.00490284
0.60256  0.00374509
0.653131  0.00297988
0.707946  0.00238571
0.776247  0.00186413
0.860994  0.00141749
0.912011  0.0012245
0.966051  0.00106556
1.01158  0.000959525
1.07152  0.000847863
1.13501  0.000753954
1.21619  0.000659495
1.31826  0.000568377
1.62181  0.000393944
1.86209  0.000309145
2.06538  0.000259385
2.37137  0.000206785
2.7227  0.000165996
3.12608  0.000134195
3.63078  0.000107418
4.21697  8.66134e-05
4.9545  6.9208e-05
5.88844  5.48493e-05
7  4.3779e-05
8.41395  3.46988e-05
10.2329  2.72958e-05
12.5892  2.13265e-05
15.8489  1.6326e-05
20  1.2557e-05
26.6073  9.16685e-06
37.1535  6.39844e-06
55.5904  4.18297e-06
88.1049  2.59571e-06
160.325  1.40761e-06
319.889  7.00034e-07
1273.5  1.74752e-07
100000  2.221e-09
-1  -1
0.0011303   0.0 
0.0011303  34151.6
0.00119  33283
0.00124  31977.8
0.00135  29601.2
0.00145  27443.2
0.00164059  23993.1
0.00197242  19256.2
0.00211349  17622.8
0.0025704  13511.6
0.00281838  11849.4
0.00334965  9172.06
0.00380189  7540.45
0.00436516  6056.45
0.00524807  4471.8
0.00623735  3332.69
0.00732824  2512.79
0.00860994  1881.09
0.0101158  1398.56
0.0120226  1010.68
0.0144544  708.988
0.0173  497.774
0.0206538  348.632
0.0245471  244.598
0.0291743  170.356
0.0346737  117.787
0.0412098  80.8423
0.0489779  55.0871
0.0582103  37.2662
0.07  24.3621
0.0831764  16.2594
0.102329  9.91355
0.130317  5.5191
0.162181  3.22864
0.254097  1.06755
0.316228  0.626525
0.380189  0.402769
0.446684  0.275631
0.512861  0.200474
0.588844  0.14686
0.676083  0.10841
0.776247  0.0806601
0.881049  0.061899
0.977237  0.0501553
1.1749  0.0349073
1.30317  0.0286119
1.47911  0.0226086
1.6788  0.0180087
1.90546  0.0144576
2.18776  0.0114736
2.51189  0.00917272
2.88403  0.00738518
3.31131  0.00598841
3.84592  0.00480724
4.51856  0.00382443
5.30884  0.0030654
6.30957  0.00243681
7.58578  0.0019227
9.22571  0.00150666
11.2202  0.00118921
14  0.00091642
17.7828  0.000696927
23.7137  0.000505919
32.3594  0.000360912
46.7735  0.000243955
70.7946  0.000158266
127.35  8.65813e-05
254.097  4.29701e-05
506.991  2.14233e-05
4027.17  2.68514e-06
100000  1.0806e-07
-1  -1
0.00099269   0.0 
0.00099269  30640.7
0.00120226  29493.8
0.00130317  28680.4
0.0014005  27720.5
0.00151356  26533.8
0.00165  25051.2
0.0018197  23212.7
0.00195  21814.8
0.00218776  19473.2
0.00237137  17874.5
0.0025704  16277.1
0.00288403  14122.7
0.00315  12580.2
0.00354813  10656.6
0.0039  9284.06
0.00436516  7808.17
0.00484172  6617.52
0.0055  5349.14
0.00609537  4475.63
0.00683912  3640.7
0.00776247  2877.2
0.00870964  2306.67
0.00988553  1795.23
0.0112202  1386.45
0.012735  1062.83
0.0145  803.306
0.0165959  595.706
0.0190546  435.147
0.0218776  315.275
0.025  229.274
0.0288403  161.77
0.0334965  111.335
0.0389045  76.0441
0.0451856  51.5558
0.0530884  33.6721
0.0630957  21.1684
0.0767362  12.404
0.0954993  6.76926
0.194985  0.915928
0.242661  0.49872
0.288403  0.31071
0.334965  0.207593
0.384592  0.144028
0.44157  0.100672
0.501187  0.073028
0.568853  0.053381
0.638263  0.0404364
0.716143  0.0308575
0.803526  0.0237329
0.881049  0.0193297
0.954993  0.0162511
1.03514  0.0137556
1.13501  0.0114478
1.25893  0.00937817
1.41254  0.00757189
1.64059  0.00578221
1.86209  0.00463462
2.11349  0.00374356
2.42661  0.00298774
2.78612  0.00240149
3.19889  0.00194392
3.71535  0.00155782
4.36516  0.0012372
5.12861  0.000990115
6.09537  0.000785905
7.32824  0.000619195
8.91251  0.00048456
10.7152  0.000387327
12.8825  0.000311335
16.2181  0.00023847
20.893  0.000179371
28.1838  0.00012914
39.8107  8.91618e-05
60.256  5.76707e-05
100  3.4179e-05
179.887  1.87835e-05
358.922  9.34816e-06
1428.89  2.33509e-06
100000  3.3308e-08
-1  -1
0.0008228   0.0 
0.0008228  178384
0.000870964  172635
0.001  151918
0.00107152  141628
0.00121619  123259
0.00131826  112121
0.00147911  97110.3
0.00161  86723.6
0.00188365  69603.5
0.00206538  60728.9
0.0024  48107.2
0.00265  40972
0.00305492  32263.5
0.00342768  26373
0.00384592  21431.7
0.0044157  16556.5
0.0049545  13260.2
0.00562341  10314.5
0.0065  7666.6
0.0075  5664.32
0.00851138  4300.8
0.00954993  3326.51
0.0107152  2558.14
0.0120226  1955.94
0.0136458  1446.1
0.0154882  1061.82
0.0175792  774.362
0.02  557.528
0.0229087  391.601
0.0263027  271.281
0.0301995  186.504
0.0346737  127.283
0.0402717  83.4938
0.0467735  54.3584
0.0549541  33.9738
0.0645654  21.0752
0.0776247  12.1158
0.0954993  6.4468
0.18197  0.884302
0.226464  0.453381
0.269153  0.269489
0.312608  0.172923
0.354813  0.119563
0.4  0.084919
0.446684  0.0624458
0.501187  0.0456507
0.562341  0.0336245
0.623735  0.025718
0.691831  0.0198129
0.767362  0.0153763
0.870964  0.0113528
0.933254  0.00968627
0.988553  0.00853705
1.07152  0.00722109
1.16145  0.00614978
1.2735  0.00515682
1.41254  0.00426549
1.71791  0.00300896
1.94985  0.0024175
2.23872  0.00192109
2.5704  0.0015377
2.95121  0.00123946
3.42768  0.000989151
4  0.00078998
4.67735  0.000633809
5.55904  0.000500999
6.60693  0.000399049
7.94328  0.000315465
9.77237  0.000244163
12.3027  0.000185359
15.4882  0.000141836
19.2752  0.0001107
25.704  8.05309e-05
35.4813  5.68578e-05
51.88  3.80426e-05
80.3526  2.41452e-05
146.218  1.30774e-05
291.743  6.49903e-06
1161.45  1.62143e-06
100000  1.879e-08
-1  -1
0.0005976   0.0 
0.0005976  166236
0.00059895  170536
0.00061805  201592
0.00062  204422
0.000635  210560
0.000637  210860
0.000643  209848
0.000685  213285
0.000732825  219668
0.00078  222805
0.00081  223301
0.000841395  222733
0.000885  220418
0.000922571  217366
0.00097  212277
0.00102329  205475
0.00109  195999
0.00116145  185271
0.00124452  172453
0.00133352  159468
0.00141254  148425
0.00151356  135050
0.00165  119038
0.00177  106690
0.00190546  94370.3
0.0020893  80341.1
0.00223872  70787.2
0.00245471  59284.7
0.00266073  50474.5
0.0029  42179.6
0.0031989  34130.5
0.00350752  27748.7
0.00384592  22416
0.00421696  17976.4
0.00465  14128.9
0.005188  10694.9
0.00568853  8405.98
0.00630957  6368.39
0.00707946  4638.43
0.00794328  3349.9
0.00881049  2481.99
0.0098  1812.02
0.0108393  1337.17
0.0121619  938.434
0.0136458  653.93
0.0153109  452.613
0.017378  299.675
0.0197242  196.88
0.0223872  128.415
0.025704  79.9513
0.0295121  49.4107
0.0342768  29.111
0.0402717  16.3386
0.047863  8.73154
0.0582103  4.25823
0.0785236  1.40466
0.123027  0.264401
0.16788  0.0839729
0.188365  0.0552524
0.234423  0.0252821
0.269153  0.015545
0.30903  0.00963621
0.342768  0.00677048
0.380189  0.00479035
0.412098  0.0036827
0.457088  0.00264829
0.512861  0.00185068
0.568853  0.00134893
0.630957  0.000990222
0.691831  0.000757318
0.758578  0.000583544
0.860994  0.000411104
0.912011  0.000353081
0.954993  0.000314528
1  0.000282008
1.05925  0.000248344
1.12202  0.000220368
1.1885  0.0001968
1.28825  0.000169377
1.41254  0.000143859
1.53109  0.00012505
1.8197  9.2167e-05
2.01837  7.72033e-05
2.31739  6.14659e-05
2.66072  4.92837e-05
3.05492  3.97944e-05
3.54813  3.18164e-05
4.12097  2.56261e-05
4.84172  2.04545e-05
5.7544  1.61934e-05
6.83912  1.29165e-05
8.22243  1.02258e-05
10  8.0365e-06
12.4451  6.18969e-06
15.6675  4.7374e-06
19.7242  3.65171e-06
26.3027  2.65812e-06
36.3078  1.87777e-06
53.7032  1.24185e-06
83.1764  7.88669e-07
151.356  4.27342e-07
301.995  2.12445e-07
1202.26  5.30134e-08
100000  6.3599e-10
-1  -1
0.00056595   0.0 
0.00056595  245065
0.00057347  260384
0.000595  306069
0.000613  334777
0.000638263  361765
0.000660693  364519
0.000693  370349
0.000724436  372588
0.000758578  373081
0.00079  371207
0.000822243  367715
0.000860994  361611
0.000901571  353535
0.00095  342207
0.001  329360
0.00105925  313234
0.00112202  296008
0.00121619  270145
0.00130317  248154
0.00138038  229705
0.00147911  207763
0.00161  182321
0.00173  162119
0.00188365  139790
0.00204174  120735
0.00222  102884
0.00245  84496.8
0.00266073  71152.2
0.00295121  56845.7
0.00322  46724.1
0.00354813  37283.4
0.00384592  30728
0.0042658  23791.3
0.00467735  18814.2
0.00515  14632.7
0.00582103  10523.8
0.00653131  7646.53
0.00716143  5885.21
0.00794328  4356.53
0.00891251  3094.18
0.01  2179.94
0.0112202  1523.89
0.0125892  1057.28
0.0141254  728.24
0.0158489  498.1
0.0177828  338.469
0.0201837  219.576
0.0229087  141.368
0.0260016  90.3714
0.0298538  55.0532
0.0346737  31.92
0.0402717  18.3677
0.047863  9.62783
0.0582103  4.59089
0.0758578  1.66871
0.11885  0.297814
0.146218  0.135336
0.171791  0.0736044
0.192752  0.0479816
0.237137  0.0225456
0.266072  0.0149267
0.295121  0.0103714
0.323594  0.00755289
0.354813  0.00553703
0.389045  0.00408855
0.421696  0.0031583
0.462381  0.00236873
0.5188  0.00166777
0.568853  0.00126788
0.616595  0.00100364
0.668344  0.000799616
0.724436  0.000641258
0.785236  0.000517804
0.860994  0.000407507
0.912011  0.00035308
0.966051  0.000308058
1.01158  0.000277846
1.07152  0.000245841
1.14815  0.000213868
1.24452  0.000183318
1.36458  0.000154901
1.77828  9.69237e-05
2  7.92285e-05
2.29087  6.32964e-05
2.63027  5.07247e-05
3.01995  4.09348e-05
3.50752  3.27086e-05
4.0738  2.63303e-05
4.7863  2.10054e-05
5.68853  1.66208e-05
6.76083  1.32509e-05
8.1283  1.04859e-05
10  8.1231e-06
12.4451  6.25644e-06
15.6675  4.7885e-06
19.7242  3.69112e-06
26.3027  2.68676e-06
36.3078  1.89801e-06
53.7032  1.25525e-06
84.1395  7.87769e-07
153.109  4.26926e-07
305.492  2.1225e-07
1216.19  5.29694e-08
100000  6.4285e-10
-1  -1
0.00026995   0.0 
0.00026995  191957
0.00027001  188318
0.0002703  178045
0.0002706  168923
0.0002709  161027
0.0002713  152048
0.0002718  142921
0.00027227  135861
0.0002728  129395
0.0002732  125303
0.0002737  120946
0.0002745  115220
0.0002753  110580
0.0002762  106496
0.000277  103650
0.000278  100882
0.000279  98791.2
0.00028  97245.6
0.0002815  95726.4
0.000283  94987.2
0.00028458  94923.6
0.000286  95428.8
0.0002875  96529.8
0.000289  98224.2
0.0002905  100526
0.000292  103453
0.0002935  107017
0.000295121  111594
0.000297  117846
0.0002993  126915
0.0003015  137069
0.000304  150455
0.0003065  165960
0.00031  191572
0.000313  217485
0.000322  318534
0.000326  374004
0.000329  419129
0.000332  466665
0.000335  516250
0.000338  567423
0.000341  619764
0.000345  691188
0.0003485  754584
0.0003515  809502
0.000355  873858
0.000359  947226
0.000363078  1.02093e+06
0.000367282  1.09526e+06
0.000372  1.17543e+06
0.000376  1.23994e+06
0.000380189  1.30364e+06
0.000385  1.37143e+06
0.000391  1.4485e+06
0.000397  1.51703e+06
0.000403  1.57826e+06
0.00041  1.64088e+06
0.000418  1.7014e+06
0.00042658  1.75415e+06
0.000435  1.79416e+06
0.000443  1.82219e+06
0.000455  1.84813e+06
0.000467735  1.85908e+06
0.00047863  1.85875e+06
0.000493  1.84703e+06
0.000508  1.82341e+06
0.000524808  1.78758e+06
0.000545  1.7335e+06
0.000565  1.67341e+06
0.000582103  1.61892e+06
0.00061  1.52684e+06
0.000638263  1.43358e+06
0.00067  1.32916e+06
0.000707946  1.21e+06
0.00075  1.08955e+06
0.000794328  974677
0.000841395  865182
0.000901571  744114
0.000966051  635710
0.00103514  538822
0.00112202  440704
0.00120226  368781
0.00130317  297298
0.00141254  238176
0.00153109  189548
0.00169  142150
0.00185  108401
0.00204174  80057.8
0.00223872  59897.8
0.00248313  42891.4
0.00275423  30464.7
0.00301995  22332.6
0.00334965  15642.5
0.00375837  10442.7
0.0042658  6629.89
0.0048  4303.42
0.00537032  2830.07
0.0060256  1827.38
0.00676083  1170.82
0.0075  779.04
0.00831764  516.025
0.00944061  309.328
0.0107152  183.992
0.0121619  108.641
0.0138038  63.6926
0.0156675  37.0804
0.0179887  20.3947
0.0206538  11.135
0.0239883  5.73511
0.0285102  2.64585
0.0350752  1.03691
0.0446684  0.34466
0.0851138  0.0179486
0.103514  0.00736782
0.123027  0.00338602
0.142889  0.00173786
0.165959  0.000898103
0.188365  0.000517298
0.20893  0.000331421
0.234423  0.000203588
0.263027  0.000126012
0.291743  8.23797e-05
0.327341  5.15992e-05
0.354813  3.74195e-05
0.384592  2.73352e-05
0.402717  2.294e-05
0.436516  1.70547e-05
0.473151  1.27678e-05
0.568853  6.63768e-06
0.623735  4.81677e-06
0.676083  3.66305e-06
0.724436  2.91464e-06
0.776247  2.33419e-06
0.841395  1.81682e-06
0.881049  1.58282e-06
0.922571  1.38735e-06
0.954993  1.26296e-06
0.988553  1.15541e-06
1.02329  1.06294e-06
1.07152  9.57875e-07
1.12202  8.69182e-07
1.1885  7.7605e-07
1.2735  6.8342e-07
1.38038  5.93804e-07
1.51356  5.08395e-07
1.86209  3.52776e-07
2.06538  2.95859e-07
2.37137  2.35847e-07
2.7227  1.89326e-07
3.12608  1.53058e-07
3.63078  1.22517e-07
4.21697  9.87856e-08
4.9545  7.89309e-08
5.88844  6.25551e-08
7.07946  4.92126e-08
8.51138  3.90114e-08
10.3514  3.0702e-08
12.735  2.39976e-08
16.0325  1.83753e-08
20.4174  1.39951e-08
27.5423  1.00692e-08
38.4592  7.03398e-09
57.544  4.60151e-09
93.3254  2.79029e-09
169.824  1.5143e-09
338.844  7.53372e-10
1348.96  1.88119e-10
100000  2.533e-12
-1  -1
0.00026207   0.0 
0.00026207  260638
0.0002622  253322
0.0002626  237028
0.000263027  222345
0.0002635  208716
0.0002639  199058
0.0002643  190694
0.00026485  181019
0.0002652  175809
0.0002657  169389
0.0002662  163918
0.000267  156523
0.00026785  150154
0.0002685  146198
0.0002693  142209
0.00027  139360
0.000271  136117
0.00027227  133118
0.0002736  131038
0.000275  129804
0.0002765  129429
0.000278  129950
0.00027952  131368
0.0002807  133086
0.0002823  136298
0.00028405  140997
0.0002858  146959
0.0002873  153080
0.000289  161146
0.0002908  170997
0.000293  184891
0.000295121  200281
0.000298  224510
0.0003015  259633
0.00030591  313716
0.000314  443280
0.000318  520886
0.000321  583930
0.000324  650350
0.000327341  727488
0.00033  790777
0.0003335  876008
0.000337  962928
0.000341  1.0637e+06
0.000345  1.16533e+06
0.0003485  1.25433e+06
0.000353  1.36781e+06
0.0003565  1.45447e+06
0.00036  1.53895e+06
0.000364  1.63198e+06
0.000369  1.74178e+06
0.000374  1.84349e+06
0.000378  1.9187e+06
0.0003835  2.01329e+06
0.000389045  2.09878e+06
0.000395  2.18054e+06
0.000402717  2.27214e+06
0.00041  2.34496e+06
0.000418  2.41021e+06
0.00042658  2.46402e+06
0.000436516  2.50691e+06
0.000447  2.53283e+06
0.00046  2.54354e+06
0.000473151  2.53675e+06
0.000489779  2.50807e+06
0.000508  2.45698e+06
0.000524808  2.39775e+06
0.000545  2.31498e+06
0.000568853  2.20885e+06
0.000595662  2.08416e+06
0.000623735  1.95461e+06
0.000653131  1.8205e+06
0.000685  1.67952e+06
0.00073  1.49567e+06
0.000776247  1.32789e+06
0.000822243  1.17921e+06
0.000881049  1.01384e+06
0.000944061  865761
0.00101158  733700
0.00109648  600042
0.0011749  501918
0.0012735  404504
0.00138038  323980
0.0015  255810
0.00165  193714
0.0018197  144298
0.00199526  108659
0.00223872  75469
0.00245471  55953.1
0.00269154  41249.1
0.00301995  27925.2
0.0034  18508
0.00375837  12974.7
0.00412097  9309.96
0.00457088  6368.7
0.00512861  4143.72
0.00568853  2795.22
0.00638264  1791.6
0.00707946  1192.74
0.00794328  753.605
0.00901571  451.222
0.0102329  267.977
0.0116145  157.916
0.0131826  92.3597
0.015  53.047
0.0171791  29.3948
0.0197242  15.9874
0.0226464  8.62784
0.0266072  4.16742
0.031989  1.79916
0.039355  0.69374
0.0506991  0.214589
0.0749894  0.0347224
0.107152  0.00663616
0.124452  0.00333723
0.142889  0.00178227
0.162181  0.00101048
0.18197  0.000607626
0.201837  0.000387031
0.223872  0.000248309
0.248313  0.00016049
0.281838  9.50078e-05
0.305492  6.84941e-05
0.331131  4.97358e-05
0.350752  3.97881e-05
0.380189  2.93892e-05
0.412098  2.18769e-05
0.457088  1.50881e-05
0.49545  1.13775e-05
0.537032  8.63687e-06
0.582103  6.60255e-06
0.630957  5.08348e-06
0.676083  4.08543e-06
0.724436  3.30591e-06
0.767362  2.78773e-06
0.822243  2.29065e-06
0.881049  1.89628e-06
0.954993  1.53157e-06
0.988553  1.40421e-06
1.02329  1.29368e-06
1.07152  1.16726e-06
1.12202  1.05986e-06
1.1885  9.46416e-07
1.2735  8.33016e-07
1.38038  7.23027e-07
1.51356  6.18199e-07
1.84077  4.37619e-07
2.044  3.6607e-07
2.34423  2.92171e-07
2.69154  2.3441e-07
3.09029  1.89395e-07
3.58922  1.5151e-07
4.16869  1.22097e-07
4.89779  9.75094e-08
5.82103  7.72384e-08
6.91831  6.16386e-08
8.31764  4.8818e-08
10.1158  3.83852e-08
12.5892  2.95765e-08
15.8489  2.26424e-08
20  1.7415e-08
26.9154  1.25545e-08
38.0189  8.65905e-09
56.8853  5.66328e-09
91.2011  3.47427e-09
165.959  1.88491e-09
331.131  9.37625e-10
1318.26  2.34101e-10
100000  3.0802e-12
-1  -1
0.00023234   0.0 
0.00023234  52077
0.0002329  52636.8
0.0002338  54093.8
0.000234423  54941.8
0.0002355  56136.6
0.000237  57295.4
0.0002385  58001.2
0.0002405  58422.2
0.000242661  58456.8
0.000335  49169.6
0.000363078  46517.6
0.000412098  42351.8
0.00044157  39991.7
0.000484172  36709.5
0.00054325  32738
0.000588844  30034.6
0.000660693  26325.2
0.00074131  22921.8
0.000851138  19219.3
0.000954993  16497.3
0.00112202  13201.9
0.00133352  10304.5
0.00158489  7977.87
0.00192753  5921.69
0.00234423  4359.71
0.00285102  3185.44
0.00346737  2309.43
0.00416869  1693.48
0.00501187  1232.66
0.0060256  890.507
0.00724436  638.702
0.00881049  445.175
0.0105925  314.651
0.012735  220.786
0.0153109  153.79
0.0184077  106.349
0.0221309  73.0021
0.0266072  49.7371
0.0316228  34.465
0.0380189  23.1258
0.0457088  15.3961
0.054325  10.4373
0.0653131  6.84251
0.0794328  4.33504
0.0966051  2.72279
0.121619  1.56278
0.154882  0.866148
0.25704  0.248505
0.319889  0.14588
0.384592  0.0938251
0.451856  0.0642431
0.5188  0.0467529
0.6  0.0337221
0.683912  0.0253132
0.785236  0.0188451
0.891251  0.0144685
0.988553  0.0117318
1.20226  0.0079892
1.33352  0.00655677
1.51356  0.00518839
1.71791  0.00413867
1.94985  0.00332729
2.23872  0.00264424
2.5704  0.00211648
2.95121  0.00170594
3.42768  0.00136142
4  0.0010873
4.67735  0.000872374
5.55904  0.000689576
6.60693  0.00054925
7.94328  0.000434201
9.77237  0.000336077
12.3027  0.000255126
15.4882  0.000195216
19.2752  0.00015237
25.704  0.000110846
35.4813  7.82584e-05
52.4808  5.17338e-05
81.2831  3.28417e-05
147.911  1.77901e-05
295.121  8.84204e-06
1174.9  2.20614e-06
100000  2.5863e-08
-1  -1
0.000181   0.0 
0.000181  288063
0.000198  205040
0.000201837  191543
0.000226464  130133
0.000242661  104124
0.00025704  87033.6
0.000269154  75942.5
0.00028  68029
0.000291743  61117.8
0.000305492  54643.9
0.00032  49180.4
0.000335  44632.2
0.000350752  40793.8
0.000365  37978.4
0.000380189  35511.3
0.0004  32906.6
0.000421697  30615.3
0.00045  28233.8
0.00047863  26325.8
0.0005188  24223.4
0.000588844  21475
0.000785236  16520.8
0.000912011  14317.1
0.00104713  12450.2
0.0011749  11014.3
0.00135  9426.46
0.00154882  8015.71
0.00175792  6851.8
0.002  5799.28
0.00226464  4905.27
0.0025704  4107.55
0.00291743  3415.35
0.00331131  2819.48
0.00375837  2310.62
0.00421696  1915.94
0.00473151  1579.03
0.00537032  1267.48
0.00609537  1010.07
0.00691831  799.073
0.00785236  627.738
0.00891251  489.725
0.0101158  379.435
0.0114815  291.945
0.0130317  223.094
0.0149624  165.09
0.0171791  121.209
0.0197242  88.3061
0.0226464  63.8434
0.0260016  45.8178
0.03  32.255
0.0346737  22.4382
0.0402717  15.306
0.0473151  10.0597
0.0555904  6.56111
0.0668344  3.99328
0.081283  2.33692
0.104713  1.15935
0.2  0.189399
0.248313  0.103976
0.295121  0.0648662
0.342768  0.0433776
0.39355  0.0301214
0.446684  0.0217109
0.506991  0.0157612
0.568853  0.0118594
0.638263  0.00898514
0.716143  0.00685783
0.803526  0.00527501
0.881049  0.00429618
0.954993  0.00361173
1.03514  0.00305696
1.13501  0.002544
1.25893  0.00208404
1.41254  0.00168265
1.65959  0.00125893
1.88365  0.00100969
2.13796  0.000816099
2.45471  0.000651679
2.81838  0.000524061
3.23594  0.000424436
3.75837  0.000340329
4.4157  0.000270443
5.188  0.000216547
6.16595  0.000171971
7.4131  0.000135563
9.01571  0.000106132
10.8393  8.48689e-05
13.0317  6.82399e-05
16.4059  5.22868e-05
21.3796  3.88428e-05
28.8403  2.79823e-05
40.738  1.93295e-05
61.6595  1.25086e-05
103.514  7.32891e-06
186.209  4.02936e-06
371.535  2.00571e-06
1479.11  5.01112e-07
100000  7.3997e-09
-1  -1
0.00014391   0.0 
0.00014391  672508
0.0001446  650124
0.0001454  628468
0.000146218  610024
0.000147  595708
0.0001481  580992
0.0001488  569584
0.0001505  539464
0.000152  518052
0.000154  494164
0.000157  464504
0.000160324  437724
0.000164059  413169
0.00016788  392415
0.000172  373588
0.000178  350626
0.000188365  318372
0.000201837  284773
0.000213796  261201
0.000223872  245313
0.000237137  228570
0.00025704  208920
0.000291743  182944
0.000384592  138810
0.00044157  120175
0.000506991  103266
0.00057544  89191.7
0.000660693  75404.6
0.00075  64148
0.000851138  54244.9
0.000988553  44112.1
0.00115  35490.6
0.00131826  28964.2
0.00151356  23432.2
0.0017378  18837.9
0.002  14989.5
0.0023  11863.6
0.00263027  9418.12
0.003  7463.52
0.00342768  5858.23
0.0039355  4523.59
0.00451856  3466.81
0.005188  2635.52
0.00595662  1988.2
0.00683912  1488
0.00785236  1105.11
0.009  817.276
0.0102329  611.023
0.0116145  455.511
0.0133352  328.102
0.0153109  234.455
0.0175792  166.216
0.0201837  116.928
0.0231739  81.621
0.0266072  56.5482
0.0305492  38.8899
0.0350752  26.5528
0.040738  17.4285
0.0473151  11.3534
0.0555904  7.10031
0.0638264  4.71802
0.0767362  2.71301
0.0954993  1.39417
0.184077  0.184996
0.229087  0.094923
0.269153  0.0584446
0.312608  0.0375302
0.354813  0.0259777
0.4  0.018466
0.446684  0.0135812
0.501187  0.00992887
0.555904  0.00753887
0.616595  0.00576272
0.683912  0.00443671
0.758578  0.0034407
0.870964  0.00247045
0.933254  0.00210754
0.988553  0.0018573
1.07152  0.00157083
1.16145  0.00133778
1.2735  0.00112183
1.41254  0.000927956
1.71791  0.000654597
1.94985  0.000525926
2.23872  0.000417951
2.5704  0.000334536
2.95121  0.000269643
3.42768  0.000215187
4  0.00017186
4.67735  0.000137891
5.55904  0.000108995
6.60693  8.68139e-05
7.94328  6.86292e-05
9.77237  5.3119e-05
12.3027  4.03252e-05
15.3109  3.12686e-05
19.0546  2.43951e-05
25.704  1.75197e-05
35.4813  1.237e-05
52.4808  8.17695e-06
81.2831  5.19092e-06
147.911  2.81184e-06
295.121  1.39753e-06
1174.9  3.48707e-07
100000  4.0878e-09
-1  -1
6.873e-05   0.0 
6.873e-05  1.56204e+06
6.876e-05  1.61579e+06
6.89e-05  1.80524e+06
6.905e-05  2.04374e+06
6.925e-05  2.4306e+06
6.9412e-05  2.8152e+06
6.955e-05  3.20136e+06
6.9755e-05  3.9018e+06
6.998e-05  4.88516e+06
7.015e-05  5.81836e+06
7.022e-05  6.26301e+06
7.0403e-05  7.37105e+06
7.05e-05  7.99869e+06
7.1e-05  1.20069e+07
7.11e-05  1.27199e+07
7.22e-05  1.6593e+07
7.232e-05  1.67929e+07
7.357e-05  1.8742e+07
7.51e-05  1.98526e+07
7.52e-05  1.98637e+07
7.7e-05  1.91214e+07
7.76247e-05  1.82933e+07
7.78e-05  1.77359e+07
7.92e-05  1.56287e+07
7.95e-05  1.50611e+07
8e-05  1.42426e+07
8.06e-05  1.34022e+07
8.12831e-05  1.25916e+07
8.19e-05  1.19599e+07
8.27e-05  1.12479e+07
8.4e-05  1.02773e+07
8.57e-05  9.23328e+06
9.44061e-05  5.65203e+06
0.000102329  3.74223e+06
0.000108  2.86074e+06
0.000115  2.11152e+06
0.00012735  1.29634e+06
0.000136458  925487
0.000165  358965
0.00017378  278513
0.000182  223396
0.000188365  190621
0.000195  163514
0.0002  146912
0.000206  130508
0.000211349  118559
0.000216272  109406
0.000221309  101592
0.000226464  94959.6
0.00023187  89250.2
0.000237137  84716.2
0.000243  80664.8
0.000248313  77747.6
0.000254097  75247.1
0.000260016  73289
0.000267  71609.2
0.000273  70601.6
0.000281838  69678.8
0.000291743  69224.4
0.000301995  69191.8
0.000316228  69599
0.000380189  72868.5
0.00040738  73657.7
0.000435  73883.2
0.000462381  73592.5
0.000489779  72881.2
0.0005188  71737.5
0.00055  70156.8
0.00059  67810.8
0.000630957  65147.2
0.000676083  62068.6
0.000724436  58728.9
0.000785236  54627.6
0.000841395  50986.5
0.000912011  46728.6
0.000988553  42498
0.00107152  38392.5
0.0011749  33915.3
0.0013  29315.7
0.00142889  25368.3
0.00156675  21870.7
0.00169824  19096.8
0.00186209  16250
0.00204174  13732.7
0.00226464  11267.8
0.00251189  9171.86
0.00278612  7405.98
0.00305492  6082.1
0.00338844  4835.35
0.00375837  3813.67
0.00416869  2984.2
0.00462381  2317.11
0.00512861  1785.82
0.00568853  1366.44
0.00630957  1038.07
0.007  782.64
0.00776247  586.858
0.00870964  422.667
0.00977237  302.052
0.0109648  214.214
0.0123027  150.798
0.0138038  105.396
0.0154882  73.1492
0.0175792  48.5657
0.02  31.745
0.0226464  20.9251
0.0260016  13.0637
0.03  7.9573
0.0346737  4.77926
0.040738  2.68801
0.0484172  1.43957
0.0588844  0.703514
0.0767362  0.264595
0.130317  0.0371267
0.160325  0.0173305
0.190546  0.00924985
0.221309  0.00540435
0.254097  0.00331389
0.288403  0.0021314
0.327341  0.0013802
0.363078  0.000973758
0.4  0.00070766
0.44157  0.000515672
0.49545  0.000359602
0.555904  0.000252333
0.609537  0.000191275
0.668344  0.000145989
0.732824  0.000112251
0.851138  7.4116e-05
0.901571  6.35552e-05
0.944061  5.65268e-05
0.988553  5.05902e-05
1.03514  4.55946e-05
1.09648  4.03385e-05
1.16145  3.59366e-05
1.24452  3.1517e-05
1.34896  2.72404e-05
1.53109  2.18446e-05
1.8197  1.61e-05
2.01837  1.34867e-05
2.31739  1.07384e-05
2.66072  8.61021e-06
3.05492  6.95229e-06
3.54813  5.55846e-06
4.12097  4.47697e-06
4.84172  3.57348e-06
5.7544  2.82911e-06
6.83912  2.25659e-06
8.22243  1.78644e-06
10.1158  1.3846e-06
12.5892  1.06692e-06
15.6675  8.27654e-07
19.7242  6.37982e-07
26.3027  4.6438e-07
36.7282  3.24051e-07
54.325  2.1436e-07
85.1138  1.34558e-07
156.675  7.20843e-08
312.608  3.5844e-08
1244.52  8.94626e-09
100000  1.1111e-10
-1  -1
6.352e-05   0.0 
6.352e-05  2.33526e+06
6.356e-05  2.42096e+06
6.37e-05  2.6885e+06
6.385e-05  3.02223e+06
6.4e-05  3.41462e+06
6.415e-05  3.8729e+06
6.43e-05  4.4129e+06
6.45e-05  5.27873e+06
6.47e-05  6.35568e+06
6.493e-05  7.9215e+06
6.515e-05  9.83958e+06
6.54e-05  1.26806e+07
6.56e-05  1.56129e+07
6.57e-05  1.73518e+07
6.577e-05  1.85213e+07
6.6e-05  2.37495e+07
6.60693e-05  2.55326e+07
6.657e-05  3.2992e+07
6.71e-05  3.74857e+07
6.715e-05  3.77189e+07
6.78e-05  3.90634e+07
6.868e-05  3.90439e+07
7.08e-05  3.25138e+07
7.09e-05  3.25495e+07
7.24436e-05  2.7848e+07
7.56e-05  2.10231e+07
7.62e-05  1.98277e+07
7.69e-05  1.86349e+07
7.76247e-05  1.7565e+07
7.85236e-05  1.64119e+07
8e-05  1.48136e+07
8.2391e-05  1.27204e+07
8.81049e-05  9.05227e+06
9.8e-05  5.23304e+06
0.000104  3.88078e+06
0.000123027  1.70417e+06
0.000131826  1.20801e+06
0.000154  550712
0.000162181  426619
0.000169  350445
0.000174  306391
0.00018  263824
0.000185  235276
0.00019  211829
0.000195  192590
0.0002  176843
0.000204174  165908
0.00020893  155517
0.000213796  146807
0.000219  139288
0.000224  133514
0.000229087  128850
0.000235  124690
0.00024  122039
0.000245471  119883
0.000251189  118307
0.000258  117144
0.000266073  116530
0.000277  116608
0.000291743  117651
0.000346737  123008
0.000371535  124392
0.00039355  124813
0.00042  124387
0.000446684  123099
0.000473151  121183
0.000501187  118580
0.000537032  114642
0.00057544  110019
0.000616595  104803
0.000660693  99166.4
0.000715  92320.8
0.000767361  86063.2
0.000831764  78821.5
0.000901571  71683.4
0.000985  64081.8
0.00108393  56249
0.0011749  50062.6
0.0012735  44302.2
0.0014  38098.1
0.00155  32119.3
0.00171791  26797.3
0.00190546  22138.5
0.0020893  18548.4
0.00229087  15440.2
0.00251189  12770.2
0.00278612  10235.5
0.00305492  8351.08
0.00338844  6592.09
0.00375837  5162.41
0.00416869  4010.85
0.00462381  3091.96
0.00512861  2365.9
0.00568853  1797.28
0.00630957  1355.32
0.00707946  982.385
0.00785236  730.195
0.00870964  539.118
0.00977237  381.908
0.0109648  268.426
0.0123027  187.226
0.0138038  129.621
0.0154882  89.0879
0.017378  60.7958
0.0197242  39.626
0.0223872  25.6313
0.0254097  16.4579
0.0288403  10.4936
0.0327341  6.64133
0.0380189  3.83594
0.0446684  2.10685
0.054325  1.00886
0.0683912  0.420624
0.125892  0.0408163
0.153109  0.0194459
0.177828  0.0110986
0.204174  0.00666027
0.231739  0.00420159
0.260016  0.00278376
0.288403  0.00193462
0.319889  0.00135341
0.350752  0.0009915
0.384592  0.000731439
0.412098  0.000585424
0.451856  0.000438276
0.5  0.00032137
0.549541  0.000242077
0.60256  0.000185003
0.653131  0.000147242
0.707946  0.000117934
0.767362  9.50715e-05
0.860994  7.03564e-05
0.912011  6.0901e-05
0.966051  5.30889e-05
1.01158  4.78558e-05
1.07152  4.23203e-05
1.14815  3.67971e-05
1.23027  3.22189e-05
1.33352  2.77819e-05
1.79887  1.63663e-05
2.01837  1.34391e-05
2.31739  1.06985e-05
2.66072  8.5786e-06
3.05492  6.92759e-06
3.54813  5.53871e-06
4.12097  4.46105e-06
4.84172  3.56073e-06
5.7544  2.81905e-06
6.83912  2.24865e-06
8.22243  1.78013e-06
10.1158  1.37968e-06
12.5892  1.06305e-06
15.8489  8.13863e-07
20.1837  6.19593e-07
26.9154  4.51272e-07
37.5837  3.1507e-07
56.2341  2.06025e-07
90.1571  1.26366e-07
164.059  6.85472e-08
327.341  3.40957e-08
1303.17  8.51242e-09
100000  1.1072e-10
-1  -1
3.264e-05   0.0 
3.264e-05  456998
3.33e-05  434038
3.42768e-05  399488
3.55e-05  359072
3.71535e-05  310505
4.4e-05  176560
4.62381e-05  150379
4.84172e-05  130467
5.01187e-05  117957
5.188e-05  107266
5.37032e-05  98165.1
5.55904e-05  90440
5.7544e-05  83898.2
5.95662e-05  78366.4
6.16595e-05  73690.5
6.4e-05  69448.4
6.65e-05  65797
6.91831e-05  62632.8
7.24436e-05  59546.8
7.67362e-05  56346.6
8.22243e-05  53146.4
0.000112202  41820.3
0.000133352  36341.4
0.000153109  32278
0.000172  28992.6
0.000192753  25896.5
0.000223872  22132
0.00025704  19017.8
0.000291743  16426.6
0.000350752  13158.9
0.000402717  11066.2
0.00047863  8836.13
0.000562341  7105.92
0.000668344  5583.82
0.000794328  4353.36
0.000944061  3370.65
0.00116145  2461.36
0.00144544  1751.86
0.00184077  1194.29
0.00234423  808.078
0.00291743  563.497
0.00363078  389.968
0.00446684  273.033
0.0054325  193.517
0.00609537  157.318
0.00758578  105.176
0.00944061  69.7769
0.0120226  44.0267
0.0146218  30.1075
0.0175792  20.9019
0.0206538  15.0877
0.0248313  10.3071
0.0298538  6.98576
0.0358922  4.69801
0.0431519  3.13483
0.0512861  2.12998
0.0616595  1.39933
0.074131  0.912594
0.0870964  0.62386
0.108393  0.369193
0.139637  0.199437
0.260016  0.0431443
0.323594  0.0253396
0.384592  0.0167574
0.451856  0.0114743
0.5188  0.00835069
0.595662  0.00612131
0.683912  0.00452179
0.785236  0.00336668
0.891251  0.00258533
0.988553  0.0020964
1.1885  0.00145988
1.31826  0.00119738
1.5  0.00094247
1.69824  0.000754693
1.92752  0.000606306
2.2131  0.000481527
2.54097  0.000385195
2.91743  0.000310301
3.34965  0.000251757
3.89045  0.000202213
4.57088  0.000160965
5.4325  0.000127099
6.45654  0.000101134
7.76247  7.98741e-05
9.54993  6.17672e-05
12.0226  4.68428e-05
15.1356  3.58252e-05
18.6209  2.83023e-05
24.8313  2.0571e-05
34.2768  1.4511e-05
50  9.7268e-06
76.7361  6.228e-06
139.637  3.37094e-06
278.612  1.67462e-06
555.904  8.35379e-07
2213.09  2.09108e-07
100000  4.6217e-09
-1  -1
1.928e-05   0.0 
1.928e-05  3.27666e+07
1.95e-05  3.03518e+07
1.99e-05  2.66926e+07
2.02e-05  2.44048e+07
2.06538e-05  2.15157e+07
2.11e-05  1.91837e+07
2.16272e-05  1.69377e+07
2.21309e-05  1.51652e+07
2.27e-05  1.35059e+07
2.34423e-05  1.17542e+07
2.42661e-05  1.02053e+07
2.5193e-05  8.82036e+06
2.61e-05  7.73482e+06
2.73e-05  6.59366e+06
2.85102e-05  5.68881e+06
3.01995e-05  4.71324e+06
3.23e-05  3.81542e+06
3.50752e-05  2.96998e+06
4e-05  2.01316e+06
4.89779e-05  1.11015e+06
7.4131e-05  322464
8.70964e-05  200642
0.000102329  125795
0.00011749  84953.4
0.000131826  61698.5
0.000146218  46585.6
0.000160324  36540.4
0.00017378  29740
0.000186209  25085.9
0.0002  21183.4
0.000215  17994.3
0.00023  15563.2
0.000245471  13619.8
0.000263027  11907.3
0.000281838  10493.3
0.000301995  9319.42
0.000323594  8340.37
0.00035  7410.32
0.000380189  6591.19
0.000416869  5833
0.000462381  5125.36
0.000530884  4352.88
0.000831764  2622.22
0.00101158  2088.9
0.00120226  1696
0.00141254  1386.04
0.00165959  1124.15
0.00192753  918.775
0.00223872  745.342
0.0025704  610.162
0.00295121  495.964
0.00338844  400.123
0.00358922  364.634
0.00412097  289.069
0.00473151  227.543
0.00549541  174.29
0.00683912  116.935
0.00794328  88.3498
0.00901571  69.2214
0.0101158  55.0814
0.0114815  42.3932
0.0130317  32.3865
0.0147911  24.5695
0.0169824  18.0462
0.0194985  13.1542
0.0223872  9.51603
0.025704  6.83388
0.0295121  4.87308
0.0342768  3.35201
0.04  2.26058
0.0467735  1.50494
0.0549541  0.982333
0.0645654  0.636741
0.0785236  0.373057
0.0988553  0.197244
0.201837  0.0267673
0.248313  0.0150743
0.295121  0.00940426
0.342768  0.00628881
0.39355  0.00436693
0.446684  0.00314766
0.506991  0.00228514
0.568853  0.00171948
0.638263  0.00130275
0.716143  0.000994315
0.803526  0.000764849
0.881049  0.000622995
0.954993  0.000523787
1.03514  0.000443351
1.13501  0.000368967
1.25893  0.00030226
1.41254  0.000244031
1.64059  0.000186352
1.86209  0.000149366
2.11349  0.00012063
2.42661  9.62637e-05
2.78612  7.73724e-05
3.19889  6.263e-05
3.71535  5.01906e-05
4.31519  4.05124e-05
5.06991  3.2405e-05
6.0256  2.57082e-05
7.24436  2.02453e-05
8.81049  1.58354e-05
10.5925  1.26531e-05
12.735  1.01668e-05
16.0325  7.78522e-06
20.4174  5.92923e-06
27.227  4.31978e-06
38.0189  3.01682e-06
56.8853  1.97314e-06
92.2571  1.19619e-06
165.959  6.5671e-07
331.131  3.26678e-07
1318.26  8.15637e-08
100000  1.0732e-09
-1  -1
1.414e-05   0.0 
1.414e-05  7.82806e+07
1.44e-05  7.05008e+07
1.48e-05  6.07836e+07
1.53109e-05  5.09557e+07
1.59e-05  4.22392e+07
1.64059e-05  3.63862e+07
1.69824e-05  3.10576e+07
1.77e-05  2.58819e+07
1.85e-05  2.14746e+07
1.92753e-05  1.8173e+07
2.01837e-05  1.5165e+07
2.11349e-05  1.27292e+07
2.23872e-05  1.02991e+07
2.37137e-05  8.38812e+06
2.54097e-05  6.60434e+06
2.75423e-05  5.03716e+06
3.01995e-05  3.72592e+06
3.34965e-05  2.67423e+06
3.80189e-05  1.7978e+06
4.2658e-05  1.2616e+06
4.73151e-05  923507
5.188e-05  704874
5.62341e-05  560348
6.0256e-05  463123
6.5e-05  378418
7e-05  312960
7.5e-05  264142
8.03526e-05  224618
8.60994e-05  192422
9.12011e-05  170201
9.66051e-05  151410
0.000103514  132542
0.000110918  116930
0.00011984  102447
0.000130317  89514.7
0.000142889  77791.7
0.000156675  68101.2
0.000172  59906.8
0.000192753  51613.3
0.00023  41369.2
0.00039355  21496.7
0.000467735  17293.8
0.000555904  13809.9
0.000668344  10777.6
0.000776247  8746.83
0.000912011  6932.39
0.00107152  5457.65
0.00124452  4337.61
0.00147911  3301.82
0.00179887  2408.56
0.00211349  1844.18
0.00245471  1428.72
0.00275423  1166.98
0.00316228  906.352
0.00363078  698.932
0.00421696  523.438
0.00489779  389.111
0.0057544  280.535
0.00683912  196.162
0.00776247  149.86
0.00860994  119.418
0.00977237  89.802
0.0112202  65.3225
0.0128825  47.1498
0.0147911  33.7649
0.0169824  23.986
0.0194985  16.9062
0.0223872  11.824
0.025704  8.20719
0.0295121  5.65475
0.0338844  3.86766
0.039355  2.54313
0.0457088  1.6593
0.0537032  1.03938
0.0623735  0.668565
0.0749894  0.38513
0.0922571  0.20539
0.114815  0.105027
0.18197  0.0254322
0.229087  0.0125984
0.269153  0.00775763
0.312608  0.00498202
0.354813  0.00344876
0.4  0.0024518
0.446684  0.0018035
0.501187  0.00131877
0.555904  0.00100155
0.616595  0.000765773
0.683912  0.000589713
0.758578  0.000457465
0.860994  0.000337704
0.922571  0.000287876
0.977237  0.000253463
1.04713  0.000219257
1.13501  0.000186401
1.24452  0.000155992
1.38038  0.000128803
1.69824  8.89342e-05
1.92752  7.14055e-05
2.18776  5.77879e-05
2.51189  4.62002e-05
2.88403  3.71957e-05
3.31131  3.01603e-05
3.84592  2.42113e-05
4.51856  1.92618e-05
5.30884  1.54387e-05
6.30957  1.22725e-05
7.58578  9.68361e-06
9.22571  7.58804e-06
11.3501  5.90731e-06
14.2889  4.50779e-06
18  3.4624e-06
24  2.5147e-06
32.7341  1.79543e-06
47.3151  1.21383e-06
71.6143  7.8768e-07
128.825  4.30962e-07
257.04  2.13914e-07
512.861  1.06656e-07
4073.8  1.33681e-08
100000  5.4425e-10
-1  -1
3.8e-06   0.0 
3.8e-06  2.29496e+06
4.21696e-06  1.62037e+06
4.62381e-06  1.19901e+06
5.01187e-06  927202
5.4325e-06  721586
5.88844e-06  565513
6.38263e-06  446127
6.91831e-06  354189
7.5e-06  282863
8.22243e-06  220591
9.01571e-06  173166
1e-05  132915
1.13501e-05  96948.2
1.33352e-05  65383.5
2.16272e-05  20367.1
2.45471e-05  15105.7
2.69153e-05  12229.3
2.88403e-05  10507.5
3.05492e-05  9316.59
3.23594e-05  8314.01
3.42768e-05  7468.93
3.63078e-05  6757.93
3.80189e-05  6276.95
4e-05  5826.44
4.22e-05  5426.18
4.46684e-05  5066.47
4.73151e-05  4755.06
5.01187e-05  4490.69
5.4325e-05  4181.32
7e-05  3383.97
7.67362e-05  3109.35
8.41395e-05  2839.03
9.12011e-05  2601.07
0.000101158  2307.16
0.000112202  2028.76
0.000151356  1380.36
0.000184077  1090.67
0.000248313  763.862
0.000288403  635.138
0.000305492  589.662
0.00040738  398.629
0.000489779  311.911
0.000549541  265.572
0.000638263  213.839
0.000851138  140.223
0.000966051  115.69
0.00131826  71.3914
0.00169824  47.8315
0.00190546  39.7493
0.00201837  35.9695
0.00327341  16.1511
0.00402717  11.387
0.0049545  7.9385
0.0060256  5.60586
0.00732824  3.92896
0.00891251  2.73335
0.0108393  1.88759
0.0131826  1.29387
0.0160325  0.880081
0.0192753  0.607884
0.0231739  0.41632
0.0278612  0.282986
0.0331131  0.195665
0.0398107  0.131003
0.047863  0.0870282
0.0568853  0.0588727
0.0683912  0.0385159
0.0822243  0.0250147
0.101158  0.0152526
0.128825  0.00849288
0.160325  0.00496971
0.251189  0.00164346
0.316228  0.000938145
0.375837  0.000620167
0.44157  0.000424546
0.506991  0.000308953
0.582103  0.000226544
0.660694  0.000171664
0.749894  0.000131021
0.841395  0.000103206
0.954993  7.99791e-05
1.1885  5.20943e-05
1.34896  4.09014e-05
1.51356  3.30411e-05
1.69824  2.68928e-05
1.92752  2.16071e-05
2.2131  1.71591e-05
2.54097  1.37261e-05
2.91743  1.10576e-05
3.34965  8.97161e-06
3.89045  7.20623e-06
4.57088  5.73618e-06
5.37032  4.60008e-06
6.38263  3.65857e-06
7.67361  2.88813e-06
9.33254  2.26409e-06
11.6145  1.73929e-06
14.7911  1.31098e-06
18.4077  1.02174e-06
24.5471  7.42392e-07
33.8844  5.23562e-07
48.9779  3.54232e-07
74.9894  2.27289e-07
136.458  1.22986e-07
272.27  6.10803e-08
543.25  3.04657e-08
4315.19  3.81912e-09
100000  1.647e-10
-1  -1
-2   0.0 
-2  -2
