% -----------------------------------------------------------------------
%   Program Name: pe-ss-cs-62.dat 
%   Author: the Geant4 Collaboration
%   Organization: the Geant4 Collaboration
%   Version: unknown
%   Date: circa 2006
%   Class: Public
%   Copyright (c) Copyright Holders of the Geant4 Collaboration, 1994-2006.
%   See http://cern.ch/geant4/license for details on the copyright holders.
%   All rights not expressly granted under this license are reserved.
% -----------------------------------------------------------------------
0.046876   0.0 
0.046876  4151.5
0.0476  4004
0.048  3918.9
0.0486  3807.22
0.0496  3601.92
0.05188  3222.66
0.0568853  2530.38
0.0623735  1994.72
0.0691831  1516.86
0.0870964  815.512
0.109648  433.583
0.142889  207.824
0.216272  65.5264
0.265  37.4672
0.301995  26.2895
0.346737  18.192
0.39355  13.0662
0.44721  9.42562
0.501187  7.09797
0.562341  5.36898
0.623735  4.20454
0.683912  3.40534
0.767362  2.63726
0.860994  2.05818
0.966051  1.61678
1.07152  1.3132
1.21619  1.02578
1.36458  0.825796
1.53109  0.669542
1.7378  0.535645
1.97242  0.431665
2.23872  0.350384
2.54097  0.286587
2.91743  0.231976
3.38844  0.185952
3.9355  0.150192
4.62381  0.120232
5.49541  0.0954823
6.53131  0.0764015
7.94328  0.0598192
9.66051  0.0471856
12.1619  0.035982
15.6675  0.0269411
20.1837  0.0203172
26.6073  0.0150351
41.2097  0.00943613
66.8344  0.00570404
121.619  0.00308877
242.661  0.00153402
484.172  0.000765351
3845.92  9.59403e-05
100000  3.6887e-06
-1  -1
0.0077023   0.0 
0.0077023  16129.5
0.00783  15567.3
0.00803526  14949.4
0.00851138  13587.9
0.00922571  11777.2
0.01  10254.5
0.0108  8902.06
0.0116145  7760.04
0.0123027  6975.57
0.0158489  4235.88
0.018  3257.52
0.0204174  2501.75
0.0242661  1720.67
0.027227  1331.93
0.0315  956.908
0.0371535  651.68
0.0436516  443.854
0.0512861  299.76
0.0609537  195.135
0.0724436  125.953
0.0860994  80.6869
0.104713  48.3275
0.130317  27.0324
0.245471  4.93981
0.298538  2.94159
0.350752  1.93208
0.402717  1.35669
0.457088  0.987787
0.5188  0.724731
0.582103  0.5508
0.645654  0.432977
0.724436  0.334288
0.812831  0.260012
0.933254  0.193978
1.01158  0.164474
1.14815  0.128047
1.28825  0.10268
1.44544  0.0829682
1.64059  0.0661424
1.86209  0.0531293
2.11349  0.0429739
2.39883  0.0350278
2.7227  0.0287603
3.16228  0.0229703
3.67282  0.0184893
4.31519  0.0147529
5.06991  0.0118592
6.0256  0.00945675
7.24436  0.00748654
8.81049  0.0058851
11  0.0045169
13.6458  0.00351892
17.378  0.00267775
23.7137  0.00190123
30.5492  0.00144784
43.6516  0.000991771
70.7946  0.000600131
131.826  0.000317697
263.027  0.000157875
1047.13  3.94072e-05
16595.9  2.48215e-06
100000  4.1184e-07
-1  -1
0.0073182   0.0 
0.0073182  31973
0.007388  31216.6
0.0075  30268
0.0076  29318
0.008  25758
0.0093  17355
0.0103514  12975
0.0120226  8570.6
0.014  5598.2
0.0171791  3101.6
0.0192753  2210.8
0.0226464  1368.8
0.0275423  756.85
0.0338844  399.95
0.0412098  217.15
0.0506991  112.89
0.0653131  50.37
0.124452  6.37057
0.156675  3.06442
0.190546  1.65714
0.223872  1.00589
0.260016  0.637449
0.298538  0.421463
0.338844  0.290543
0.380189  0.208595
0.42658  0.150864
0.47863  0.109934
0.537032  0.0807421
0.595662  0.0616036
0.66237  0.0470499
0.732824  0.0367179
0.812831  0.0286843
0.933254  0.0208146
0.988553  0.0183075
1.05925  0.0158212
1.13501  0.0137639
1.23027  0.0117824
1.34896  0.00994057
1.65959  0.00688346
1.90546  0.00542287
2.13796  0.00447545
2.42661  0.00365084
2.75423  0.00299975
3.19889  0.0023975
3.71535  0.00193094
4.36516  0.00154162
5.12861  0.0012399
6.09537  0.000989195
7.32824  0.000783431
8.91251  0.000616118
11.0917  0.000474864
13.8038  0.000368697
17.7828  0.000277048
24  0.00019922
31.2608  0.000149972
43.6516  0.000105289
70.7946  6.37103e-05
131.826  3.37262e-05
263.027  1.67605e-05
1047.13  4.18354e-06
16595.9  2.63503e-07
100000  4.3721e-08
-1  -1
0.0067079   0.0 
0.0067079  69288.9
0.00684  66428.4
0.00696  63667.2
0.00732824  55574.4
0.00860994  35778.4
0.00944061  27582.5
0.0112202  16790.7
0.0130317  10875.7
0.0162181  5650.17
0.0186209  3703.23
0.0211349  2504.18
0.0254097  1404.1
0.0305492  779.829
0.0367282  429.375
0.044157  234.597
0.054325  117.916
0.0691831  52.4063
0.134896  5.48658
0.165  2.79214
0.194985  1.60643
0.226464  0.986081
0.25704  0.656725
0.288403  0.45677
0.323594  0.319956
0.358922  0.233861
0.398107  0.172128
0.44157  0.127644
0.484172  0.0985411
0.530884  0.076573
0.582103  0.0599056
0.638263  0.0472048
0.699842  0.0374631
0.767362  0.0299407
0.860994  0.0227861
0.922571  0.0194629
0.988553  0.0167436
1.07152  0.0141779
1.1749  0.0118137
1.28825  0.00991831
1.42889  0.00821185
1.69824  0.00604796
1.92752  0.00486532
2.18776  0.003943
2.48313  0.00322059
2.85102  0.00260346
3.31131  0.00208442
3.84592  0.00168166
4.51856  0.00134479
5.37032  0.00106685
6.38263  0.000852811
7.76247  0.000667093
9.44061  0.00052576
11.885  0.000400599
15.3109  0.000299695
20  0.00022247
26.6073  0.000162973
41.2097  0.000102285
66.8344  6.18305e-05
120.226  3.38767e-05
239.883  1.68228e-05
478.63  8.39278e-06
1905.46  2.10082e-06
100000  3.9985e-08
-1  -1
0.0017001   0.0 
0.0017001  47702.3
0.00179887  44758.8
0.00203  38202.8
0.00216272  34897.1
0.00251189  28017.8
0.0029  22563.8
0.00316228  19631.3
0.00380189  14484.7
0.0042658  11874.2
0.0049545  9122.68
0.006  6431.4
0.00691831  4920.22
0.00794328  3774.23
0.00944061  2687.97
0.0112202  1897.91
0.0133352  1329.12
0.0158  929.202
0.0184077  668.494
0.0215  475.058
0.0251189  335.062
0.0295121  231.656
0.0346737  158.956
0.040738  108.28
0.048  72.7128
0.0568853  47.7747
0.0676083  30.9345
0.081283  19.303
0.0988553  11.6011
0.124452  6.31825
0.158489  3.31612
0.234423  1.16176
0.288403  0.671054
0.342768  0.427621
0.398107  0.291512
0.451856  0.212272
0.512861  0.155683
0.57544  0.118257
0.638263  0.0929267
0.716143  0.0716138
0.803526  0.0556131
0.891251  0.044562
0.977237  0.0368434
1.10918  0.0286402
1.25893  0.0224213
1.41254  0.0180859
1.58489  0.01469
1.79887  0.0117761
2.044  0.00949013
2.31739  0.00773338
2.63027  0.00633744
3.01995  0.00513926
3.50752  0.00412687
4.0738  0.00333866
4.7863  0.00267693
5.68853  0.00212916
6.76083  0.00170608
8.22243  0.00133764
10.1158  0.00104204
12.5892  0.000806537
16.0325  0.000612483
20.6538  0.000462121
27.8612  0.00033372
42.6579  0.000212299
69.1831  0.000128412
127.35  6.87572e-05
254.097  3.41604e-05
1011.58  8.52445e-06
16032.5  5.36876e-07
100000  8.6054e-08
-1  -1
0.0015319   0.0 
0.0015319  76633
0.00155  75898.5
0.001608  72890.8
0.0017  68884
0.0018  64578.4
0.0019  60279.4
0.00207  53700.4
0.00226464  47264
0.00242661  42596.2
0.00263027  37471.1
0.00281838  33342.1
0.00323594  26180.5
0.0035  22663.8
0.004  17524.6
0.00436516  14727
0.00489779  11604.5
0.0054325  9311.37
0.00616595  7043.93
0.00683912  5571.66
0.0078  4101.14
0.00870964  3148.72
0.0098  2358.04
0.0112202  1677.89
0.012735  1210.96
0.0145  860.522
0.0165959  598.569
0.0190546  409.637
0.0218776  278.224
0.0251189  187.633
0.0291743  121.55
0.0342768  75.5467
0.040738  45.012
0.0489779  25.6928
0.06  13.7369
0.0767362  6.37539
0.144544  0.870628
0.179887  0.440403
0.206538  0.287899
0.25704  0.148558
0.295121  0.0985053
0.334965  0.0680433
0.380189  0.0473494
0.42658  0.0342981
0.47863  0.0250327
0.530884  0.0189914
0.588844  0.0145098
0.653131  0.0111618
0.724436  0.00864755
0.841395  0.00604637
0.901571  0.00515086
0.966051  0.00441735
1.02329  0.00391089
1.10918  0.00332024
1.21619  0.00277422
1.33352  0.00233591
1.51356  0.00186096
1.7378  0.00145884
1.97242  0.00117505
2.23872  0.000953739
2.54097  0.000780039
2.91743  0.000631346
3.38844  0.000506077
3.9355  0.000408754
4.62381  0.00032721
5.49541  0.000259852
6.53131  0.000207924
7.94328  0.000162798
9.66051  0.000128418
12.0226  9.92405e-05
15.4882  7.42741e-05
20.1837  5.52939e-05
26.9154  4.04102e-05
41.6869  2.53712e-05
67.6083  1.53403e-05
123.027  8.30786e-06
245.471  4.12651e-06
489.779  2.05892e-06
3890.45  2.58109e-07
100000  1.0039e-08
-1  -1
0.0014077   0.0 
0.0014077  202812
0.00147911  189817
0.00156675  176632
0.00165959  163397
0.00177828  147482
0.002  122846
0.00222  103513
0.0024  90458.8
0.0025704  79893.6
0.00301995  59039.1
0.00327341  50389.4
0.00380189  37104
0.00416869  30529.3
0.0048  22419
0.00530884  17850.1
0.0060256  13304.7
0.0068  9962.56
0.00758578  7621.56
0.00860994  5544.73
0.00977237  4000.93
0.0109648  2954.45
0.0124452  2101.75
0.0142889  1437.48
0.0164059  974.923
0.0188365  655.827
0.0216272  437.708
0.0248313  289.936
0.0285102  190.716
0.0331131  120.236
0.0389045  72.5647
0.0457088  43.4618
0.0549541  23.9925
0.0668344  12.6595
0.0851138  5.69705
0.147911  0.907084
0.179887  0.476247
0.213796  0.271678
0.245471  0.174543
0.278612  0.117159
0.312608  0.0821046
0.350752  0.0579655
0.389045  0.0426612
0.431519  0.031612
0.47863  0.0236039
0.524807  0.0183385
0.57544  0.0143486
0.630957  0.0113051
0.691831  0.00896914
0.758578  0.00716467
0.860994  0.00530365
0.922571  0.00452921
0.988553  0.00389576
1.07152  0.00329853
1.1749  0.00274837
1.28825  0.00230746
1.42889  0.00191058
1.69824  0.0014074
1.94985  0.00111033
2.18776  0.000917229
2.48313  0.000749143
2.81838  0.000616321
3.27341  0.000493201
3.80189  0.000397684
4.46684  0.000317842
5.30884  0.000252013
6.30957  0.000201354
7.67361  0.000157434
9.33254  0.000124024
11.6145  9.57396e-05
14.7911  7.25063e-05
19.4984  5.32295e-05
25.704  3.93623e-05
35.4813  2.78844e-05
47.863  2.03478e-05
75.8578  1.26264e-05
142.889  6.61195e-06
285.102  3.28786e-06
1135.01  8.21096e-07
100000  9.303e-09
-1  -1
0.0011129   0.0 
0.0011129  460847
0.001145  483440
0.00117  499421
0.001175  500841
0.001202  521175
0.00122  530960
0.00123027  535314
0.00124452  539297
0.00125  539929
0.001274  537223
0.00130317  525705
0.00131826  514803
0.00146218  401040
0.00160325  318591
0.00175792  251145
0.00195  190392
0.00218776  138576
0.00237137  110528
0.00260016  84611.9
0.00295121  58270.3
0.0033  41544.4
0.00371535  28849.4
0.00416869  20074.2
0.00467735  13889.1
0.00537032  8840.19
0.006  6108.96
0.0068  3998.29
0.00785236  2433.27
0.00901571  1497.38
0.0102329  952.667
0.0116145  602.155
0.0131826  378.163
0.015  233.781
0.0171791  140.122
0.0197242  82.6325
0.0231739  44.279
0.0275423  22.5039
0.0331131  10.8444
0.040738  4.73214
0.0530884  1.62548
0.0870964  0.219095
0.108393  0.0909594
0.128825  0.0457543
0.151356  0.0242607
0.175792  0.0135616
0.201837  0.00798807
0.229087  0.00495227
0.25704  0.00322835
0.288403  0.0021196
0.323594  0.00140226
0.358922  0.000973926
0.398107  0.000681674
0.436516  0.000500146
0.47863  0.000369366
0.530884  0.000264568
0.582103  0.000198104
0.616595  0.000166141
0.668344  0.000130758
0.732824  0.000100163
0.803526  7.71457e-05
0.860994  6.30388e-05
0.912011  5.3645e-05
0.954993  4.74547e-05
1  4.22846e-05
1.04713  3.7988e-05
1.09648  3.43731e-05
1.14815  3.12944e-05
1.21619  2.80311e-05
1.30317  2.47435e-05
1.42889  2.1131e-05
1.51356  1.91843e-05
1.86209  1.33582e-05
2.06538  1.12136e-05
2.34423  9.12682e-06
2.66072  7.48444e-06
3.05492  6.0735e-06
3.54813  4.88005e-06
4.16869  3.88741e-06
4.89779  3.12012e-06
5.82103  2.48418e-06
7  1.9633e-06
8.51138  1.54167e-06
10.5925  1.18631e-06
13.1826  9.19622e-07
16.5959  7.08316e-07
21.6272  5.28171e-07
29.1743  3.8196e-07
43.1519  2.52174e-07
69.9842  1.52565e-07
128.825  8.16983e-08
257.04  4.05946e-08
1023.29  1.01305e-08
16218.1  6.38065e-10
100000  1.0346e-10
-1  -1
0.0010858   0.0 
0.0010858  1.07006e+06
0.00122  904995
0.00145  592477
0.00158489  472817
0.0017378  371447
0.00190546  289705
0.00206538  231816
0.0023  171251
0.00251189  132476
0.00288403  87939.2
0.00316228  66435.1
0.00358922  44894.3
0.0040738  30055
0.00451856  21520.5
0.005188  13661.4
0.00582103  9282.4
0.00653131  6268.07
0.0075  3877.41
0.00860994  2379.38
0.0098  1493.41
0.0110917  950.114
0.0124452  620.394
0.0141254  385.714
0.0160325  238.256
0.018197  146.245
0.020893  85.3025
0.0245471  45.1057
0.0288403  23.668
0.0346737  11.2331
0.042658  4.81383
0.054325  1.77646
0.0901571  0.218342
0.109648  0.0977239
0.128825  0.050753
0.149624  0.0278274
0.169824  0.0168472
0.192752  0.0102761
0.201837  0.0086107
0.234423  0.00489617
0.260016  0.00333282
0.288403  0.00228549
0.319889  0.00157818
0.350752  0.00114374
0.380189  0.000868868
0.40738  0.000690687
0.44157  0.00053273
0.47863  0.000413588
0.524807  0.00031185
0.57544  0.000236837
0.638263  0.000175141
0.691831  0.000139463
0.74448  0.000114173
0.803526  9.35038e-05
0.860994  7.84205e-05
0.912011  6.80921e-05
0.966051  5.95052e-05
1.022  5.25532e-05
1.08393  4.64692e-05
1.16145  4.04936e-05
1.25893  3.47496e-05
1.38038  2.93896e-05
1.75792  1.92032e-05
2  1.54118e-05
2.26464  1.25679e-05
2.5704  1.02857e-05
2.95121  8.33018e-06
3.42768  6.6813e-06
4  5.3637e-06
4.67735  4.32459e-06
5.55904  3.43611e-06
6.60693  2.75081e-06
8.03526  2.15472e-06
9.77237  1.70037e-06
12.3027  1.29716e-06
15.8489  9.71623e-07
20.4174  7.32927e-07
27.227  5.35774e-07
42.1696  3.36505e-07
68.3912  2.03496e-07
124.451  1.10229e-07
248.313  5.47554e-08
495.45  2.7321e-08
3935.5  3.42521e-09
100000  1.3476e-10
-1  -1
0.00034277   0.0 
0.00034277  112090
0.000382  105095
0.000457088  90848.3
0.000489779  85460.1
0.000524808  79632.6
0.000609537  67707.5
0.000660693  61615.6
0.00075  52530.8
0.000831764  45882.1
0.000922571  39763.5
0.00105925  32620.7
0.00120226  26984.5
0.00136458  22194.5
0.00160325  17149.1
0.00186209  13394.2
0.00216272  10393.8
0.00254097  7855.79
0.00301995  5779.26
0.00363078  4134.84
0.0044157  2875.08
0.00537032  1984.1
0.00653131  1359.02
0.00785236  944.755
0.00944061  651.754
0.0112202  456.861
0.0134896  310.332
0.0160325  214.387
0.0190546  147.03
0.0226464  100.068
0.0269154  67.5746
0.0316228  46.5063
0.0375837  30.9194
0.0446684  20.3951
0.0524807  13.7327
0.0623735  8.92083
0.0749894  5.58788
0.0881049  3.68642
0.109648  2.07902
0.144544  0.999425
0.237137  0.265498
0.291743  0.153439
0.346737  0.0978409
0.4  0.0679048
0.457088  0.04864
0.5188  0.0357037
0.582103  0.0271476
0.653131  0.020794
0.732824  0.016049
0.831764  0.0121741
0.922571  0.00977969
1.01158  0.00810735
1.16145  0.00617492
1.30317  0.00495503
1.46218  0.00400501
1.64059  0.00325999
1.86209  0.00261872
2.11349  0.00211804
2.39883  0.00172633
2.7227  0.00141747
3.16228  0.00113216
3.67282  0.000911323
4.31519  0.00072717
5.06991  0.000584535
6.0256  0.000466104
7.24436  0.000368996
8.81049  0.000290068
11  0.00022263
13.8038  0.000171173
17.7828  0.00012863
24.2661  9.13952e-05
31.2608  6.96309e-05
43.6516  4.88836e-05
70.7946  2.95793e-05
131.826  1.56587e-05
263.027  7.78148e-06
1047.13  1.94234e-06
16595.9  1.22344e-07
100000  2.0299e-08
-1  -1
0.00027743   0.0 
0.00027743  90003.3
0.000312608  88223.3
0.000389045  84627
0.00042658  82461.5
0.00046  80221
0.00049545  77513.7
0.000530884  74538.2
0.000568853  71165.9
0.00062  66686.2
0.00067  62462.6
0.000724436  58037.1
0.0008  52428.4
0.000870964  47719.5
0.000954993  42765.3
0.00105925  37524.6
0.00116145  33165.3
0.0013  28289.8
0.00144544  24165.5
0.00160325  20580.5
0.00179887  17082.5
0.00201837  14073.8
0.00226464  11510.6
0.00254097  9348.26
0.00288403  7378.84
0.00327341  5778.53
0.00375837  4387.31
0.00431519  3301.47
0.00489779  2524.16
0.00555904  1915.66
0.0063  1447.82
0.00707946  1107.9
0.008  831.248
0.00912011  606.178
0.0103514  443.364
0.011749  321.976
0.0133352  232.21
0.0153109  161.335
0.0175792  111.234
0.0201837  76.1215
0.0231739  51.7141
0.0269154  33.7586
0.0312608  21.8708
0.0367282  13.5945
0.0436516  8.10307
0.05188  4.79459
0.0638264  2.53247
0.0831764  1.11058
0.146218  0.189794
0.18197  0.0962919
0.218776  0.0547615
0.254097  0.0348468
0.291743  0.0231132
0.331131  0.0159687
0.375837  0.0111127
0.421696  0.00804985
0.473151  0.00587419
0.530884  0.0043191
0.588844  0.00329763
0.653131  0.00253653
0.724436  0.00196567
0.841395  0.00137463
0.901571  0.00117086
0.966051  0.00100399
1.02329  0.000888829
1.10918  0.000754561
1.21619  0.00063047
1.33352  0.000530895
1.51356  0.000422999
1.7378  0.000331609
1.97242  0.000267095
2.23872  0.00021678
2.54097  0.000177299
2.91743  0.000143506
3.38844  0.000115035
3.9355  9.29149e-05
4.62381  7.43796e-05
5.49541  5.90683e-05
6.53131  4.7264e-05
7.94328  3.70054e-05
9.66051  2.919e-05
12.1619  2.22592e-05
15.6675  1.66661e-05
20.1837  1.25687e-05
26.9154  9.18579e-06
41.6869  5.76731e-06
67.6083  3.48698e-06
123.027  1.88849e-06
245.471  9.37996e-07
489.779  4.6801e-07
3890.45  5.86702e-08
100000  2.2819e-09
-1  -1
0.00025006   0.0 
0.00025006  317720
0.000295121  296870
0.000328  283013
0.000363078  268354
0.0004  252810
0.000436516  237614
0.00047  223990
0.000506991  209345
0.000555904  191433
0.00060256  175972
0.000653131  160705
0.000724436  141926
0.000794328  126234
0.000881049  109804
0.000977237  94845.8
0.00109648  79938.4
0.00121619  68068.2
0.00136458  56521.6
0.00153109  46581.7
0.00171791  38117.6
0.00195  30327.9
0.00222  23799.3
0.00251189  18747.4
0.00281838  14911.8
0.00316228  11788.5
0.00354813  9263.48
0.00402717  7056.3
0.00457088  5336.25
0.005188  4006.07
0.00582103  3067.16
0.00660693  2270.53
0.00750181  1666.5
0.00851138  1216.08
0.00966051  879.822
0.0109648  631.817
0.0124452  450.49
0.0141254  318.96
0.0160325  224.29
0.0184077  151.589
0.0211349  101.658
0.0242661  67.6594
0.0278612  44.7078
0.031989  29.337
0.0371535  18.4501
0.0436516  11.1092
0.05188  6.39926
0.0623735  3.52515
0.0767362  1.78817
0.104713  0.639499
0.153109  0.181506
0.186209  0.0955253
0.221309  0.0546336
0.254097  0.0351933
0.288403  0.0236861
0.323594  0.0166403
0.363078  0.0117785
0.402717  0.00869232
0.446684  0.00646359
0.49545  0.00484391
0.54325  0.00377436
0.6  0.00290545
0.660694  0.00227237
0.724436  0.00180942
0.812831  0.0013732
0.881049  0.00113675
0.944061  0.000973192
1  0.000859943
1.08393  0.000728983
1.1885  0.000607999
1.28825  0.000521941
1.42889  0.000432132
1.69824  0.000318268
1.92752  0.000256034
2.18776  0.000207488
2.48313  0.000169472
2.85102  0.000136999
3.31131  0.000109689
3.84592  8.84949e-05
4.51856  7.07658e-05
5.37032  5.61397e-05
6.38263  4.48773e-05
7.76247  3.51048e-05
9.44061  2.76673e-05
11.885  2.10806e-05
15.3109  1.57708e-05
20  1.1707e-05
26.0016  8.79291e-06
37.1535  6.00563e-06
53.7032  4.08175e-06
87.0964  2.47806e-06
165.959  1.28493e-06
331.131  6.39662e-07
1318.26  1.59846e-07
100000  2.1041e-09
-1  -1
0.0001414   0.0 
0.0001414  388589
0.0001421  412448
0.000145  540432
0.0001458  578884
0.00014672  621811
0.0001475  655976
0.0001482  684036
0.000149  712388
0.0001497  733428
0.0001505  752760
0.000151356  767678
0.000152  774984
0.0001528  779728
0.0001538  779460
0.000154882  772477
0.000156  759408
0.000157  743884
0.0001585  715844
0.0001602  679982
0.00016222  635004
0.0001643  588584
0.000167  530564
0.0001705  461456
0.000182  290572
0.000185  259812
0.000188  234080
0.0001908  214164
0.000193  200998
0.0001957  187527
0.000198  178119
0.0002  171337
0.000202  165722
0.000204174  160826
0.000206538  156768
0.000209  153787
0.000211349  151990
0.0002142  151010
0.000217  151156
0.0002198  152241
0.000222  153659
0.000226  157301
0.00023  162039
0.000235  169111
0.000243  182135
0.000260016  212600
0.000269154  228824
0.000278612  244639
0.000288403  259500
0.000298538  273070
0.00030903  285164
0.00032  295798
0.000332  305231
0.000343  311983
0.000355  317427
0.00037  321712
0.000385  323639
0.000402717  323490
0.000421697  321000
0.000443  315907
0.000462381  309697
0.000485  301046
0.000512861  289200
0.00054325  275453
0.00057544  260416
0.00061  244363
0.000653131  225149
0.000691831  208828
0.00074131  189455
0.0008  168879
0.000860994  149971
0.000933254  130654
0.001  115364
0.00108393  99084.1
0.0011749  84517.3
0.00128825  69894.7
0.0014  58458
0.001543  47069.3
0.00169824  37700.2
0.00186209  30247.2
0.00204174  24112
0.00226464  18540
0.00254097  13721
0.00285102  10062.3
0.0031989  7314.47
0.00358922  5271.68
0.004  3843.78
0.00446684  2766.12
0.0049545  2016.51
0.00555904  1408.96
0.00623735  976.747
0.007  671.352
0.00785236  458.64
0.00881049  310.912
0.00988553  209.238
0.0112202  134.325
0.012735  85.5908
0.0144544  54.1473
0.0164059  34.0189
0.0188365  20.3366
0.0216272  12.0676
0.0251189  6.8034
0.0295121  3.64108
0.0350752  1.8484
0.0431519  0.812385
0.0549541  0.308735
0.0933254  0.0367722
0.116145  0.0153704
0.138038  0.0077731
0.160325  0.00433436
0.184077  0.00254512
0.211349  0.00150554
0.239883  0.000937236
0.269153  0.000613377
0.301995  0.000404356
0.334965  0.000279697
0.371535  0.000194904
0.40738  0.000142391
0.451856  0.000100934
0.506991  6.94464e-05
0.555904  5.17559e-05
0.60256  4.02515e-05
0.653131  3.15697e-05
0.716143  2.40993e-05
0.803526  1.73567e-05
0.860994  1.41976e-05
0.912011  1.20944e-05
0.954993  1.07075e-05
1  9.5476e-06
1.04713  8.58187e-06
1.09648  7.76759e-06
1.14815  7.07284e-06
1.21619  6.33515e-06
1.31826  5.4789e-06
1.51356  4.33166e-06
1.84077  3.07628e-06
2.044  2.5762e-06
2.31739  2.09932e-06
2.63027  1.72038e-06
3.01995  1.39512e-06
3.50752  1.1203e-06
4.12097  8.91917e-07
4.84172  7.15492e-07
5.7544  5.69374e-07
6.91831  4.49888e-07
8.41395  3.53035e-07
10.3514  2.75252e-07
12.8825  2.13214e-07
16.2181  1.64123e-07
21.1349  1.22314e-07
28.1838  8.94809e-08
43.1519  5.69402e-08
69.9842  3.44475e-08
128.825  1.84478e-08
257.04  9.16606e-09
1023.29  2.28748e-09
16218.1  1.44071e-10
100000  2.3361e-11
-1  -1
0.00013652   0.0 
0.00013652  569301
0.000139  740472
0.00014  816756
0.0001407  869964
0.0001415  928926
0.0001423  984240
0.000143  1.02839e+06
0.0001437  1.06767e+06
0.0001445  1.1057e+06
0.0001453  1.13582e+06
0.000146  1.1554e+06
0.0001467  1.16878e+06
0.0001473  1.17547e+06
0.00014823  1.17777e+06
0.0001492  1.1709e+06
0.00015  1.1592e+06
0.000151  1.13835e+06
0.000152  1.11214e+06
0.000153109  1.07855e+06
0.0001545  1.0321e+06
0.000156  979254
0.000158  907860
0.00016084  809730
0.000164059  707367
0.00016788  600477
0.000175792  430361
0.000179  379696
0.000182  340732
0.0001842  316831
0.0001865  295648
0.0001885  280102
0.0001908  265198
0.000193  253616
0.000195  245116
0.0001973  237502
0.000199526  232082
0.000202  228053
0.000204174  226044
0.000206538  225292
0.000209  225902
0.000212  228298
0.000215  232223
0.000219  239379
0.000224  250659
0.000231739  271420
0.000248  320145
0.000258  349963
0.000266073  372803
0.000275423  397204
0.000283  415059
0.000291743  433368
0.000301995  451734
0.000312608  467457
0.000324  480991
0.000335  491097
0.000347  499079
0.00036  504440
0.000375837  506947
0.00039355  505583
0.000412098  500667
0.000431519  492571
0.000455  479633
0.00047863  464248
0.000506991  443922
0.000537032  421418
0.000568853  397349
0.00060256  372238
0.000645654  341547
0.000691831  311003
0.00074131  281135
0.0008  249539
0.000860994  220855
0.000933254  191667
0.00101158  165086
0.00109648  141172
0.00120226  117070
0.00130317  98686.5
0.00142889  80595
0.00157  64983.6
0.00169824  54006.4
0.00188365  41981.2
0.00211349  31419.9
0.00234423  24004
0.00260016  18199.9
0.00285102  14143
0.00312608  10929.2
0.00342768  8399.83
0.00380189  6205.4
0.00421696  4554.24
0.00467735  3319.5
0.005188  2403.44
0.00582103  1666.1
0.00653131  1145.9
0.00732824  782.081
0.00822243  529.671
0.00922571  356.039
0.0103514  237.746
0.0116145  157.665
0.0131826  99.5979
0.015  61.8684
0.0171791  37.234
0.0197242  22.0227
0.0226464  12.9229
0.0263027  7.19592
0.0305492  3.97735
0.0363078  1.99059
0.0436516  0.943834
0.0549541  0.368207
0.0912011  0.0457765
0.110918  0.0205834
0.130317  0.0107291
0.151356  0.00590205
0.171791  0.00358295
0.192752  0.00229097
0.216272  0.00147539
0.239883  0.000999738
0.266072  0.000682321
0.291743  0.000489076
0.319889  0.000352901
0.350752  0.000256457
0.384592  0.000187785
0.416869  0.000143913
0.451856  0.000111004
0.489779  8.61897e-05
0.530884  6.7394e-05
0.57544  5.30646e-05
0.623735  4.20717e-05
0.676083  3.35873e-05
0.732824  2.69982e-05
0.794328  2.18503e-05
0.860994  1.77236e-05
0.912011  1.53563e-05
0.966051  1.33975e-05
1.01158  1.2083e-05
1.07152  1.06898e-05
1.14815  9.29728e-06
1.23027  8.1419e-06
1.33352  7.02297e-06
1.77828  4.23582e-06
2.01837  3.41474e-06
2.29087  2.77542e-06
2.60016  2.27299e-06
2.98538  1.84219e-06
3.46737  1.47844e-06
4.02717  1.19543e-06
4.73151  9.57934e-07
5.62341  7.61524e-07
6.68344  6.09929e-07
8.1283  4.7798e-07
10  3.7221e-07
12.4451  2.87977e-07
16  2.1629e-07
20.4174  1.64896e-07
27.5423  1.19054e-07
42.1696  7.57096e-08
68.3912  4.57848e-08
124.451  2.48001e-08
248.313  1.23189e-08
495.45  6.14694e-09
3935.5  7.70624e-10
100000  3.032e-11
-1  -1
9.37e-06   0.0 
9.37e-06  236851
9.66051e-06  230813
1e-05  225606
1.03514e-05  221718
1.07e-05  219315
1.11e-05  218239
1.15e-05  218835
1.19e-05  221002
1.23027e-05  224561
1.2735e-05  229840
1.31826e-05  236783
1.365e-05  245546
1.42e-05  257670
1.48e-05  272955
1.54882e-05  292888
1.62181e-05  316684
1.71791e-05  351908
1.84077e-05  402872
2e-05  477792
2.4e-05  700224
2.60016e-05  823876
2.78612e-05  941046
2.95121e-05  1.04444e+06
3.12608e-05  1.15162e+06
3.31131e-05  1.26076e+06
3.50752e-05  1.36948e+06
3.73e-05  1.48376e+06
3.9355e-05  1.58134e+06
4.16869e-05  1.68267e+06
4.46684e-05  1.799e+06
4.8e-05  1.9143e+06
5.15e-05  2.01844e+06
5.5e-05  2.10606e+06
5.82103e-05  2.17135e+06
6.16595e-05  2.22445e+06
6.53131e-05  2.26323e+06
6.91831e-05  2.28586e+06
7.32824e-05  2.29235e+06
7.8e-05  2.28397e+06
8.31764e-05  2.26001e+06
9.01571e-05  2.21463e+06
9.8e-05  2.15032e+06
0.000104713  2.08813e+06
0.000112202  2.01075e+06
0.000119  1.936e+06
0.000128825  1.82383e+06
0.000138038  1.71872e+06
0.000148  1.6095e+06
0.000160324  1.48006e+06
0.000169824  1.38488e+06
0.000182  1.26976e+06
0.000197242  1.13655e+06
0.000211349  1.02539e+06
0.000225  928983
0.000242661  817784
0.000260016  721706
0.000275423  646591
0.000295121  563300
0.000316228  487379
0.000338844  418864
0.000363078  357670
0.000389045  303534
0.000421697  248776
0.000457088  202345
0.00049545  163400
0.000537032  131061
0.000588844  101074
0.000645654  77360.6
0.000707946  58775.7
0.000776247  44336.4
0.000851138  33215.3
0.000944061  23820
0.00104713  16954.4
0.00116145  11980.1
0.00128825  8405.8
0.00142889  5858.01
0.00160325  3892.52
0.00179887  2566.42
0.00201837  1679.01
0.00226464  1090.13
0.00254097  702.526
0.00285102  449.443
0.0031989  285.498
0.00358922  180.088
0.00402717  112.804
0.00451856  70.1711
0.00506991  43.2274
0.00568853  26.4416
0.00645654  15.2828
0.00732824  8.76679
0.00831764  4.99186
0.00954993  2.67937
0.0112202  1.28668
0.0130317  0.646552
0.0151356  0.322503
0.0175792  0.159602
0.0204174  0.0784074
0.0239883  0.0361241
0.0288403  0.0147727
0.0363078  0.0047887
0.0638264  0.00030091
0.081283  9.25185e-05
0.0954993  4.23676e-05
0.109648  2.18436e-05
0.124452  1.19836e-05
0.141254  6.62303e-06
0.158489  3.89111e-06
0.177828  2.30315e-06
0.197242  1.44624e-06
0.218776  9.14287e-07
0.242661  5.82078e-07
0.269153  3.73317e-07
0.298538  2.41277e-07
0.327341  1.64459e-07
0.354813  1.18364e-07
0.384592  8.57946e-08
0.402717  7.16609e-08
0.436516  5.27921e-08
0.47863  3.74985e-08
0.549541  2.25854e-08
0.595662  1.69109e-08
0.630957  1.38586e-08
0.676083  1.09836e-08
0.732824  8.43455e-09
0.803526  6.28056e-09
0.851138  5.18303e-09
0.891251  4.47086e-09
0.922571  4.02054e-09
0.954993  3.63349e-09
0.988553  3.30268e-09
1.02329  3.0218e-09
1.05925  2.782e-09
1.09648  2.57534e-09
1.14815  2.34084e-09
1.20226  2.14293e-09
1.28825  1.89462e-09
1.38038  1.68747e-09
1.5  1.4767e-09
1.90546  9.73152e-10
2.11349  8.17978e-10
2.39883  6.66736e-10
2.7227  5.47428e-10
3.12608  4.44719e-10
3.63078  3.57764e-10
4.26579  2.85313e-10
5.01187  2.29232e-10
5.95662  1.82694e-10
7.16143  1.44567e-10
8.70964  1.13589e-10
10.8393  8.74765e-11
13.4896  6.78662e-11
17.1791  5.16284e-11
23.174  3.71066e-11
30.1995  2.78982e-11
43.6516  1.8878e-11
69.9842  1.15589e-11
130.317  6.1182e-12
260.016  3.04019e-12
1035.14  7.58788e-13
16405.9  4.77919e-14
100000  7.8389e-15
-1  -1
8.75e-06   0.0 
8.75e-06  339072
9.1e-06  327576
9.5e-06  318186
9.88553e-06  312405
1.02329e-05  309664
1.06e-05  309077
1.1e-05  310837
1.13501e-05  314318
1.1749e-05  320261
1.21619e-05  328397
1.25892e-05  338769
1.31e-05  353564
1.365e-05  372182
1.42889e-05  397001
1.5e-05  428300
1.58489e-05  470269
1.69e-05  528535
1.8197e-05  609150
2.34423e-05  1.0099e+06
2.54097e-05  1.17907e+06
2.73e-05  1.34413e+06
2.9e-05  1.49094e+06
3.08e-05  1.64109e+06
3.27341e-05  1.79475e+06
3.46737e-05  1.93918e+06
3.67282e-05  2.07993e+06
3.9e-05  2.22229e+06
4.16869e-05  2.37449e+06
4.46684e-05  2.52334e+06
4.8e-05  2.66969e+06
5.15e-05  2.80042e+06
5.5e-05  2.908e+06
5.82103e-05  2.9866e+06
6.16595e-05  3.04769e+06
6.53131e-05  3.08939e+06
6.91831e-05  3.10959e+06
7.32824e-05  3.10842e+06
7.85236e-05  3.08441e+06
8.51138e-05  3.02826e+06
9.12011e-05  2.96383e+06
9.9e-05  2.86791e+06
0.000106  2.77178e+06
0.000113501  2.66136e+06
0.000121619  2.53414e+06
0.000130317  2.39747e+06
0.000141254  2.22844e+06
0.000151356  2.079e+06
0.000162181  1.92786e+06
0.000175792  1.74819e+06
0.000188365  1.59357e+06
0.0002  1.46248e+06
0.000216272  1.29748e+06
0.000235  1.13129e+06
0.000254097  984314
0.00027227  863310
0.000291743  752132
0.000312608  650790
0.000334965  559270
0.000358922  477545
0.000384592  405257
0.000416869  332144
0.000451856  270157
0.000489779  218173
0.000530884  175038
0.00057544  139528
0.000630957  106861
0.000691831  81220.6
0.000758578  61288.1
0.000841395  44292.9
0.000933254  31756.4
0.00103514  22593.1
0.00114815  15958.9
0.0012735  11195.8
0.00141254  7800.63
0.00156675  5398.95
0.00175792  3559.81
0.00197242  2329
0.00221309  1513.63
0.00245471  1020.19
0.0027227  682.811
0.00301995  452.963
0.00338844  284.807
0.0039355  154.449
0.00446684  91.3533
0.00501187  56.2895
0.00555904  36.1859
0.00623735  21.9757
0.00707946  12.6003
0.00803526  7.1708
0.00922571  3.84559
0.0105925  2.04694
0.0125892  0.922596
0.0146218  0.459366
0.016788  0.239663
0.0190546  0.131041
0.0221309  0.0637183
0.0263027  0.0275061
0.031989  0.0105253
0.0416869  0.00284293
0.0724436  0.000183696
0.0860994  7.85363e-05
0.1  3.78598e-05
0.114815  1.9443e-05
0.130317  1.06322e-05
0.146218  6.18674e-06
0.162181  3.82553e-06
0.179887  2.38227e-06
0.197242  1.57399e-06
0.216272  1.04742e-06
0.237137  7.01882e-07
0.260016  4.73609e-07
0.285102  3.2165e-07
0.30903  2.30834e-07
0.334965  1.66812e-07
0.358922  1.27042e-07
0.384592  9.73626e-08
0.40738  7.84548e-08
0.436516  6.10259e-08
0.473151  4.58695e-08
0.537032  2.95841e-08
0.57544  2.34312e-08
0.616595  1.86851e-08
0.653131  1.55952e-08
0.699842  1.26422e-08
0.767362  9.64327e-09
0.831764  7.66347e-09
0.891251  6.33469e-09
0.954993  5.25812e-09
0.988553  4.81365e-09
1.02329  4.42979e-09
1.07152  3.99304e-09
1.12202  3.624e-09
1.1885  3.23623e-09
1.2735  2.85056e-09
1.38038  2.47781e-09
1.51356  2.12296e-09
1.86209  1.47802e-09
2.06538  1.24101e-09
2.34423  1.01025e-09
2.66072  8.28381e-10
3.05492  6.72094e-10
3.54813  5.40029e-10
4.16869  4.30187e-10
4.89779  3.45279e-10
5.82103  2.74906e-10
7  2.1726e-10
8.51138  1.70614e-10
10.5925  1.3128e-10
13.1826  1.01769e-10
16.5959  7.83831e-11
21.8776  5.77146e-11
29.5121  4.17537e-11
43.6516  2.75711e-11
70.7946  1.66836e-11
131.826  8.83162e-12
263.027  4.38898e-12
1047.13  1.09554e-12
16595.9  6.90018e-14
100000  1.1449e-14
-1  -1
4.774e-05   0.0 
4.774e-05  53230.8
4.84172e-05  54204.3
4.97e-05  56493.2
5.15e-05  60298.6
5.68853e-05  73206.7
5.95662e-05  79564.6
6.22e-05  85402.2
6.45654e-05  90200.4
6.73e-05  95164.2
7e-05  99411.8
7.3e-05  103349
7.58578e-05  106349
7.9e-05  108838
8.22243e-05  110584
8.522e-05  111563
8.91251e-05  112064
9.33254e-05  111833
9.88553e-05  110651
0.000104713  108684
0.000112202  105559
0.000120226  101815
0.000128825  97559.6
0.000138038  92854.2
0.000148  87754.4
0.000160324  81648.2
0.000175792  74594.4
0.000195  66914.6
0.000216272  59622.5
0.000242661  52005.3
0.000281838  43154.9
0.000323594  36061.1
0.000384592  28540
0.000451856  22774.7
0.00054325  17457.9
0.000653131  13274.5
0.000776247  10197.8
0.000922571  7782.02
0.0011  5867.46
0.00132  4344.72
0.00158489  3189.73
0.00190546  2318.86
0.00231739  1640.09
0.00278612  1175.55
0.00346737  785.402
0.0042658  532.018
0.00524807  357.643
0.00653131  233.243
0.00794328  157.932
0.00954993  108.638
0.0114815  74.1713
0.0138038  50.2556
0.0164059  34.6418
0.0197242  23.1214
0.023877  15.0998
0.0281838  10.3595
0.031989  7.72433
0.0375837  5.27579
0.044157  3.57717
0.0524807  2.34095
0.0623735  1.52048
0.0749894  0.95228
0.0881049  0.628129
0.109648  0.354146
0.144544  0.170203
0.237137  0.0452434
0.291743  0.0261553
0.346737  0.0166799
0.4  0.011577
0.457088  0.00829259
0.5188  0.00608703
0.582103  0.0046283
0.653131  0.0035452
0.732824  0.00273637
0.831764  0.00207573
0.922571  0.00166743
1.01158  0.00138243
1.16145  0.00105298
1.30317  0.000844895
1.46218  0.0006829
1.64059  0.000555822
1.86209  0.000446475
2.11349  0.00036118
2.39883  0.000294408
2.7227  0.000241719
3.12608  0.000196362
3.63078  0.000157968
4.26579  0.000125974
5.01187  0.000101209
5.95662  8.06662e-05
7.16143  6.38302e-05
8.70964  5.01545e-05
10.8393  3.8624e-05
13.4896  2.99652e-05
17.1791  2.27961e-05
23.174  1.63838e-05
30.1995  1.23177e-05
43.6516  8.33527e-06
70.7946  5.04365e-06
131.826  2.66992e-06
263.027  1.32685e-06
1047.13  3.31193e-07
16595.9  2.08606e-08
100000  3.4612e-09
-1  -1
2.979e-05   0.0 
2.979e-05  7.21646e+06
3.19889e-05  5.48396e+06
3.4e-05  4.36818e+06
4.02717e-05  2.35262e+06
4.51856e-05  1.53274e+06
5.37032e-05  802047
5.88844e-05  571479
6.38264e-05  427938
6.83912e-05  336211
7.3e-05  269506
7.76247e-05  220453
8.15e-05  189155
8.51138e-05  165919
8.91251e-05  145236
9.33254e-05  127988
9.8e-05  112779
0.000102329  101520
0.000107152  91386.4
0.000112202  82832.8
0.00011749  75575
0.000123027  69389.6
0.000128825  64100.5
0.000135  59490.8
0.000143  54690
0.000151356  50702.7
0.000162  46685.8
0.000175792  42647.6
0.000192753  38808.6
0.000221309  34003.5
0.000305492  25238.7
0.000354813  21832.7
0.00040738  18977.2
0.000462381  16576.1
0.000530884  14199.1
0.00060256  12228.9
0.000683912  10458.7
0.00078  8821.6
0.000881049  7482.41
0.000988553  6363.24
0.00112202  5284.68
0.0012735  4355.2
0.00144544  3561.75
0.00164059  2890.57
0.00186209  2328.34
0.00211349  1861.86
0.00239883  1478.26
0.0027227  1165.4
0.00309029  912.362
0.00350752  709.36
0.004  542.36
0.00457088  409.848
0.005188  311.878
0.00588844  235.636
0.00668344  176.762
0.00758578  131.652
0.00860994  97.3268
0.00977237  71.4238
0.0110917  52.046
0.0125892  37.6644
0.0151356  23.3023
0.0171791  16.5996
0.0197242  11.3761
0.0226464  7.74154
0.0263027  5.06273
0.0305492  3.28571
0.0358922  2.04577
0.042658  1.22137
0.0506991  0.723803
0.0623735  0.382874
0.0803526  0.174284
0.120226  0.0493431
0.158489  0.0208187
0.192752  0.0113709
0.229087  0.00671339
0.266072  0.00428173
0.305492  0.00284691
0.346737  0.00197184
0.39355  0.00137611
0.44157  0.000999724
0.49545  0.000731713
0.549541  0.000556219
0.609537  0.000425702
0.676083  0.000328225
0.749894  0.000254937
0.860994  0.000183553
0.922571  0.000156669
0.977237  0.00013805
1.04713  0.000119485
1.13501  0.000101618
1.24452  8.50656e-05
1.38038  7.02753e-05
1.6788  4.96387e-05
1.90546  3.99061e-05
2.16272  3.23181e-05
2.45471  2.63789e-05
2.81838  2.13098e-05
3.27341  1.70511e-05
3.80189  1.37488e-05
4.46684  1.09884e-05
5.30884  8.71264e-06
6.30957  6.96132e-06
7.67361  5.44284e-06
9.33254  4.28786e-06
11.749  3.26584e-06
15.1356  2.44214e-06
19.7242  1.81708e-06
26.0016  1.34401e-06
37.1535  9.18026e-07
53.7032  6.23923e-07
87.0964  3.78783e-07
165.959  1.96409e-07
331.131  9.77778e-08
1318.26  2.44336e-08
100000  3.2163e-10
-1  -1
2.602e-05   0.0 
2.602e-05  1.54936e+07
2.75e-05  1.22714e+07
2.88403e-05  1.01211e+07
3.05492e-05  8.07982e+06
3.38844e-05  5.44362e+06
4.2658e-05  2.28204e+06
4.65e-05  1.658e+06
4.9545e-05  1.31866e+06
5.24807e-05  1.07768e+06
5.55904e-05  886781
5.88844e-05  735381
6.16595e-05  637066
6.45654e-05  555292
6.76083e-05  487267
7.07946e-05  430668
7.4131e-05  383534
7.76247e-05  344239
8.12831e-05  311447
8.51138e-05  283961
8.91251e-05  260815
9.33254e-05  241176
9.8e-05  223387
0.000104  205070
0.000110918  188378
0.000119  172972
0.000128825  158224
0.000142889  142005
0.00018  113163
0.000218776  93234.3
0.000260016  77947.3
0.000301995  66265.1
0.00035  56007.2
0.00040738  46719.1
0.000467735  39303.1
0.000537032  32835.8
0.00062  27012.7
0.000707946  22394
0.000812831  18283.6
0.000922571  15075.2
0.00104713  12342.9
0.0011885  10035.3
0.00134896  8101.97
0.00153109  6494.88
0.0017378  5169.42
0.00197242  4085.86
0.00223872  3207.35
0.00254097  2500.55
0.00288403  1936.26
0.00331131  1453.64
0.00375837  1109.8
0.0042658  841.511
0.00484172  633.699
0.00549541  473.909
0.00623735  351.873
0.00707946  259.332
0.00803526  189.706
0.00912011  137.776
0.0103514  99.318
0.011749  71.064
0.0133352  50.4842
0.0153109  34.4962
0.0175792  23.3901
0.0201837  15.7369
0.0231739  10.5058
0.0266072  6.96253
0.0305492  4.58209
0.0354813  2.88968
0.0416869  1.74499
0.049545  1.00819
0.0595662  0.556394
0.074131  0.272301
0.1  0.101455
0.146218  0.0287824
0.179887  0.0145756
0.216272  0.00802379
0.248313  0.00516317
0.281838  0.00347072
0.316228  0.00243521
0.354813  0.00172124
0.39355  0.00126843
0.436516  0.000941786
0.484172  0.000704688
0.530884  0.000548257
0.582103  0.000429385
0.638263  0.00033865
0.699842  0.000268976
0.767362  0.000215122
0.860994  0.000163834
0.922571  0.000139992
0.988553  0.000120475
1.07152  0.000102046
1.1749  8.5031e-05
1.28825  7.138e-05
1.42889  5.90923e-05
1.69824  4.35152e-05
1.92752  3.5007e-05
2.18776  2.83739e-05
2.48313  2.31756e-05
2.85102  1.87333e-05
3.31131  1.49982e-05
3.84592  1.21005e-05
4.51856  9.67637e-06
5.37032  7.67647e-06
6.38263  6.13645e-06
7.76247  4.80011e-06
9.44061  3.78316e-06
11.885  2.88259e-06
15.3109  2.15649e-06
19.9526  1.60499e-06
26.3027  1.18741e-06
40.2717  7.54031e-07
65.3131  4.55613e-07
117.49  2.49549e-07
234.423  1.23902e-07
467.735  6.18066e-08
1862.09  1.54689e-08
100000  2.8771e-10
-1  -1
5.09e-06   0.0 
5.09e-06  3.34834e+06
5.24807e-06  2.92901e+06
5.5e-06  2.3673e+06
5.95662e-06  1.63646e+06
6.45654e-06  1.1169e+06
6.91831e-06  798752
7.4131e-06  567000
7.85236e-06  423533
8.41395e-06  296220
9.01571e-06  205645
1.05e-05  90822.6
1.1e-05  71148.2
1.13501e-05  60652.9
1.1749e-05  51221.6
1.20226e-05  46009.2
1.23027e-05  41547.1
1.26e-05  37623
1.29e-05  34375
1.31826e-05  31865
1.34e-05  30242.8
1.365e-05  28664.8
1.39e-05  27353.6
1.42e-05  26080.6
1.45e-05  25088.6
1.48e-05  24331
1.507e-05  23818.4
1.54e-05  23374.6
1.57e-05  23117
1.61e-05  22950.2
1.65e-05  22945
1.69824e-05  23104.5
1.75792e-05  23485.7
1.83e-05  24126.4
1.95e-05  25420.8
2.18776e-05  28106
2.34423e-05  29663.6
2.5e-05  30952.4
2.66072e-05  32008.9
2.81838e-05  32798
3e-05  33435.6
3.19889e-05  33842.8
3.4e-05  33982.4
3.58922e-05  33901.2
3.80189e-05  33618.1
4.07e-05  33041.8
4.36516e-05  32200.9
4.65e-05  31242.4
5e-05  29940.8
5.4e-05  28397
5.82103e-05  26783.5
6.30957e-05  24977.2
7e-05  22640.8
7.8e-05  20288.2
9.01571e-05  17358.8
0.000107152  14289.9
0.000144544  10103.1
0.000162181  8799.21
0.00018197  7604.75
0.000201837  6626.12
0.000229087  5548.78
0.00030903  3590.99
0.000384592  2619.72
0.000446684  2096.1
0.000630957  1239.15
0.000732825  981.915
0.000988553  608.505
0.0011749  458.421
0.00141254  336.276
0.00171791  240.123
0.0020893  170.197
0.00254701  119.263
0.00331131  73.6291
0.0040738  49.9607
0.00501187  33.6507
0.00616595  22.4941
0.00749894  15.2702
0.00912011  10.2868
0.0109648  7.039
0.0131826  4.77986
0.0158489  3.22072
0.0188365  2.20829
0.0223872  1.50299
0.0266072  1.01517
0.0312608  0.698798
0.0371535  0.464687
0.044157  0.306602
0.05188  0.206515
0.0616595  0.134197
0.074131  0.0840876
0.0870964  0.0554912
0.108393  0.0313008
0.142889  0.0150495
0.237137  0.00388068
0.291743  0.00224402
0.342768  0.00147467
0.39355  0.00103567
0.446684  0.000754055
0.506991  0.000553045
0.568853  0.000420221
0.638263  0.000321689
0.707946  0.000254648
0.785236  0.000202909
0.870964  0.000162744
0.966051  0.000131489
1.10918  9.99774e-05
1.25893  7.82674e-05
1.42889  6.17815e-05
1.58489  5.12374e-05
1.79887  4.10762e-05
2.06538  3.25351e-05
2.34423  2.64809e-05
2.66072  2.1715e-05
3.05492  1.76207e-05
3.54813  1.41586e-05
4.16869  1.12788e-05
4.89779  9.05247e-06
5.82103  7.20742e-06
7  5.6961e-06
8.51138  4.47307e-06
10.4713  3.48898e-06
13.0317  2.70364e-06
16.4059  2.08184e-06
21.3796  1.55192e-06
28.5102  1.13576e-06
43.1519  7.31639e-07
69.9842  4.42626e-07
128.825  2.3704e-07
257.04  1.17775e-07
1023.29  2.93927e-08
16218.1  1.85127e-09
100000  3.0017e-10
-1  -1
-2   0.0 
-2  -2
