% -----------------------------------------------------------------------
%   Program Name: pe-ss-cs-47.dat 
%   Author: the Geant4 Collaboration
%   Organization: the Geant4 Collaboration
%   Version: unknown
%   Date: circa 2006
%   Class: Public
%   Copyright (c) Copyright Holders of the Geant4 Collaboration, 1994-2006.
%   See http://cern.ch/geant4/license for details on the copyright holders.
%   All rights not expressly granted under this license are reserved.
% -----------------------------------------------------------------------
0.025489   0.0 
0.025489  8264.26
0.0261  7835.28
0.0267  7368.32
0.0275423  6828.2
0.0295121  5692.76
0.0331131  4232.59
0.0384592  2844.38
0.0489779  1474.77
0.0609537  803.578
0.0767362  419.311
0.0966051  216.84
0.197242  27.4359
0.242661  15.1456
0.285102  9.6055
0.334965  6.15058
0.380189  4.364
0.42658  3.21614
0.47863  2.38749
0.530884  1.83874
0.588844  1.4262
0.653131  1.11451
0.716143  0.901878
0.794328  0.716002
0.891251  0.558544
0.977237  0.460499
1.10918  0.357142
1.23027  0.29186
1.36458  0.240215
1.53109  0.194965
1.7378  0.156302
2  0.123316
2.23872  0.102608
2.51189  0.0856717
2.85102  0.0707674
3.34965  0.0559448
3.89045  0.0453222
4.57088  0.0364066
5.4325  0.0290196
6.53131  0.0229665
7.94328  0.0180538
9.77237  0.014097
12.3027  0.010796
14.7911  0.00876116
19.4984  0.00645194
26.9154  0.00455286
38.9045  0.00308184
62.3735  0.00188678
118.85  0.000975671
237.137  0.000484919
944.061  0.000121021
59566.2  1.91475e-06
100000  1.1405e-06
-1  -1
0.0037834   0.0 
0.0037834  34367.7
0.00408  30535
0.00462381  24861.9
0.0049  22445.6
0.00555904  17862.2
0.0060256  15487.1
0.00645654  13605
0.00785236  9331.45
0.00870964  7577.61
0.0101158  5577.82
0.0119  3951.12
0.0133352  3083.93
0.0154882  2210.01
0.018197  1528.57
0.0211349  1076.26
0.0242661  773.104
0.0278612  551.817
0.031989  391.436
0.0371535  267.995
0.0431519  182.263
0.0506991  119.493
0.060256  75.4332
0.0716143  47.273
0.0870964  27.6217
0.109648  14.532
0.218776  2.07628
0.266072  1.20175
0.312608  0.771558
0.358922  0.531367
0.40738  0.380055
0.457088  0.282094
0.512861  0.2109
0.568853  0.163468
0.630957  0.127558
0.699842  0.100245
0.776247  0.0793583
0.851138  0.0649042
0.933254  0.0534345
1.02329  0.0442975
1.16145  0.0344335
1.28825  0.0282706
1.46218  0.0223646
1.62181  0.0185985
1.84077  0.0149628
2.11349  0.011887
2.37137  0.00988874
2.69154  0.00814173
3.12608  0.00652611
3.63078  0.0052686
4.26579  0.00421812
5.01187  0.0034026
6  0.0026981
7.24436  0.00213264
8.91251  0.00165979
11.0917  0.001284
14.4544  0.000949051
19.2752  0.000689825
26.6073  0.000486642
38.4592  0.000329323
60.9537  0.000203994
114.815  0.000106686
229.087  5.30121e-05
457.088  2.64537e-05
1819.7  6.62323e-06
100000  1.2042e-07
-1  -1
0.0035281   0.0 
0.0035281  74834.7
0.00362  71023
0.00365  69771
0.00369  67648
0.00380189  62945
0.00416869  49773
0.0045  40582
0.0055  23504
0.00609537  17684
0.00716143  11214
0.00891251  5925.1
0.0104713  3660.5
0.011749  2583.2
0.014  1506.2
0.0169824  822.3
0.0204174  457.18
0.0245471  251.98
0.0295121  137.81
0.0358922  72.046
0.0451856  33.3247
0.060256  12.6052
0.103514  2.00463
0.134896  0.821098
0.162181  0.444305
0.190546  0.261429
0.221309  0.160912
0.254097  0.103568
0.288403  0.0696502
0.323594  0.0488854
0.363078  0.0345518
0.402717  0.0254482
0.446684  0.0188711
0.49545  0.0140908
0.549541  0.0105972
0.609537  0.00802681
0.668344  0.00631386
0.724436  0.0051484
0.794328  0.00410754
0.901571  0.00303945
0.966051  0.00259038
1.02329  0.00228333
1.09648  0.00197632
1.1749  0.00172265
1.2735  0.00148116
1.42889  0.00120317
1.69824  0.000888792
1.94985  0.000702641
2.18776  0.000581512
2.45471  0.000484879
2.78612  0.000400029
3.27341  0.00031588
3.80189  0.00025561
4.46684  0.000205102
5.30884  0.000163319
6.38263  0.000129129
7.76247  0.000101417
9.54993  7.91269e-05
12.0226  6.05501e-05
14.7911  4.78593e-05
19.4984  3.52444e-05
26.9154  2.48712e-05
38.4592  1.70396e-05
60.256  1.0681e-05
112.202  5.65108e-06
223.872  2.8073e-06
446.684  1.4008e-06
1778.28  3.50685e-07
100000  6.2304e-09
-1  -1
0.00335   0.0 
0.00335  159995
0.00347  147566
0.00355  138421
0.00362  131917
0.0039355  106136
0.0042658  85252.5
0.00530884  46405.1
0.00568853  38193.6
0.00668344  24038.2
0.00758578  16530.8
0.00860994  11331.5
0.0104713  6234.41
0.0123027  3773.31
0.0141254  2437.34
0.0164059  1507.91
0.0192753  892.193
0.0226464  523.968
0.0269154  293.987
0.0323594  157.469
0.039355  80.4573
0.0484172  39.2164
0.0616595  16.8222
0.123027  1.47395
0.15  0.737747
0.177828  0.410276
0.204174  0.256427
0.231739  0.167808
0.260016  0.114889
0.291743  0.079227
0.323594  0.0570995
0.358922  0.0414567
0.39355  0.0313972
0.431519  0.0239375
0.473151  0.0183816
0.5188  0.0142199
0.562341  0.0114319
0.616595  0.00897649
0.676083  0.0071024
0.74131  0.00566026
0.812831  0.00454357
0.891251  0.00367513
0.966051  0.00306983
1.02329  0.00271677
1.12202  0.00225166
1.21619  0.00192433
1.34896  0.00158689
1.53109  0.00126501
1.75792  0.000994494
2.01837  0.000787882
2.26464  0.000653512
2.54097  0.000546018
2.88403  0.000451303
3.34965  0.000362902
3.89045  0.000293992
4.57088  0.00023616
5.4325  0.000188244
6.53131  0.000148979
7.94328  0.000117114
9.77237  9.14471e-05
12.3027  7.00323e-05
14.7911  5.68312e-05
19.4984  4.18515e-05
26.9154  2.9533e-05
38.9045  1.99906e-05
61.6595  1.23855e-05
116.145  6.47874e-06
231.739  3.21946e-06
922.571  8.03368e-07
29174.3  2.53538e-08
100000  7.3984e-09
-1  -1
0.0007038   0.0 
0.0007038  108070
0.000803526  93108.5
0.000901571  80941.5
0.000985  72531.4
0.00104713  66704.3
0.00123027  53214.8
0.00133352  47207.3
0.00158489  36146.9
0.00175792  30585
0.00207  23306.6
0.0024  18059.5
0.00275423  14157.5
0.00323594  10562.4
0.00384592  7649.91
0.00451856  5616.43
0.00537032  4001.12
0.00638264  2826.55
0.0075  2027.44
0.00881049  1444.03
0.0102329  1046.27
0.0120226  734.121
0.0141254  511.17
0.0165959  353.232
0.0194985  242.227
0.0226464  169.441
0.0266072  114.472
0.0312608  76.757
0.0367282  51.0795
0.0431519  33.7457
0.0512861  21.4776
0.0609537  13.5679
0.0732824  8.24879
0.0891251  4.82416
0.110918  2.62781
0.237137  0.310986
0.285102  0.186656
0.331131  0.124109
0.380189  0.0857598
0.431519  0.0615687
0.484172  0.0458784
0.537032  0.0354383
0.6  0.0270813
0.668344  0.0210105
0.74131  0.0165868
0.822243  0.0131894
0.901571  0.0108246
0.988553  0.00894662
1.14815  0.00663519
1.25  0.00563744
1.42889  0.00439458
1.56675  0.00372313
1.77828  0.00298916
2.06538  0.00232575
2.31739  0.00193189
2.63027  0.00158828
3.01995  0.00129324
3.50752  0.00104218
4.0738  0.000846167
4.7863  0.000681148
5.68853  0.000544044
6.83912  0.000431376
8.41395  0.000335015
10.4713  0.000258635
13.8038  0.000188309
18.197  0.00013845
24.5471  9.99724e-05
35.0752  6.83596e-05
53.7032  4.38104e-05
91.2011  2.54202e-05
181.97  1.26021e-05
363.078  6.28134e-06
1445.44  1.57139e-06
100000  2.2687e-08
-1  -1
0.00060019   0.0 
0.00060019  79272.4
0.0006009  85301
0.0006013  88518.4
0.0006018  92281.2
0.00060256  97459.5
0.0006032  101388
0.000604  105882
0.000605  110931
0.000606  115422
0.000607  119461
0.0006085  124846
0.00061  129533
0.0006115  133612
0.0006135  138224
0.000615  141150
0.000617  144426
0.000619  147084
0.000622  150067
0.000625  152071
0.0006285  153436
0.000633  154077
0.00064  153536
0.000724436  139918
0.000812831  126075
0.000851138  120330
0.000912011  111450
0.000988553  101093
0.00105925  92526.2
0.00113  84554.2
0.00124452  73227.8
0.00135  64512
0.00146218  56540.2
0.00162181  47249.1
0.00177828  40013.4
0.00197242  32901.3
0.00218776  26873.5
0.00242661  21770.2
0.00269154  17522.7
0.003  13851.1
0.00334965  10831.3
0.00375837  8310.96
0.00421696  6330.05
0.00473151  4786.56
0.00530884  3593.8
0.006  2630.4
0.0068  1896.97
0.00776247  1331.31
0.00881049  941.435
0.01  660.958
0.0114815  445.763
0.0130317  308.538
0.0149624  205.086
0.0173  132.48
0.0201837  82.6176
0.0234423  51.8379
0.0275423  31.1373
0.0327341  17.8901
0.039355  9.82739
0.0484172  4.96814
0.0616595  2.22282
0.123027  0.219525
0.154882  0.102187
0.179887  0.0624895
0.211349  0.0371215
0.242661  0.0239048
0.275423  0.0160753
0.312608  0.0108858
0.350752  0.00768842
0.39355  0.00546941
0.436516  0.00405271
0.484172  0.00302375
0.537032  0.00227318
0.595662  0.00172211
0.660694  0.00131464
0.732824  0.00101151
0.851138  0.000700673
0.912011  0.000594947
0.966051  0.000522016
1.02329  0.000460805
1.09648  0.00039922
1.1749  0.00034802
1.2735  0.000298946
1.41254  0.000247719
1.6788  0.000182864
1.92752  0.000144487
2.16272  0.000119514
2.42661  9.95873e-05
2.75423  8.21016e-05
3.23594  6.47894e-05
3.75837  5.23978e-05
4.4157  4.20205e-05
5.24808  3.3442e-05
6.30957  2.64277e-05
7.67361  2.07466e-05
9.44061  1.61807e-05
11.885  1.2377e-05
14.7911  9.65468e-06
19.4984  7.10986e-06
27.227  4.9557e-06
39.355  3.35529e-06
63.0957  2.0547e-06
118.85  1.07515e-06
237.137  5.34373e-07
944.061  1.33363e-07
29853.8  4.20901e-09
100000  1.2569e-09
-1  -1
0.00056853   0.0 
0.00056853  200412
0.0005691  212455
0.0005695  220475
0.00057  229685
0.0005707  241325
0.0005715  253241
0.0005723  263848
0.000573  272296
0.000574  283212
0.000575  292961
0.0005765  305794
0.000578  316868
0.0005795  326469
0.000581  334801
0.000583  344189
0.000585  351857
0.000587  358025
0.00059  364873
0.000593  369330
0.000596  371885
0.0006  373068
0.000605  372113
0.00062  364091
0.0007  324360
0.000794328  282880
0.000851138  260356
0.00092  235353
0.001  210033
0.00107152  189778
0.0011749  164245
0.00128825  141330
0.0014  122475
0.00157  99562.8
0.00171791  84096
0.00190546  68673.1
0.00211349  55714.7
0.00237137  43774.8
0.00263027  34993
0.00295121  27068.1
0.00327341  21337.7
0.00367282  16264.2
0.00412097  12301.8
0.00457088  9511.51
0.005188  6891.89
0.00588844  4952.64
0.00668344  3530.02
0.00758578  2496.2
0.00851138  1809.41
0.00954993  1303.55
0.0108  912.24
0.0123027  620.687
0.0141254  409.403
0.0162181  267.958
0.0186209  174.14
0.0216272  108.286
0.0251189  66.8197
0.0291743  40.9359
0.0342768  23.9701
0.040738  13.4064
0.0489779  7.15895
0.060256  3.50731
0.0803526  1.28967
0.128825  0.248542
0.162181  0.112144
0.186209  0.0699939
0.211349  0.0457679
0.239883  0.0300545
0.269153  0.0206422
0.3  0.0145864
0.331131  0.0107067
0.367282  0.00779549
0.402717  0.00591885
0.44157  0.00452463
0.484172  0.00348303
0.530884  0.00270105
0.582103  0.00211038
0.638263  0.00166134
0.699842  0.00131789
0.767362  0.00105363
0.851138  0.000825732
0.912011  0.00070611
0.977237  0.000607699
1.07152  0.000502407
1.1749  0.000418338
1.28825  0.000351239
1.42889  0.000290594
1.64059  0.000227575
1.88365  0.000179628
2.13796  0.000145603
2.39883  0.000121225
2.7227  9.98752e-05
3.19889  7.87701e-05
3.71535  6.36668e-05
4.36516  5.103e-05
5.188  4.05913e-05
6.23735  3.20616e-05
7.58578  2.51581e-05
9.33254  1.96123e-05
11.749  1.49965e-05
14.6218  1.16932e-05
19.4984  8.50139e-06
26.9154  5.99906e-06
38.9045  4.06072e-06
61.6595  2.5158e-06
117.49  1.3007e-06
234.423  6.46421e-07
933.254  1.61312e-07
29512.1  5.0911e-09
100000  1.5028e-09
-1  -1
0.00038299   0.0 
0.00038299  59844.4
0.0003849  59591.6
0.000386  59723.2
0.000387  60095.6
0.000388  60807.6
0.000389045  62002.6
0.00039  63576.8
0.0003907  65081.2
0.0003915  67224.4
0.0003923  69884
0.000393  72699.6
0.0003938  76540.4
0.0003945  80517.6
0.0003952  85134
0.000396  91280.4
0.0003967  97504.8
0.0003975  105683
0.0003985  117677
0.0003995  131858
0.0004007  152102
0.000402717  195072
0.000405  258757
0.0004065  309764
0.0004077  355668
0.000409  410220
0.00041013  461177
0.0004111  507092
0.0004122  561184
0.0004132  611648
0.000414  652552
0.00041515  711796
0.0004161  760536
0.0004173  821172
0.0004185  880444
0.0004195  928456
0.0004205  974712
0.000422  1.04076e+06
0.0004235  1.1024e+06
0.00042504  1.16074e+06
0.00042658  1.21438e+06
0.000428  1.25967e+06
0.0004295  1.30326e+06
0.000431519  1.35563e+06
0.0004335  1.39995e+06
0.000436  1.44724e+06
0.000438  1.47848e+06
0.000441  1.51537e+06
0.000444  1.54171e+06
0.000447  1.55916e+06
0.00045024  1.56926e+06
0.000455  1.57091e+06
0.00046  1.56036e+06
0.000465  1.54173e+06
0.000474  1.49858e+06
0.00053263  1.23844e+06
0.000555904  1.14655e+06
0.00062  930816
0.000653131  838037
0.0007  721960
0.00074131  634862
0.000812831  511553
0.000870964  432076
0.00095  346246
0.00104713  268265
0.00114815  208976
0.00128825  151707
0.00141254  116656
0.00158489  83361.4
0.00175792  61178.8
0.00197242  43056.1
0.00218776  31166.5
0.00245471  21609.6
0.00275423  14869.5
0.00309029  10160
0.00350752  6630.62
0.004  4222.8
0.00457088  2647.57
0.005188  1686.37
0.00588844  1065.83
0.00676083  640.587
0.00776247  381.581
0.00881049  235.609
0.01  144.525
0.0116145  80.4962
0.0133352  46.56
0.0154882  25.5363
0.0179887  13.9031
0.0211349  7.1701
0.0254097  3.33608
0.0312608  1.39892
0.0412098  0.434974
0.074131  0.0360683
0.0922571  0.0143562
0.112202  0.00633971
0.130317  0.00341568
0.15  0.00192367
0.169824  0.00116737
0.192752  0.000706359
0.216272  0.000450436
0.242661  0.000289264
0.27227  0.000187178
0.301995  0.000127392
0.334965  8.73289e-05
0.371535  6.02938e-05
0.416869  4.02798e-05
0.457088  2.9365e-05
0.5  2.17387e-05
0.54325  1.6584e-05
0.588844  1.28363e-05
0.630957  1.0374e-05
0.683912  8.14722e-06
0.749894  6.22665e-06
0.803526  5.1078e-06
0.860994  4.1647e-06
0.912011  3.53866e-06
0.954993  3.12708e-06
0.988553  2.86384e-06
1.03514  2.56568e-06
1.08393  2.31545e-06
1.13501  2.10329e-06
1.1886  1.92149e-06
1.2735  1.6937e-06
1.38038  1.47263e-06
1.51356  1.2614e-06
1.86209  8.81276e-07
2.0893  7.26929e-07
2.34423  6.04323e-07
2.66072  4.97182e-07
3.09029  3.98255e-07
3.58922  3.21325e-07
4.21697  2.57111e-07
4.9545  2.07293e-07
5.88844  1.65816e-07
7.07946  1.31654e-07
8.70964  1.02379e-07
10.8393  7.91366e-08
14.2889  5.76899e-08
19.0546  4.19216e-08
26.3027  2.9565e-08
38.0189  2.00031e-08
60.256  1.23875e-08
112.202  6.55417e-09
223.872  3.25598e-09
446.684  1.62458e-09
1778.28  4.06725e-10
100000  7.2261e-12
-1  -1
0.00037655   0.0 
0.00037655  83236.2
0.0003784  83894.4
0.0003797  84737.4
0.0003809  86043
0.000382  87871.8
0.0003828  89695.8
0.0003835  91699.8
0.0003843  94537.8
0.000385  97572
0.0003858  101764
0.0003865  106154
0.0003873  112108
0.000388  118242
0.0003888  126438
0.0003895  134767
0.0003903  145756
0.000391  156791
0.0003921  177109
0.0003933  203929
0.0003948  245207
0.0003985  390101
0.0004  467853
0.0004011  531799
0.0004023  607812
0.0004035  689664
0.0004045  761670
0.0004054  828858
0.0004065  913260
0.0004077  1.00712e+06
0.0004085  1.07009e+06
0.0004095  1.14866e+06
0.0004104  1.21871e+06
0.0004115  1.30283e+06
0.0004126  1.38468e+06
0.000414  1.48474e+06
0.000415  1.553e+06
0.0004165  1.64986e+06
0.000418  1.73978e+06
0.0004195  1.82267e+06
0.00042114  1.90536e+06
0.000423  1.98946e+06
0.000425  2.06899e+06
0.00042737  2.14967e+06
0.00043  2.22341e+06
0.0004328  2.28547e+06
0.00043569  2.33361e+06
0.000439  2.3714e+06
0.000442  2.39184e+06
0.000445  2.4013e+06
0.0004485  2.40099e+06
0.000453  2.3869e+06
0.00046  2.34546e+06
0.00047  2.26866e+06
0.000524808  1.89101e+06
0.00055  1.73645e+06
0.00061  1.4222e+06
0.000645654  1.26742e+06
0.000685  1.11529e+06
0.00073  967020
0.0008  779010
0.000860994  650726
0.000922571  545680
0.00102329  415586
0.00111  333633
0.00124452  242681
0.00138038  180561
0.00154882  128958
0.00171791  94573.9
0.00192753  66518.2
0.00216272  46394.2
0.0024  33278.8
0.0027227  22063.7
0.00309029  14475.6
0.00342768  10190
0.00384592  6856.87
0.0044  4278.59
0.00501187  2688.13
0.00568853  1696.7
0.0065  1036.4
0.00732824  660.432
0.00831764  407.418
0.00944061  249.619
0.0107152  151.942
0.0123027  87.7683
0.0142889  48.0571
0.0165959  26.1047
0.0192753  14.0748
0.0226464  7.1791
0.0269154  3.46289
0.0327341  1.50396
0.042658  0.482269
0.0749894  0.0423611
0.0933254  0.0165941
0.112202  0.00759525
0.130317  0.00405273
0.149624  0.00228615
0.169824  0.0013628
0.190546  0.000857594
0.20893  0.000595405
0.231739  0.000398045
0.254097  0.000280214
0.278612  0.000198604
0.305492  0.000141754
0.334965  0.00010196
0.363078  7.69356e-05
0.39355  5.84352e-05
0.421696  4.6457e-05
0.457088  3.58192e-05
0.49545  2.78242e-05
0.54325  2.09719e-05
0.588844  1.64853e-05
0.638263  1.30467e-05
0.691831  1.03989e-05
0.749894  8.34954e-06
0.8  7.04163e-06
0.851138  6.02919e-06
0.901571  5.25615e-06
0.954993  4.61347e-06
1.01158  4.07741e-06
1.10918  3.37613e-06
1.20226  2.88221e-06
1.31826  2.42549e-06
1.47911  1.97085e-06
1.69824  1.54696e-06
1.94985  1.22326e-06
2.18776  1.01216e-06
2.45471  8.43897e-07
2.78612  6.96239e-07
3.27341  5.49797e-07
3.80189  4.44893e-07
4.46684  3.56981e-07
5.30884  2.84254e-07
6.38263  2.24742e-07
7.76247  1.76513e-07
9.54993  1.37722e-07
12.0226  1.05382e-07
14.7911  8.32987e-08
19.4984  6.13433e-08
26.9154  4.32877e-08
38.9045  2.93008e-08
61.6595  1.81539e-08
116.145  9.49598e-09
231.739  4.71882e-09
922.571  1.17753e-09
29174.3  3.71608e-11
100000  1.0844e-11
-1  -1
0.00010161   0.0 
0.00010161  162665
0.000104  165936
0.000106  167766
0.000109  169443
0.000113501  170539
0.000121619  170862
0.000138038  169844
0.00015  168184
0.000160324  165734
0.000169824  162560
0.00018  158250
0.000190546  153040
0.000201837  146982
0.000216272  139031
0.000237137  127988
0.000263027  115695
0.00029  104428
0.000316228  94685
0.000346737  84677.2
0.000389045  73031.7
0.00044157  61622.6
0.00049545  52412.2
0.000562341  43503.2
0.000653131  34647.8
0.00075  27859.6
0.000891251  21048.8
0.00105925  15767.9
0.0012735  11504.1
0.00156675  8005.02
0.00192753  5528.68
0.00237137  3788.94
0.00285102  2688.85
0.00342768  1894.11
0.0040738  1353.66
0.00489779  938.77
0.00588844  646.028
0.007  451.61
0.00831764  313.735
0.00988553  216.186
0.0116145  151.61
0.0136458  105.563
0.0160325  72.9704
0.0188365  50.0719
0.0221309  34.1044
0.0260016  23.0563
0.0305492  15.4725
0.0358922  10.3082
0.042658  6.61926
0.0506991  4.21715
0.0609537  2.58432
0.074131  1.52341
0.0860994  1.01105
0.108393  0.533494
0.237137  0.0593197
0.285102  0.0356177
0.334965  0.0229622
0.384592  0.0158786
0.436516  0.0114085
0.489779  0.00850785
0.54325  0.00657675
0.60256  0.00511783
0.668344  0.0040113
0.74131  0.00316687
0.831764  0.00245588
0.912011  0.00201718
1  0.0016688
1.14815  0.00126683
1.25  0.0010763
1.42889  0.000839018
1.56675  0.000710819
1.77828  0.000570667
2.044  0.00045173
2.29087  0.000375649
2.60016  0.000308608
2.98538  0.000251119
3.46737  0.000202255
4.02717  0.000164126
4.73151  0.000132044
5.62341  0.000105415
6.76083  8.35457e-05
8.31764  6.48547e-05
10.2329  5.07252e-05
13.1826  3.78922e-05
16.4059  2.96388e-05
22  2.1485e-05
30.903  1.49232e-05
45.7088  9.88923e-06
73.2824  6.07146e-06
142.889  3.07312e-06
285.102  1.52957e-06
1135.01  3.82133e-07
100000  4.3315e-09
-1  -1
6.841e-05   0.0 
6.841e-05  762158
6.9e-05  766820
6.96e-05  766512
7.03e-05  761722
7.11e-05  751494
7.19e-05  737726
7.3e-05  714622
7.4131e-05  688039
7.5e-05  666412
7.67362e-05  621754
7.85236e-05  575849
8.08e-05  519912
8.4e-05  448596
9.33254e-05  295787
9.66051e-05  259271
0.0001  228808
0.000103  207028
0.000106  189206
0.000109  174630
0.000112202  161985
0.000115  152936
0.000118  144918
0.000121619  137111
0.00012504  131220
0.000128825  126022
0.000133352  121209
0.000138038  117444
0.000143  114460
0.000149624  111618
0.000158  109246
0.000169824  107147
0.000201837  103259
0.000218776  100870
0.000237137  97881.5
0.000258  94136.8
0.000278612  90200.1
0.0003  85967.6
0.000323594  81265.9
0.000350752  75975
0.000385  69706.4
0.000421697  63607.3
0.000462381  57529.5
0.000501187  52350.2
0.000555904  45990.3
0.000616595  40102.2
0.000683912  34705.1
0.000767361  29283
0.000860994  24514.1
0.000954993  20747.6
0.00107152  17115.2
0.00119  14281.1
0.00133352  11653.6
0.0015  9385.32
0.00169824  7413.04
0.00190546  5916.98
0.00213796  4690.67
0.00242661  3605.08
0.0027227  2817.9
0.00305492  2187.31
0.00342768  1685.52
0.00384592  1289.94
0.00431519  980.472
0.00489779  719.573
0.00555904  524.097
0.00630957  378.823
0.00716143  271.776
0.00812831  193.581
0.00922571  136.893
0.0104713  96.123
0.011885  67.0251
0.0136458  44.8873
0.0156675  29.8379
0.0179887  19.6946
0.020893  12.461
0.0242661  7.8245
0.0285102  4.70514
0.0338844  2.70684
0.040738  1.48913
0.0501187  0.754163
0.0645654  0.325071
0.124452  0.036214
0.154882  0.0175436
0.184077  0.00996579
0.213796  0.00614502
0.245471  0.00395909
0.278612  0.00266349
0.316228  0.00180478
0.354813  0.00127579
0.398107  0.000908462
0.44157  0.0006738
0.489779  0.000503207
0.54325  0.000378612
0.60256  0.000287028
0.668344  0.000219263
0.74131  0.000168831
0.851138  0.000120359
0.912011  0.000102216
0.966051  8.96976e-05
1.02329  7.91866e-05
1.10918  6.70257e-05
1.1886  5.8484e-05
1.30317  4.924e-05
1.46218  4.00368e-05
1.71791  3.01949e-05
1.97242  2.3887e-05
2.2131  1.97827e-05
2.48313  1.65058e-05
2.81838  1.36251e-05
3.31131  1.07649e-05
3.84592  8.7161e-06
4.51856  6.99764e-06
5.37032  5.57496e-06
6.45654  4.40996e-06
7.85236  3.46512e-06
9.66051  2.70467e-06
12.1619  2.07051e-06
14.7911  1.65822e-06
19.7242  1.20587e-06
27.5423  8.40778e-07
40  5.6656e-07
63.8263  3.48751e-07
121.619  1.80386e-07
242.661  8.96781e-08
966.051  2.23822e-08
60953.7  3.54158e-10
100000  2.1587e-10
-1  -1
6.314e-05   0.0 
6.314e-05  1.7038e+06
6.38264e-05  1.69573e+06
6.46e-05  1.67267e+06
6.55e-05  1.634e+06
6.65e-05  1.58148e+06
6.77e-05  1.51064e+06
6.92e-05  1.4173e+06
7.07946e-05  1.31757e+06
7.3e-05  1.18541e+06
7.58578e-05  1.03066e+06
8.31764e-05  729977
8.65e-05  634104
8.91251e-05  572833
9.15e-05  526652
9.4e-05  486076
9.66051e-05  451139
9.9e-05  424520
0.000102  397262
0.000105  375455
0.000108  357955
0.000111  343851
0.000115  329110
0.000119  317857
0.000124  307310
0.00013  298213
0.000136458  291251
0.000146218  283958
0.00018  267377
0.000195  259732
0.000211349  250560
0.00023  239444
0.000251189  226572
0.000273  213456
0.000295121  200445
0.00032  186436
0.000346737  172306
0.000380189  156290
0.000416869  140815
0.00046  125014
0.000501187  111931
0.000555904  97222.9
0.000623735  82474.9
0.000683912  71844.9
0.000758578  61102
0.000860994  49725.5
0.00097  40617.6
0.00111  32025.2
0.00124452  25992.2
0.00141254  20476.5
0.00158489  16376.9
0.00179887  12718.9
0.00204174  9800.82
0.00229087  7679.54
0.0025704  5976.61
0.00288403  4619.47
0.00323594  3545.45
0.00363078  2702.4
0.0040738  2045.86
0.00462381  1494.61
0.00524807  1083.26
0.00595662  779.062
0.00676083  556.117
0.00767361  394.004
0.00870964  277.073
0.00988553  193.424
0.0112202  134.052
0.012735  92.2585
0.0146218  60.9063
0.016788  39.901
0.0192753  25.9487
0.0223872  16.1524
0.0260016  9.97615
0.0301995  6.11599
0.0354813  3.58052
0.0421697  2.0018
0.0512861  1.0273
0.0645654  0.464607
0.131826  0.0388315
0.162181  0.0190121
0.190546  0.0109858
0.218776  0.00691274
0.248313  0.0045527
0.278612  0.00313608
0.30903  0.00225684
0.342768  0.00163525
0.380189  0.00119375
0.416869  0.000908709
0.457088  0.000696518
0.501187  0.000537686
0.549541  0.000418203
0.60256  0.000327735
0.660694  0.000258868
0.724436  0.000206052
0.794328  0.00016527
0.860994  0.000136841
0.922571  0.00011708
0.988553  0.000100839
1.08393  8.34272e-05
1.1749  7.1097e-05
1.28825  5.96981e-05
1.42889  4.93989e-05
1.64059  3.86899e-05
1.88365  3.05375e-05
2.13796  2.47534e-05
2.39883  2.06089e-05
2.7227  1.69787e-05
3.19889  1.33907e-05
3.71535  1.08234e-05
4.36516  8.67512e-06
5.188  6.90044e-06
6.23735  5.45038e-06
7.58578  4.27683e-06
9.33254  3.33412e-06
11.749  2.54932e-06
14.6218  1.98787e-06
19.4984  1.44519e-06
27.227  1.00734e-06
39.355  6.82044e-07
62.3735  4.22649e-07
117.49  2.21117e-07
234.423  1.09889e-07
933.254  2.74232e-08
29512.1  8.65485e-10
100000  2.5548e-10
-1  -1
1.247e-05   0.0 
1.247e-05  3.83339e+06
1.28825e-05  3.85001e+06
1.33352e-05  3.89944e+06
1.385e-05  3.98437e+06
1.44544e-05  4.11649e+06
1.51356e-05  4.2988e+06
1.58489e-05  4.52017e+06
1.6788e-05  4.84823e+06
1.8e-05  5.31928e+06
1.95e-05  5.96048e+06
2.16272e-05  6.95828e+06
2.78612e-05  1.02775e+07
3.01995e-05  1.15612e+07
3.19889e-05  1.24953e+07
3.35e-05  1.32086e+07
3.46737e-05  1.3693e+07
3.58922e-05  1.41171e+07
3.71535e-05  1.44585e+07
3.80189e-05  1.46278e+07
3.9e-05  1.4749e+07
4e-05  1.47938e+07
4.12098e-05  1.47396e+07
4.2295e-05  1.45914e+07
4.35e-05  1.43225e+07
4.46684e-05  1.39664e+07
4.57088e-05  1.35803e+07
4.68e-05  1.31167e+07
4.8e-05  1.25514e+07
4.9e-05  1.20465e+07
5.01187e-05  1.14564e+07
5.15e-05  1.07064e+07
5.27e-05  1.00487e+07
5.4152e-05  9.26019e+06
5.55904e-05  8.49988e+06
5.68853e-05  7.84159e+06
5.85e-05  7.0632e+06
6.0256e-05  6.27632e+06
6.16595e-05  5.69416e+06
6.35e-05  4.99424e+06
6.53131e-05  4.37371e+06
6.73e-05  3.76869e+06
6.91831e-05  3.26282e+06
7.07946e-05  2.87792e+06
7.24436e-05  2.52598e+06
7.45e-05  2.14093e+06
7.65e-05  1.81782e+06
7.85236e-05  1.53657e+06
8.03526e-05  1.31728e+06
8.23e-05  1.11589e+06
8.45e-05  923048
8.65e-05  775348
8.9e-05  622212
9.15e-05  498600
9.44061e-05  385408
0.000101158  215613
0.000103514  178654
0.000105  159768
0.0001065  143696
0.000108  130284
0.0001095  119218
0.000110918  110666
0.000112202  104335
0.0001131  100630
0.0001143  96522
0.0001155  93289.2
0.0001165  91199.6
0.0001175  89610.8
0.00011885  88183.2
0.000120226  87486.7
0.000121619  87468.3
0.000123027  88065.5
0.0001245  89268.4
0.000126  91018.8
0.000128  94050
0.000130317  98369.9
0.00013373  105906
0.000143  129970
0.000148  143506
0.000152  154053
0.000156675  165759
0.00016119  176277
0.000165959  186468
0.0001705  195226
0.000176  204536
0.000182  213142
0.000188365  220688
0.000195  226904
0.000201837  231682
0.00020893  235212
0.000216272  237535
0.000226  238713
0.000237137  238079
0.000248313  235642
0.000260016  231613
0.000273  225844
0.000288403  217660
0.000301995  209741
0.00032  198677
0.000338844  186966
0.00036  174144
0.000384592  159887
0.00040738  147567
0.000436516  133000
0.000467735  118973
0.000501187  105704
0.000537032  93389.5
0.000582103  80217.3
0.000630957  68365.5
0.000683912  57844.3
0.00074131  48626.7
0.000812831  39577.5
0.000891251  31968.5
0.000988553  24947.9
0.00108393  19875.9
0.00120226  15275.2
0.00133352  11648.1
0.00147911  8819.41
0.00164059  6628.24
0.0018197  4944.56
0.00201837  3661.53
0.00223872  2691.53
0.00248313  1964.46
0.00275423  1423.82
0.00305492  1024.93
0.00342768  705.707
0.00384592  482.124
0.00431519  326.993
0.00484172  220.14
0.0054325  147.029
0.00616595  93.5551
0.00699842  59.116
0.00794328  37.0717
0.00901571  23.0591
0.0102329  14.2371
0.0116145  8.72878
0.0133352  5.08077
0.0153109  2.93607
0.0177828  1.60881
0.0206538  0.875168
0.0245471  0.429939
0.0295121  0.199866
0.0371535  0.0760572
0.0767362  0.00354955
0.0954993  0.00141785
0.114815  0.000659012
0.134896  0.00033957
0.154882  0.000193703
0.175792  0.000116565
0.2  7e-05
0.223872  4.51398e-05
0.251189  2.90482e-05
0.278612  1.96651e-05
0.30903  1.34016e-05
0.342768  9.19726e-06
0.380189  6.35988e-06
0.421696  4.43263e-06
0.462381  3.23897e-06
0.501187  2.47652e-06
0.549541  1.83682e-06
0.60256  1.37256e-06
0.660694  1.03213e-06
0.724436  7.81989e-07
0.860994  4.71917e-07
0.912011  4.01774e-07
0.954993  3.55517e-07
1  3.1676e-07
1.04713  2.84441e-07
1.09648  2.57304e-07
1.14815  2.34252e-07
1.21619  2.09912e-07
1.31826  1.81699e-07
1.54882  1.37871e-07
1.86209  1.00262e-07
2.0893  8.27096e-08
2.34423  6.87607e-08
2.66072  5.65701e-08
3.09029  4.53136e-08
3.58922  3.65603e-08
4.21697  2.92537e-08
4.9545  2.35854e-08
5.88844  1.88664e-08
7.07946  1.49799e-08
8.70964  1.16489e-08
10.8393  9.00402e-09
14.2889  6.56385e-09
19.0546  4.76976e-09
26.3027  3.3639e-09
38.0189  2.27591e-09
60.9537  1.39276e-09
114.815  7.28454e-10
229.087  3.61952e-10
457.088  1.80619e-10
1819.7  4.52217e-11
100000  8.2217e-13
-1  -1
1.186e-05   0.0 
1.186e-05  5.85451e+06
1.22e-05  5.90192e+06
1.26e-05  5.99348e+06
1.30317e-05  6.12426e+06
1.36458e-05  6.35625e+06
1.42889e-05  6.64477e+06
1.51356e-05  7.07757e+06
1.62181e-05  7.69633e+06
1.77828e-05  8.68396e+06
2.01837e-05  1.03482e+07
2.73e-05  1.59532e+07
2.95121e-05  1.77318e+07
3.12608e-05  1.90513e+07
3.27341e-05  2.00575e+07
3.4e-05  2.08089e+07
3.50752e-05  2.13421e+07
3.63078e-05  2.18186e+07
3.73e-05  2.20824e+07
3.85e-05  2.22493e+07
3.95e-05  2.22578e+07
4.07e-05  2.21111e+07
4.18e-05  2.18293e+07
4.3e-05  2.13693e+07
4.4157e-05  2.07891e+07
4.51856e-05  2.0176e+07
4.62381e-05  1.94703e+07
4.73151e-05  1.86834e+07
4.85e-05  1.77622e+07
4.9545e-05  1.69171e+07
5.08e-05  1.588e+07
5.19e-05  1.49655e+07
5.30884e-05  1.39855e+07
5.45e-05  1.28489e+07
5.58e-05  1.18413e+07
5.73e-05  1.07365e+07
5.9e-05  9.56766e+06
6.07e-05  8.49186e+06
6.23735e-05  7.52459e+06
6.4e-05  6.67044e+06
6.58e-05  5.82036e+06
6.76083e-05  5.06107e+06
6.95e-05  4.36004e+06
7.15e-05  3.7127e+06
7.35e-05  3.15184e+06
7.5e-05  2.78232e+06
7.67362e-05  2.4039e+06
7.85236e-05  2.06396e+06
8.03526e-05  1.76234e+06
8.23e-05  1.4864e+06
8.45e-05  1.22333e+06
8.65e-05  1.02287e+06
8.9e-05  816360
9.15e-05  650964
9.5e-05  474926
9.98e-05  312914
0.000102  261755
0.00010364  231039
0.000105  209717
0.0001065  190058
0.0001075  178964
0.0001085  169323
0.000109648  159895
0.000110918  151312
0.000112  145375
0.0001131  140519
0.0001143  136444
0.0001155  133515
0.0001165  131864
0.0001175  130864
0.00011885  130443
0.000120226  130991
0.000121619  132424
0.000123027  134658
0.0001245  137724
0.000126  141500
0.000128  147386
0.0001315  159452
0.000141254  198981
0.000145  214715
0.000149624  233587
0.000154  250517
0.000158489  266726
0.000162181  279054
0.000167  293651
0.000172  306985
0.000178  320716
0.000184077  332212
0.000190546  341873
0.000198  350209
0.000204174  355175
0.000212  359099
0.000222  361072
0.000231739  360342
0.000242661  356862
0.000254097  351137
0.000266073  343067
0.00028  332118
0.000295121  318624
0.00030903  305656
0.00033  285527
0.000349  267582
0.000371535  247194
0.000398107  224784
0.000421697  206326
0.000451856  184859
0.000484172  164470
0.000524808  142428
0.000568853  122380
0.000616595  104331
0.000668344  88284.9
0.000732825  72360.4
0.000803526  58835.9
0.000881049  47471
0.000977237  36991.9
0.00108393  28594.8
0.00120226  21930
0.00133352  16689
0.00147911  12604.8
0.00164059  9451.37
0.0018197  7034.86
0.00201837  5197.69
0.00223872  3811.45
0.00248313  2774.91
0.00275423  2006.14
0.00305492  1440.44
0.00338844  1027.35
0.00380189  700.413
0.0042658  473.867
0.0047863  318.232
0.00537032  212.192
0.00595662  146.389
0.00668344  96.1514
0.00758578  60.0994
0.00870964  35.7144
0.00988553  22.0037
0.0112202  13.4556
0.0128825  7.80636
0.0147911  4.49413
0.0169824  2.56888
0.0197242  1.39101
0.0229087  0.747556
0.027227  0.362286
0.0327341  0.16602
0.0416869  0.0590939
0.0785236  0.00389166
0.0966051  0.00160823
0.114815  0.000774853
0.131826  0.000434835
0.15  0.00025511
0.169824  0.00015393
0.190546  9.70705e-05
0.211349  6.45466e-05
0.234423  4.32334e-05
0.25704  3.04812e-05
0.281838  2.16392e-05
0.30903  1.54754e-05
0.338844  1.11536e-05
0.367282  8.43061e-06
0.4  6.3127e-06
0.431519  4.91143e-06
0.467735  3.78794e-06
0.501187  3.05018e-06
0.54325  2.38768e-06
0.588844  1.88312e-06
0.638263  1.49527e-06
0.691831  1.19559e-06
0.749894  9.62887e-07
0.841395  7.13967e-07
0.891251  6.18057e-07
0.944061  5.38361e-07
1  4.7237e-07
1.07152  4.07511e-07
1.14815  3.54164e-07
1.21619  3.16941e-07
1.33352  2.67545e-07
1.53109  2.09676e-07
1.77828  1.61663e-07
2.04174  1.28104e-07
2.29087  1.06331e-07
2.5704  8.89007e-08
2.95121  7.22932e-08
3.42768  5.81947e-08
4  4.6891e-08
4.67735  3.79537e-08
5.55904  3.02834e-08
6.68344  2.39897e-08
8.1283  1.88745e-08
10.1158  1.45524e-08
12.8825  1.10114e-08
15.3109  9.06171e-09
20.4174  6.59542e-09
28.5102  4.60238e-09
41.6869  3.08164e-09
66.8344  1.88911e-09
128.825  9.66328e-10
257.04  4.80607e-10
1023.29  1.19989e-10
100000  1.2261e-12
-1  -1
6.89e-06   0.0 
6.89e-06  1.77681e+06
6.95e-06  1.70682e+06
7.32825e-06  1.30607e+06
7.67361e-06  1.02842e+06
8e-06  824025
8.35e-06  652091
8.70964e-06  514308
9.01571e-06  421042
9.35e-06  338954
9.7e-06  270404
1e-05  222885
1.03514e-05  177716
1.06e-05  151360
1.0881e-05  126158
1.12202e-05  101130
1.15e-05  84147.5
1.18e-05  68971
1.20226e-05  59424.2
1.23027e-05  49178.8
1.26e-05  40131.4
1.29e-05  32605.7
1.32e-05  26427.9
1.35e-05  21378.9
1.38038e-05  17228.8
1.47e-05  9235.88
1.49624e-05  7798.61
1.515e-05  6961.79
1.53109e-05  6356.88
1.545e-05  5909.86
1.56e-05  5500.25
1.575e-05  5159.46
1.59e-05  4881.59
1.605e-05  4661.18
1.615e-05  4543.7
1.6269e-05  4432.35
1.64059e-05  4339.84
1.655e-05  4280.33
1.67e-05  4256.1
1.685e-05  4266.88
1.7e-05  4309.48
1.715e-05  4380.94
1.73e-05  4478.54
1.75e-05  4645.04
1.77e-05  4848.2
1.793e-05  5120.91
1.83e-05  5631.81
1.935e-05  7397.95
1.98e-05  8232.37
2.02e-05  8989.6
2.07e-05  9940.17
2.11349e-05  10759.7
2.16272e-05  11669.2
2.2134e-05  12578
2.27e-05  13552.3
2.33e-05  14533.3
2.39883e-05  15588.5
2.47e-05  16598.7
2.54097e-05  17524.8
2.61e-05  18349.5
2.69153e-05  19232
2.78612e-05  20140
2.9e-05  21082.8
3.01995e-05  21917
3.15e-05  22659
3.3e-05  23334.1
3.46737e-05  23897.7
3.65e-05  24328.4
3.85e-05  24624.4
4.0738e-05  24788
4.36516e-05  24805.6
4.67735e-05  24642.6
5.06991e-05  24257.5
5.5e-05  23691.2
6e-05  22923.8
6.53131e-05  22030.2
7.07946e-05  21070
7.67362e-05  20018
8.31764e-05  18889.8
9.01571e-05  17697.5
9.8e-05  16421.5
0.000105925  15214.8
0.000116145  13788.7
0.00012735  12403.4
0.000141254  10925.4
0.000160324  9280.33
0.000188365  7470.75
0.00025704  4848.76
0.000363078  2986.5
0.00040738  2526.17
0.000462381  2082.7
0.000524808  1705.65
0.000660693  1173.28
0.000831764  803.493
0.000944061  648.335
0.00121619  417.345
0.00151356  283.151
0.00188365  190.558
0.00239883  122.062
0.00291743  84.503
0.00363078  55.564
0.00431519  39.5925
0.00512861  27.9965
0.00623735  18.7442
0.0074131  13.0712
0.00881049  9.04873
0.0104713  6.21614
0.0124452  4.23613
0.0146218  2.93998
0.0171791  2.02565
0.0201837  1.38549
0.0237137  0.940586
0.0278612  0.633861
0.0327341  0.423981
0.0384592  0.281531
0.0457088  0.180166
0.0537032  0.117937
0.0645654  0.0720971
0.0785236  0.0424071
0.0954993  0.0247186
0.124452  0.0118042
0.234423  0.00199557
0.281838  0.00119779
0.331131  0.000771882
0.380189  0.000533525
0.431519  0.00038315
0.484172  0.000285608
0.537032  0.000220694
0.6  0.00016873
0.668344  0.000130983
0.74131  0.000103482
0.822243  8.23768e-05
0.901571  6.76998e-05
0.988553  5.60099e-05
1.14815  4.15662e-05
1.25893  3.48412e-05
1.42889  2.7518e-05
1.56675  2.3309e-05
1.77828  1.87124e-05
2.044  1.4814e-05
2.29087  1.23199e-05
2.60016  1.0121e-05
2.98538  8.2351e-06
3.46737  6.6325e-06
4.02717  5.38212e-06
4.73151  4.33028e-06
5.62341  3.45692e-06
6.76083  2.73969e-06
8.22243  2.15647e-06
10.1158  1.68601e-06
12.8825  1.27573e-06
15.3109  1.04982e-06
20.4174  7.6409e-07
28.5102  5.33196e-07
41.6869  3.57016e-07
66.8344  2.18852e-07
128.825  1.1195e-07
257.04  5.5679e-08
1023.29  1.39015e-08
100000  1.4204e-10
-1  -1
-2   0.0 
-2  -2
