% -----------------------------------------------------------------------
%   Program Name: pe-ss-cs-91.dat 
%   Author: the Geant4 Collaboration
%   Organization: the Geant4 Collaboration
%   Version: unknown
%   Date: circa 2006
%   Class: Public
%   Copyright (c) Copyright Holders of the Geant4 Collaboration, 1994-2006.
%   See http://cern.ch/geant4/license for details on the copyright holders.
%   All rights not expressly granted under this license are reserved.
% -----------------------------------------------------------------------
0.11308   0.0 
0.11308  1426.67
0.1142  1393.77
0.1146  1378.95
0.1153  1361.45
0.1165  1323.45
0.118  1286.48
0.122  1180.39
0.12735  1064.47
0.142889  794.227
0.160325  594.453
0.251189  189.33
0.301995  119.229
0.354813  80.1299
0.40738  57.3856
0.467735  41.4433
0.530884  30.9647
0.60256  23.2983
0.683912  17.6793
0.785236  13.1866
0.912011  9.6795
1.01158  7.8589
1.21619  5.4804
1.36458  4.40578
1.53109  3.56521
1.7378  2.84658
1.99526  2.24467
2.26464  1.81789
2.60016  1.45523
3  1.1648
3.46737  0.936681
4.02717  0.753212
4.73151  0.600168
5.62341  0.474286
6.68344  0.377718
8.03526  0.298472
9.66051  0.237581
11.749  0.187656
14.2889  0.149159
17.5792  0.117632
22.9087  0.0875034
29.8538  0.0654941
42.1696  0.0452535
63.0957  0.0296504
98.8553  0.0186488
188.365  0.00966376
375.837  0.00480973
1496.24  0.00120162
100000  1.7955e-05
-1  -1
0.021113   0.0 
0.021113  4931.91
0.02126  4855.99
0.022  4582.28
0.0223872  4457.36
0.023  4240.76
0.024  3956.32
0.0263027  3348.77
0.0291743  2782.35
0.0323  2297.06
0.0412098  1419.56
0.0467735  1092.64
0.0530884  837.524
0.0638264  561.523
0.075  391.726
0.0870964  278.498
0.101158  196.688
0.120226  130.787
0.149624  77.3553
0.305492  13.695
0.371535  8.59987
0.436516  5.90315
0.506991  4.19526
0.588844  3.0045
0.68048  2.19294
0.776247  1.65751
0.881049  1.27538
1  0.988925
1.20226  0.689393
1.34896  0.553746
1.53109  0.438472
1.7378  0.350049
1.97242  0.281471
2.26464  0.223568
2.60016  0.178944
3  0.1432
3.46737  0.115159
4.02717  0.0926056
4.73151  0.0737898
5.62341  0.058313
6.68344  0.0464401
8.1283  0.0361687
9.77237  0.0288025
11.885  0.0227592
14.2889  0.0183393
17.378  0.0146518
22.6464  0.0108956
29.5121  0.00815328
41.6869  0.00563212
61.6595  0.0037339
97.7237  0.00232003
188.365  0.00118813
375.837  0.000591345
1496.24  0.000147731
100000  2.2075e-06
-1  -1
0.020402   0.0 
0.020402  10131.8
0.0206538  9893.2
0.0213796  9124.4
0.0221309  8372.5
0.0231739  7485.9
0.0281838  4560.9
0.0316228  3377.4
0.0384592  2005.8
0.0484172  1069.4
0.060256  581.46
0.075  313.28
0.102329  128.98
0.164059  33.321
0.206538  17.3232
0.248313  10.3382
0.291743  6.62669
0.338844  4.41582
0.389045  3.05804
0.44157  2.1991
0.501187  1.59385
0.562341  1.19801
0.630957  0.907028
0.699842  0.711183
0.785236  0.546809
0.881049  0.423592
0.966051  0.346888
1.04713  0.293511
1.14815  0.244358
1.2735  0.200415
1.42889  0.162087
1.6788  0.121456
1.92752  0.0955585
2.18776  0.0772593
2.51189  0.0617369
2.88403  0.0497036
3.34965  0.0396032
3.89045  0.0317936
4.57088  0.0252923
5.4325  0.0199556
6.45654  0.015869
7.85236  0.0123418
9.44061  0.00981468
11.6145  0.00764108
14.1254  0.00607133
17.378  0.00478657
22.3872  0.00360517
29.1743  0.00269701
41.6869  0.00184001
61.6595  0.00121981
97.7237  0.000757934
188.365  0.00038815
375.837  0.000193186
1496.24  4.82632e-05
100000  7.2116e-07
-1  -1
0.016743   0.0 
0.016743  24265.8
0.017  23401
0.0177  21008.1
0.0182  19437
0.0193  16565.6
0.0242661  8697.78
0.0278612  5828.77
0.031989  3892.86
0.04  1998.13
0.0501187  1006.12
0.0623735  511.823
0.0776247  258.259
0.105925  96.82
0.158489  27.0595
0.199526  13.1604
0.237137  7.71673
0.275423  4.89417
0.316228  3.23846
0.358922  2.23409
0.402717  1.60519
0.451856  1.16188
0.501187  0.874957
0.555904  0.663247
0.616595  0.506177
0.683912  0.389
0.758578  0.301136
0.860994  0.221805
0.922571  0.188841
0.977237  0.166059
1.04713  0.143415
1.13501  0.121866
1.23027  0.104304
1.34896  0.08793
1.69824  0.0582814
1.92752  0.046771
2.18776  0.0378079
2.51189  0.0302052
2.88403  0.0243106
3.34965  0.0193685
3.89045  0.0155492
4.57088  0.0123698
5.4325  0.00975995
6.45654  0.00776102
7.85236  0.00603591
9.44061  0.0048001
11.6145  0.00373704
14.1254  0.00296934
17.378  0.002341
22.3872  0.00176317
29.1743  0.00131907
41.2097  0.000910934
60.9537  0.000603772
95.4993  0.000379548
181.97  0.000196607
363.078  9.7826e-05
1445.44  2.44347e-05
100000  3.527e-07
-1  -1
0.0053349   0.0 
0.0053349  12801.9
0.00549541  12281.7
0.00562341  11946.3
0.0057544  11577.2
0.00596  11092.8
0.00653131  9759.13
0.00691831  9038.14
0.0074131  8169.34
0.00803526  7212.16
0.00870964  6398.01
0.00933254  5731.53
0.0115  4058.6
0.012735  3399.44
0.0147911  2607.05
0.0171791  1978.86
0.0192753  1593.27
0.023  1131.68
0.0275423  789.886
0.033  545.212
0.0389045  385.736
0.0457088  272.837
0.0537032  191.586
0.0638264  130.192
0.0767362  85.4971
0.0912011  57.21
0.112202  35.0412
0.144544  19.0843
0.263027  4.45685
0.323594  2.71036
0.389045  1.75423
0.457088  1.20724
0.524807  0.882209
0.609537  0.633151
0.699842  0.469523
0.803526  0.350726
0.912011  0.270098
1.02329  0.214595
1.21619  0.153091
1.36458  0.123059
1.53109  0.0995668
1.7378  0.079492
1.99526  0.0626849
2.29087  0.0498206
2.63027  0.0399027
3.01995  0.032193
3.50752  0.0257113
4.0738  0.0206871
4.7863  0.0164927
5.68853  0.01304
6.76083  0.01039
8.1283  0.00821393
9.77237  0.00654098
11.885  0.00516843
14.4544  0.00410987
17.378  0.00332731
22.3872  0.00250609
29.1743  0.00187482
41.2097  0.00129477
60.9537  0.000858186
96.6051  0.000533132
184.077  0.0002762
367.282  0.000137444
1462.18  3.43326e-05
100000  5.0131e-07
-1  -1
0.0050018   0.0 
0.0050018  20527.6
0.00524807  19590
0.0055  18603.7
0.00616595  16131.4
0.0065  15021.6
0.00724436  12794.9
0.00803526  10899.7
0.00872  9539.56
0.0102329  7211.59
0.0109648  6351.52
0.012735  4761.44
0.0138038  4055.44
0.0160325  2974.14
0.0175792  2442.41
0.0204174  1756.09
0.0231739  1315.7
0.025704  1033.69
0.0298538  723.127
0.035  489.616
0.040738  334.406
0.048  219.54
0.0562341  145.096
0.0668344  91.6445
0.0803526  55.7148
0.101158  29.6583
0.204174  4.24502
0.254097  2.33133
0.301995  1.46253
0.350752  0.982828
0.402717  0.685517
0.457088  0.495913
0.512861  0.371838
0.57544  0.280715
0.653131  0.207626
0.732824  0.159008
0.831764  0.119561
0.912011  0.0977602
0.988553  0.0824866
1.08393  0.0684495
1.20226  0.0559032
1.34896  0.0449995
1.54882  0.0349931
1.77828  0.0274033
2.01837  0.0220567
2.31739  0.0175429
2.66072  0.0140603
3.05492  0.0113511
3.54813  0.00907095
4.12097  0.00730232
4.84172  0.00582487
5.7544  0.004608
6.83912  0.00367334
8.22243  0.00290522
9.88553  0.00231457
12.0226  0.0018296
14.4544  0.00147483
17.378  0.00119406
22.3872  0.000899313
29.1743  0.000672777
41.2097  0.000464624
60.9537  0.000307955
95.4993  0.000193589
184.077  9.91132e-05
367.282  4.93206e-05
1462.18  1.232e-05
100000  1.799e-07
-1  -1
0.0041594   0.0 
0.0041594  74712.4
0.0042658  71733.4
0.0044157  68027
0.00462381  63065
0.0053  49793.6
0.00588844  40938.2
0.0068  31098.9
0.00732824  26803.8
0.00860994  19267.4
0.00933254  16208.8
0.0109648  11373
0.0120226  9219.31
0.0138038  6683.85
0.0158  4829.72
0.0175792  3715.68
0.0204174  2548.23
0.0237137  1729.6
0.0269154  1236.56
0.0301995  906.43
0.0346737  620.135
0.04  415.632
0.0462381  274.996
0.0537032  178.227
0.0630957  110.917
0.075  66.2072
0.0912011  36.6499
0.11885  16.3076
0.18197  4.40729
0.226464  2.26511
0.266072  1.39589
0.30903  0.89685
0.354813  0.600701
0.402717  0.41912
0.451856  0.304276
0.501187  0.229563
0.555904  0.1744
0.623735  0.129494
0.691831  0.0997372
0.767362  0.0773579
0.870964  0.0570517
0.933254  0.0486485
0.988553  0.0428616
1.07152  0.0362463
1.16145  0.0308681
1.25893  0.0264514
1.39637  0.0218699
1.71791  0.0151185
1.94985  0.0121405
2.2131  0.00981956
2.54097  0.00784987
2.91743  0.00632199
3.38844  0.00503998
3.9355  0.0040484
4.62381  0.00322228
5.49541  0.00254378
6.53131  0.00202383
7.85236  0.00159781
9.44061  0.00127065
11.6145  0.00098924
14.1254  0.000786021
17.378  0.000619682
22.3872  0.00046674
29.1743  0.000349168
41.2097  0.000241137
60.256  0.000161761
95.4993  0.000100471
181.97  5.20435e-05
363.078  2.58961e-05
1445.44  6.46823e-06
100000  9.3364e-08
-1  -1
0.0036161   0.0 
0.0036161  194460
0.00380189  168498
0.00423  127751
0.00457088  103664
0.005188  72945.4
0.00582103  52627.8
0.00653131  37710
0.00732824  26779.5
0.00812831  19509.8
0.00922571  13207.4
0.0105925  8529.69
0.011749  6120.75
0.014  3448.28
0.0158489  2279.07
0.018  1481.89
0.020893  887.882
0.0245471  505.772
0.029  280.146
0.0342768  153.701
0.0412098  78.673
0.0501187  38.3198
0.0645654  14.9713
0.121619  1.4099
0.15  0.64862
0.177828  0.348238
0.231739  0.133451
0.254097  0.0962091
0.275423  0.072758
0.301995  0.0533664
0.338844  0.0360716
0.380189  0.0245619
0.42658  0.0168473
0.467735  0.0125438
0.506991  0.00975568
0.555904  0.00738856
0.653131  0.00459852
0.716143  0.00352943
0.776247  0.00281747
0.851138  0.00218778
0.901571  0.00187948
0.944061  0.00167395
0.988553  0.00149998
1.03514  0.00135315
1.09648  0.00119796
1.16145  0.00106746
1.25  0.000928454
1.36458  0.00079255
1.53109  0.00064835
1.8197  0.000477942
2.044  0.000391727
2.34423  0.000312378
2.69154  0.000250541
3.09029  0.000202394
3.58922  0.00016183
4.16869  0.000130346
4.89779  0.00010403
5.82103  8.23398e-05
6.91831  6.56709e-05
8.31764  5.19616e-05
10.1158  4.08389e-05
12.3027  3.23036e-05
15.3109  2.50399e-05
18.6209  2.0042e-05
24.5471  1.47414e-05
32.7341  1.07807e-05
47.3151  7.28502e-06
74.131  4.56007e-06
131.826  2.52564e-06
263.027  1.2533e-06
524.808  6.25052e-07
2089.3  1.56436e-07
100000  3.2643e-09
-1  -1
0.0034436   0.0 
0.0034436  296634
0.00358922  270540
0.0036  269044
0.003645  259661
0.00402717  199292
0.0044  156123
0.00501187  108047
0.00562341  77465.3
0.00630957  55092.1
0.007  40218.6
0.00851138  21864.4
0.00933254  16294.9
0.0108393  10029.1
0.0124452  6343.42
0.014  4266.75
0.0160325  2682.23
0.0184077  1657.75
0.0211349  1016.84
0.0242661  619.251
0.028  367.868
0.0327341  206.848
0.0384592  113.35
0.0462381  56.5419
0.0568853  25.6448
0.11885  1.49943
0.142889  0.74131
0.165959  0.421136
0.190546  0.25161
0.206538  0.187112
0.237137  0.113568
0.278612  0.0639064
0.30903  0.0445778
0.342768  0.031328
0.375837  0.0230485
0.416869  0.0164451
0.457088  0.0122738
0.49545  0.00956728
0.537032  0.0075177
0.588844  0.00575251
0.653131  0.00428918
0.716143  0.00332748
0.860994  0.00203332
0.912011  0.00175417
0.954993  0.00156708
1  0.00140803
1.05925  0.00124193
1.12202  0.00110283
1.20226  0.000963511
1.30317  0.000829789
1.84077  0.000451329
2.06538  0.000370829
2.37137  0.000295309
2.7227  0.000236962
3.12608  0.000191516
3.63078  0.000153225
4.26579  0.000121483
5.01187  9.70559e-05
5.95662  7.68986e-05
7.16143  6.04874e-05
8.60994  4.79256e-05
10.7152  3.66758e-05
13.4896  2.79156e-05
17.1791  2.11358e-05
22.3872  1.5713e-05
29.5121  1.16092e-05
41.6869  8.01968e-06
61.6595  5.31665e-06
97.7237  3.30349e-06
188.365  1.69182e-06
375.837  8.42018e-07
1496.24  2.10358e-07
100000  3.1432e-09
-1  -1
0.0013621   0.0 
0.0013621  28532.5
0.00144544  26786.5
0.00162181  23941.5
0.00169824  22843.9
0.00201837  18733.6
0.00237137  15405.8
0.00254097  14073.7
0.00312608  10581.7
0.00346737  9101.39
0.0040738  7146.31
0.00473151  5652.86
0.005379  4598.98
0.00638264  3460.9
0.00767361  2522.6
0.00912011  1858.62
0.0109648  1329.72
0.0130317  963.546
0.0154882  692.926
0.0184077  494.737
0.0221309  342.635
0.0263027  240.992
0.0316228  164.235
0.0375837  113.747
0.0446684  78.222
0.0530884  53.403
0.0638264  35.2621
0.0767362  23.1114
0.0922571  15.0277
0.114815  8.94121
0.15  4.70131
0.25704  1.26929
0.319889  0.750537
0.384592  0.485586
0.451856  0.334022
0.5188  0.24395
0.60256  0.174971
0.691831  0.129669
0.794328  0.0967944
0.901571  0.0744797
1.01158  0.0591264
1.21619  0.0412342
1.36458  0.0331457
1.53109  0.0268182
1.7378  0.0214088
1.97242  0.0172155
2.26464  0.0136762
2.60016  0.0109467
3  0.0087596
3.46737  0.0070442
4.02717  0.00566454
4.73151  0.00451357
5.62341  0.00356687
6.68344  0.00284062
8.03526  0.00224464
9.66051  0.00178667
11.885  0.0013921
14.4544  0.001107
17.378  0.000896221
22.3872  0.00067502
29.1743  0.000504979
41.2097  0.000348739
60.9537  0.000231149
96.6051  0.000143597
186.209  7.35294e-05
371.535  3.6593e-05
1479.11  9.14145e-06
100000  1.3503e-07
-1  -1
0.0012101   0.0 
0.0012101  24766.8
0.001313  24639.4
0.00148  23916.8
0.00156675  23391.2
0.00169824  22475.4
0.00185  21374.6
0.00197242  20452.6
0.00216272  19017.2
0.0023  18002
0.0025704  16126.9
0.0028  14736.7
0.00301995  13506.7
0.0034  11668.2
0.00371535  10392.7
0.00412097  8997.73
0.00457088  7744.1
0.00506991  6608.29
0.00562341  5607.12
0.00630957  4632.05
0.007  3876.28
0.00803526  3029.89
0.00901571  2447.31
0.0101158  1964.03
0.0115  1525.31
0.0131826  1155.19
0.0151356  864.438
0.017378  641.364
0.0199526  471.928
0.0226464  353.732
0.0260016  256.361
0.03  182.252
0.0346737  127.999
0.04  89.6774
0.0467735  60.2715
0.0549541  39.7142
0.0653131  25.2016
0.0785236  15.3956
0.0977237  8.50457
0.130317  3.85804
0.2  1.18425
0.263027  0.562311
0.312608  0.35401
0.363078  0.238628
0.416869  0.166948
0.473151  0.121152
0.537032  0.0885661
0.60256  0.0670716
0.668344  0.0525546
0.749894  0.0403787
0.841395  0.0312462
0.954993  0.0237403
1.03514  0.0200775
1.13501  0.0167042
1.25893  0.0136875
1.41254  0.0110572
1.65959  0.0082771
1.88365  0.00663678
2.13796  0.00535881
2.45471  0.00427597
2.81838  0.00343747
3.23594  0.00278302
3.75837  0.0022304
4.4157  0.00177135
5.188  0.00141737
6.16595  0.00112477
7.4131  0.000885999
8.91251  0.000702953
11.2202  0.000531304
13.9637  0.000410564
17.1791  0.000323579
22.3872  0.000240565
29.5121  0.000177735
41.6869  0.000122777
62.3735  8.0426e-05
98.8553  4.99825e-05
190.546  2.56001e-05
380.189  1.27422e-05
1513.56  3.18371e-06
100000  4.8122e-08
-1  -1
0.00099057   0.0 
0.00099057  157914
0.00104713  152498
0.0011  145676
0.00124452  128153
0.00145  107190
0.00157  97227.2
0.00169824  87673.4
0.00185  78029.6
0.00218776  61195.9
0.00239883  53243.1
0.00275423  42730.6
0.00305492  36042.7
0.00354813  27877.5
0.0039355  23191.7
0.00451856  17997.1
0.00512861  14147.4
0.0057544  11296.4
0.00660693  8551.72
0.00758578  6417.42
0.00860994  4894.58
0.00977237  3706.43
0.0109648  2861
0.0124452  2137.6
0.0141254  1585.89
0.0160325  1168.56
0.018197  855.21
0.0206538  621.724
0.0237137  435.821
0.027227  303.095
0.0309029  215.815
0.0358922  143.362
0.0412098  97.5993
0.047863  63.8607
0.0562341  40.128
0.0660693  25.0266
0.0794328  14.4748
0.0977237  7.75408
0.192752  0.977856
0.237137  0.522945
0.278612  0.323534
0.323594  0.208597
0.367282  0.144827
0.416869  0.101286
0.462381  0.0760802
0.5188  0.0557855
0.57544  0.0424785
0.638263  0.0325622
0.707946  0.0251551
0.785236  0.019565
0.881049  0.01491
0.954993  0.0123587
1.01158  0.0108816
1.08393  0.00941898
1.16145  0.00820879
1.25893  0.00704136
1.39637  0.00582808
1.75792  0.00387326
2  0.00310141
2.29087  0.0024749
2.63027  0.00198221
3.01995  0.00159921
3.50752  0.00127722
4.0738  0.00102763
4.7863  0.000819263
5.68853  0.000647766
6.76083  0.000516125
8.1283  0.000408022
9.77237  0.000324925
11.885  0.000256743
14.4544  0.000204152
17.5792  0.000163157
22.6464  0.000122916
29.1743  9.31315e-05
41.2097  6.43173e-05
60.9537  4.26304e-05
95.4993  2.67981e-05
184.077  1.37197e-05
367.282  6.82741e-06
1462.18  1.70544e-06
100000  2.4903e-08
-1  -1
0.00074375   0.0 
0.00074375  201433
0.000822243  215220
0.000828  215963
0.000843  216279
0.000901571  216025
0.000944061  214630
0.000993  211517
0.00104713  206599
0.00110918  199631
0.00116145  193254
0.00123027  184240
0.00130317  174437
0.00138038  164171
0.00147  152691
0.00161  135862
0.00171791  124183
0.00184077  111896
0.00201837  96555.4
0.00216272  85959.7
0.00234423  74439.1
0.00260016  61328.2
0.0028  53052.4
0.00309029  43356.9
0.00334965  36563.7
0.00367282  29854.5
0.00402717  24229.6
0.0044157  19512.9
0.00484172  15623.5
0.005379  12017.8
0.00588844  9532.67
0.00660693  7040.48
0.0073782  5220.36
0.00812831  3990.78
0.00912011  2877.91
0.0102329  2058.72
0.0116145  1411.6
0.0131826  959.241
0.0149624  646.291
0.016788  448.182
0.0188365  308.775
0.0212  209.304
0.0242661  133.19
0.0278612  83.232
0.031989  51.6333
0.0371535  30.5524
0.0436516  17.2315
0.0524807  8.88179
0.0645654  4.17955
0.0933254  1.08089
0.134896  0.278841
0.165959  0.131029
0.192752  0.0764755
0.231739  0.0398027
0.266072  0.0245593
0.301995  0.0158875
0.342768  0.0103556
0.384592  0.00706403
0.42658  0.00504215
0.473151  0.00362651
0.5188  0.00272859
0.568853  0.0020674
0.623735  0.0015769
0.691831  0.00117161
0.758578  0.00090531
0.822243  0.00072724
0.901571  0.000568612
0.944061  0.000505425
0.988553  0.000452038
1.03514  0.000407241
1.09648  0.000360181
1.16145  0.000320824
1.24452  0.000281373
1.34896  0.000243309
1.53109  0.000195289
1.84077  0.000141096
2.06538  0.000115909
2.37137  9.23025e-05
2.7227  7.40703e-05
3.12608  5.98685e-05
3.63078  4.78986e-05
4.26579  3.79758e-05
5.01187  3.03402e-05
5.95662  2.4039e-05
7.16143  1.89084e-05
8.60994  1.49814e-05
10.7152  1.14654e-05
13.4896  8.72655e-06
17.1791  6.60712e-06
22.3872  4.91211e-06
29.1743  3.67472e-06
41.2097  2.5378e-06
60.256  1.70243e-06
95.4993  1.05738e-06
181.97  5.4772e-07
363.078  2.72534e-07
1445.44  6.80738e-08
100000  9.826e-10
-1  -1
0.00070321   0.0 
0.00070321  351830
0.000758578  366931
0.00079  370953
0.000851138  366444
0.000901571  360809
0.00095  352742
0.001  342541
0.00105925  329136
0.00113  311998
0.00120226  293919
0.00128  274719
0.00136458  254696
0.00142889  240050
0.00157  210879
0.00165959  194325
0.00177828  174192
0.00195  149286
0.0020893  132321
0.00223872  116514
0.00248313  95470.1
0.00269154  81189.4
0.00298538  65330.2
0.00323594  54831.9
0.00358922  43397.3
0.0039  35768.2
0.00431519  28037.1
0.00473151  22314.8
0.00530884  16626.1
0.00588844  12648.6
0.0065  9682.68
0.00732824  6938.32
0.00831764  4829.87
0.00944061  3328.33
0.0105925  2352.39
0.0119  1643.31
0.0133352  1148.35
0.015  787.122
0.0169824  524.208
0.0192753  343.477
0.0216272  232.293
0.0245471  149.995
0.0281838  92.3497
0.0323594  56.4211
0.0375837  32.8217
0.0436516  18.952
0.05188  9.97823
0.0630957  4.78385
0.0881049  1.34867
0.128825  0.318279
0.153109  0.166129
0.18197  0.0874948
0.201837  0.0598113
0.251189  0.0274015
0.27227  0.020447
0.301995  0.0142612
0.334965  0.0100161
0.367282  0.00736142
0.402717  0.00544685
0.44157  0.00406018
0.484172  0.00305258
0.530884  0.00231331
0.57544  0.00182721
0.630957  0.00140591
0.691831  0.0010901
0.758578  0.000851928
0.831764  0.000670505
0.954993  0.000472815
1  0.000422876
1.04713  0.000380715
1.09648  0.000344997
1.16145  0.000307378
1.23027  0.000275725
1.33352  0.000238372
1.49624  0.000195429
1.84077  0.00013555
2.06538  0.000111362
2.37137  8.86869e-05
2.7227  7.11573e-05
3.12608  5.75043e-05
3.63078  4.60068e-05
4.21697  3.70761e-05
4.9545  2.9606e-05
5.88844  2.34454e-05
7.07946  1.84323e-05
8.60994  1.43901e-05
10.7152  1.10122e-05
13.4896  8.38195e-06
17.1791  6.34621e-06
22.3872  4.71811e-06
29.1743  3.52962e-06
41.2097  2.43763e-06
60.9537  1.61562e-06
96.6051  1.00371e-06
184.077  5.19985e-07
367.282  2.58754e-07
1462.18  6.46364e-08
100000  9.438e-10
-1  -1
0.00037763   0.0 
0.00037763  62082
0.0003779  62788.8
0.0003785  63818.4
0.0003794  64932
0.0003808  66250.2
0.0003822  67305
0.000384592  68627.7
0.0003898  70711.8
0.0003912  71463.6
0.0003928  72685.8
0.0003943  74304.6
0.0003958  76502.4
0.0003973  79372.8
0.0003985  82215.6
0.0004  86514
0.0004015  91716.6
0.000403  97905
0.0004045  105152
0.0004065  116621
0.0004085  130323
0.00041  142168
0.000416869  214166
0.00042  256119
0.000422  285394
0.000424  316370
0.00042658  358332
0.000429  399586
0.000431519  444050
0.0004343  494896
0.00043716  548753
0.00044  603648
0.000443  662964
0.000446  722940
0.0004485  773112
0.000451856  840004
0.000455  901602
0.000458  958662
0.0004615  1.02266e+06
0.000465  1.08357e+06
0.000469  1.14942e+06
0.000473151  1.21316e+06
0.000478  1.28218e+06
0.0004835  1.35391e+06
0.000489  1.41827e+06
0.00049545  1.48472e+06
0.000502  1.54184e+06
0.000508  1.58509e+06
0.000515  1.62602e+06
0.000523  1.66172e+06
0.000532  1.69129e+06
0.00054325  1.71536e+06
0.000554  1.72753e+06
0.000565  1.7294e+06
0.00058  1.71982e+06
0.000595662  1.69882e+06
0.000615  1.66213e+06
0.000638263  1.60745e+06
0.000660693  1.54871e+06
0.000685  1.48105e+06
0.00071727  1.38969e+06
0.000758578  1.27424e+06
0.0008  1.1636e+06
0.00084231  1.0586e+06
0.000885  961680
0.000933254  861488
0.001  741342
0.00107  635814
0.00113501  552314
0.00123027  452108
0.00133  370148
0.00142889  305634
0.00158489  229787
0.00171791  182693
0.00190546  134919
0.00207  105185
0.0023  76046.4
0.00251189  57575.2
0.00278612  41225
0.00309029  29274.7
0.0034  21214.9
0.00380189  14443.7
0.0043  9364.56
0.0048  6306.6
0.00530884  4362.46
0.00588844  2967.87
0.00653131  2006.5
0.00732824  1289.35
0.00822243  822.41
0.00922571  520.94
0.0104713  312.755
0.011885  186.286
0.0134896  110.176
0.0153109  64.7171
0.0175792  35.9344
0.0201837  19.8032
0.0234423  10.2995
0.0275423  5.05367
0.0331131  2.22157
0.0412098  0.829912
0.057544  0.182711
0.0803526  0.0401007
0.120226  0.00653254
0.139637  0.00335613
0.154882  0.00212814
0.175792  0.00122895
0.199526  0.000715049
0.226464  0.000419291
0.254097  0.000259879
0.285102  0.000162248
0.327341  9.2935e-05
0.358922  6.45062e-05
0.39355  4.50926e-05
0.42658  3.31882e-05
0.457088  2.5669e-05
0.49545  1.91591e-05
0.530884  1.50114e-05
0.568853  1.18541e-05
0.609537  9.4205e-06
0.660694  7.25902e-06
0.716143  5.63467e-06
0.785236  4.24853e-06
0.851138  3.34065e-06
0.954993  2.39224e-06
0.988553  2.17513e-06
1.02329  1.99111e-06
1.05925  1.83388e-06
1.09648  1.69811e-06
1.14815  1.5437e-06
1.20226  1.41306e-06
1.28825  1.24869e-06
1.38038  1.11122e-06
1.5  9.71136e-07
1.90546  6.37455e-07
2.11349  5.34778e-07
2.42661  4.26425e-07
2.78612  3.42588e-07
3.19889  2.77203e-07
3.71535  2.22037e-07
4.36516  1.76238e-07
5.12861  1.40948e-07
6.09537  1.11796e-07
7.32824  8.80189e-08
8.81049  6.98023e-08
11.0917  5.27319e-08
13.8038  4.07321e-08
17.1791  3.1676e-08
22.3872  2.35503e-08
29.1743  1.76181e-08
41.2097  1.21669e-08
60.9537  8.06433e-09
96.6051  5.00984e-09
184.077  2.59545e-09
367.282  1.29153e-09
1462.18  3.22623e-10
100000  4.7109e-12
-1  -1
0.00036704   0.0 
0.00036704  90728.8
0.000373  92780.8
0.0003777  94772.8
0.00038  96238.4
0.0003815  97687.2
0.000383  99714.4
0.000384592  102677
0.0003858  105584
0.0003869  108786
0.000388  112568
0.0003895  118734
0.0003908  125096
0.0003923  133718
0.000394  145286
0.0003958  159801
0.000398  180978
0.0004  203746
0.0004065  301650
0.000409  348430
0.0004115  399457
0.000414  454021
0.0004165  511547
0.000419  571511
0.000421697  638567
0.000424  697586
0.000427  776598
0.00043  857624
0.0004328  934664
0.000436  1.02362e+06
0.000439  1.10697e+06
0.000442  1.18946e+06
0.000445  1.2702e+06
0.0004485  1.3613e+06
0.000451856  1.4448e+06
0.000455  1.51934e+06
0.00045909  1.6107e+06
0.000463  1.69241e+06
0.000468  1.78909e+06
0.000473151  1.88002e+06
0.00047863  1.96705e+06
0.000484172  2.04479e+06
0.000489779  2.11282e+06
0.00049545  2.17098e+06
0.000501187  2.21959e+06
0.000508  2.26577e+06
0.000515  2.30223e+06
0.000526  2.34208e+06
0.000537032  2.36477e+06
0.000549541  2.37216e+06
0.000562341  2.3633e+06
0.00057544  2.3419e+06
0.00059  2.30682e+06
0.00061  2.24674e+06
0.000630957  2.17298e+06
0.000653131  2.08859e+06
0.000676083  1.99717e+06
0.000707946  1.86957e+06
0.00075  1.70496e+06
0.00079  1.55702e+06
0.000841395  1.383e+06
0.000885  1.25042e+06
0.000933254  1.11719e+06
0.001  957992
0.00107152  816436
0.00113501  710188
0.00123027  579616
0.00133352  469715
0.00145  374426
0.00158489  292076
0.00173  226992
0.00190546  170581
0.0020893  128955
0.0023  95635.2
0.00254097  69615.4
0.0028  50723.6
0.00309029  36519.5
0.00342768  25664.3
0.00375837  18641.5
0.00416869  12926.8
0.00467735  8535.65
0.00530884  5355.58
0.0060256  3327.87
0.00683912  2048.3
0.00767361  1307.04
0.00860994  827.898
0.00966051  520.724
0.0109648  310.227
0.0124452  183.396
0.0141254  107.596
0.0162181  59.6568
0.0186209  32.8145
0.0211349  18.8399
0.0245471  9.69976
0.0288403  4.70701
0.0346737  2.04285
0.0431519  0.751514
0.0582103  0.189446
0.081283  0.0405757
0.11885  0.00712878
0.136458  0.00381282
0.153109  0.00227965
0.186209  0.000963509
0.206538  0.000614881
0.229087  0.000395525
0.251189  0.000269033
0.275423  0.000184266
0.301995  0.000127125
0.33118  8.83187e-05
0.358922  6.4608e-05
0.389045  4.75741e-05
0.416869  3.68381e-05
0.44157  2.99383e-05
0.47863  2.25878e-05
0.549541  1.40806e-05
0.595662  1.07554e-05
0.638263  8.58895e-06
0.683912  6.90488e-06
0.724436  5.79067e-06
0.76828  4.86878e-06
0.812831  4.1488e-06
0.86115  3.54875e-06
0.901571  3.15419e-06
0.944061  2.81844e-06
0.988553  2.53381e-06
1.04713  2.23666e-06
1.12202  1.94128e-06
1.20226  1.6969e-06
1.31826  1.42992e-06
1.79887  8.2392e-07
2.04174  6.63194e-07
2.34423  5.2778e-07
2.69154  4.23248e-07
3.09029  3.4188e-07
3.58922  2.73366e-07
4.16869  2.20183e-07
4.89779  1.75726e-07
5.82103  1.39081e-07
6.91831  1.10925e-07
8.31764  8.77727e-08
10.1158  6.89829e-08
12.4451  5.3828e-08
16.0325  4.01038e-08
21.3796  2.90062e-08
28.5102  2.11423e-08
40  1.4699e-08
58.2103  9.90322e-09
92.2571  6.1477e-09
175.792  3.18317e-09
350.752  1.58345e-09
1396.37  3.95441e-10
100000  5.5139e-12
-1  -1
0.00030517   0.0 
0.00030517  51883.1
0.000421697  42067.1
0.000446684  40339.3
0.00054  34161
0.000582103  31811.1
0.000638263  28901.1
0.00073  24938.6
0.000803526  22280.7
0.000933254  18496.9
0.00104713  15915.8
0.00121619  12989.5
0.00141254  10510.4
0.00165  8379.36
0.00194984  6525.21
0.00234423  4914.93
0.00281838  3677.53
0.00346737  2632.67
0.00421696  1904.3
0.00506991  1393.79
0.00616595  992.285
0.0074131  715.109
0.00891251  511.662
0.0108393  355.697
0.0130317  250.753
0.0156675  175.484
0.0188365  121.905
0.0226464  84.0567
0.027227  57.521
0.0323594  40.0214
0.0389045  26.9725
0.0467735  18.0345
0.0562341  11.9642
0.0676083  7.87585
0.0822243  5.00948
0.1  3.16202
0.128825  1.7263
0.160325  1.0179
0.25704  0.322996
0.319889  0.190966
0.384592  0.123548
0.451856  0.0849827
0.5188  0.0620647
0.60256  0.0445133
0.691831  0.0329868
0.794328  0.0246229
0.901571  0.0189457
1.01158  0.0150404
1.21619  0.010489
1.36458  0.00843154
1.53109  0.00682216
1.7378  0.00544657
1.97242  0.00437944
2.26464  0.00347838
2.60016  0.0027842
3  0.0022282
3.46737  0.00179189
4.02717  0.00144094
4.73151  0.00114812
5.62341  0.000907319
6.68344  0.00072259
8.03526  0.000570989
9.66051  0.000454495
11.749  0.000358996
14.2889  0.000285357
17.378  0.000227983
22.3872  0.000171707
29.5121  0.000126861
41.6869  8.76354e-05
61.6595  5.80982e-05
97.7237  3.60993e-05
186.209  1.87047e-05
371.535  9.30843e-06
1479.11  2.32532e-06
100000  3.4348e-08
-1  -1
0.00024589   0.0 
0.00024589  155953
0.000254097  144668
0.000258  138922
0.0002625  131708
0.00027  119529
0.00028  105193
0.000303  81690.4
0.000323594  67438.7
0.00034048  58460.5
0.000355  52318
0.000367282  48075.4
0.000380189  44376.3
0.00039355  41187.9
0.000412098  37561.3
0.000431519  34484.9
0.000451856  31851.2
0.000473151  29603.4
0.00049545  27694.3
0.000523  25803.6
0.000555904  24005.8
0.00060256  21999
0.000660693  20073.3
0.000977237  13999.1
0.00112202  12240
0.0012735  10750.7
0.00146218  9259.63
0.00165959  8013.69
0.0019  6814.4
0.00216272  5792.06
0.00245471  4905.51
0.0028  4098.22
0.00316228  3447.12
0.00358922  2859.2
0.0040738  2354.42
0.00462381  1924.54
0.00524807  1561.51
0.00595662  1257.71
0.00676083  1005.71
0.00767361  798.305
0.00870964  629.249
0.00988553  492.57
0.0112202  382.901
0.012735  295.608
0.0144544  226.671
0.0165959  168.369
0.0190546  124.085
0.0218776  90.7434
0.0251189  65.8634
0.0288403  47.4602
0.0331131  33.9591
0.0384592  23.4533
0.0446684  16.0781
0.0524807  10.6252
0.0623735  6.76255
0.0749894  4.14284
0.0933254  2.29522
0.11885  1.18721
0.204174  0.267926
0.254097  0.147731
0.305492  0.0901209
0.358922  0.0588981
0.412098  0.0411912
0.473151  0.0290302
0.537032  0.0212209
0.60256  0.0160679
0.676083  0.012251
0.758578  0.00940961
0.860994  0.00709095
0.933254  0.00595801
1.01158  0.00504199
1.13501  0.0040084
1.25893  0.00328128
1.41254  0.00264879
1.64059  0.00202268
1.88365  0.00158919
2.13796  0.00128306
2.45471  0.00102374
2.81838  0.000822997
3.23594  0.000666322
3.75837  0.000534019
4.4157  0.000424108
5.188  0.000339354
6.16595  0.000269298
7.4131  0.000212126
8.91251  0.000168299
11.2202  0.000127208
13.9637  9.82983e-05
17.378  7.64714e-05
22.3872  5.75971e-05
29.1743  4.30881e-05
41.2097  2.97574e-05
60.9537  1.97231e-05
96.6051  1.22524e-05
186.209  6.27405e-06
371.535  3.12235e-06
1479.11  7.80014e-07
100000  1.1521e-08
-1  -1
0.00019407   0.0 
0.00019407  377189
0.000204174  351642
0.000212  334991
0.000218776  318985
0.000227  299679
0.000238  279264
0.000266073  240753
0.00028  226265
0.000301995  208402
0.00044157  141076
0.000506991  121637
0.00058  104488
0.000653131  90776.4
0.00075  76448.4
0.000851138  64840.3
0.000977237  53766.3
0.00113501  43517.9
0.00131826  34925
0.00151356  28310.8
0.0017378  22806.1
0.00201837  17916.6
0.00234423  13974.2
0.0027227  10819.3
0.00312608  8485.53
0.00354813  6751.33
0.00402717  5339.74
0.00457088  4197.53
0.00524807  3205.18
0.0060256  2428.02
0.00691831  1825.56
0.00794328  1361.5
0.00912011  1007.87
0.0104713  740.065
0.0120226  539.205
0.0138038  389.805
0.0158489  279.602
0.018197  198.993
0.020893  140.525
0.0239883  98.4667
0.0275423  68.4804
0.0316228  47.2778
0.0363078  32.4083
0.0421697  21.3618
0.0489779  13.974
0.057544  8.77992
0.0676083  5.47561
0.081283  3.16743
0.1  1.6972
0.194985  0.221997
0.239883  0.118812
0.281838  0.0735736
0.323594  0.0491144
0.367282  0.034132
0.416869  0.0238914
0.467735  0.0173971
0.5188  0.0131629
0.57544  0.0100262
0.645654  0.00746544
0.716143  0.00576526
0.794328  0.00448358
0.870964  0.00359291
0.933254  0.00306349
0.988553  0.00269897
1.07152  0.00228238
1.16145  0.00194366
1.25893  0.00166552
1.39637  0.00137711
1.7378  0.00093291
1.97242  0.000749613
2.23872  0.000606743
2.5704  0.000485351
2.95121  0.000391106
3.42768  0.000311984
4  0.00024904
4.67735  0.000199683
5.55904  0.000157715
6.60693  0.000125542
8.03526  9.77323e-05
9.66051  7.7793e-05
11.749  6.14461e-05
14.2889  4.8842e-05
17.378  3.90212e-05
22.3872  2.93895e-05
29.1743  2.19865e-05
41.2097  1.5184e-05
61.6595  9.94416e-06
97.7237  6.17887e-06
188.365  3.16432e-06
375.837  1.57486e-06
1496.24  3.93458e-07
100000  5.8791e-09
-1  -1
0.00010608   0.0 
0.00010608  963780
0.0001062  1.00097e+06
0.0001066  1.1036e+06
0.0001071  1.2384e+06
0.0001075  1.34966e+06
0.000108  1.49188e+06
0.0001084  1.60621e+06
0.0001088  1.72007e+06
0.0001092  1.83282e+06
0.000109648  1.95644e+06
0.0001101  2.07672e+06
0.0001105  2.17832e+06
0.000110918  2.27848e+06
0.0001115  2.40738e+06
0.000112  2.50635e+06
0.0001126  2.61019e+06
0.0001131  2.6837e+06
0.0001137  2.75624e+06
0.0001143  2.81176e+06
0.000115  2.85626e+06
0.0001157  2.88127e+06
0.0001165  2.88813e+06
0.0001173  2.87598e+06
0.000118  2.85279e+06
0.0001191  2.79818e+06
0.0001203  2.72124e+06
0.0001218  2.61104e+06
0.000124  2.44011e+06
0.000128825  2.08669e+06
0.000135  1.7108e+06
0.00014  1.45606e+06
0.000144544  1.2549e+06
0.00015  1.04815e+06
0.000172  528188
0.000186209  357564
0.000197242  271092
0.000204174  230785
0.000211349  197714
0.000217  176668
0.000222  161073
0.000228  145488
0.000233  134688
0.0002392  123585
0.000245  115106
0.000251189  107727
0.00025704  102061
0.0002635  97019.2
0.000269154  93474
0.000275423  90324.2
0.000283  87418.8
0.00029009  85423.2
0.000298538  83768.1
0.000305492  82872.4
0.000316228  82109.5
0.000328  81876.8
0.000346737  82233.2
0.000416869  85072.4
0.000446684  85604
0.00047863  85475.1
0.000512861  84684.3
0.00054325  83491.7
0.00058  81564
0.00062  79082
0.000660693  76275.5
0.000707946  72804
0.00075862  69032.2
0.000812831  65026.8
0.000881049  60176.8
0.00095  55576.4
0.00103514  50357.4
0.00112202  45581.2
0.00123027  40350.8
0.00133352  36018.3
0.00146218  31417.5
0.00162181  26700.9
0.0018  22464.7
0.00197242  19166
0.00216272  16228.3
0.00237137  13653.1
0.00260016  11413.2
0.00288403  9258.08
0.0031989  7450.59
0.00354813  5948.21
0.0039355  4712.03
0.00436516  3703.84
0.00484172  2889.31
0.00537032  2237.14
0.00595662  1719.7
0.00660693  1312.56
0.00732824  994.885
0.00812831  749.034
0.00912011  542.259
0.0102329  389.472
0.0114815  277.579
0.0128825  196.364
0.0144544  137.917
0.0162181  96.197
0.0184077  64.2271
0.020893  42.5515
0.0237137  27.979
0.027227  17.5696
0.0312608  10.9491
0.0363078  6.50786
0.042658  3.68673
0.0506991  1.98965
0.0616595  0.980584
0.0794328  0.389057
0.134896  0.0557793
0.164059  0.0273903
0.194985  0.0147278
0.229087  0.00831249
0.263027  0.00512712
0.3  0.00326038
0.338844  0.00216009
0.380189  0.00147421
0.431519  0.000976285
0.473151  0.000728569
0.506991  0.0005882
0.555904  0.000446097
0.653131  0.000278243
0.716143  0.000213751
0.776247  0.000170711
0.860994  0.000128454
0.912011  0.000110454
0.954993  9.84754e-05
1  8.8356e-05
1.05925  7.78558e-05
1.12202  6.91028e-05
1.20226  6.03706e-05
1.30317  5.2012e-05
1.53109  3.92037e-05
1.8197  2.88966e-05
2.044  2.368e-05
2.34423  1.88801e-05
2.69154  1.51408e-05
3.09029  1.22301e-05
3.58922  9.77904e-06
4.16869  7.87649e-06
4.89779  6.28616e-06
5.82103  4.97547e-06
6.91831  3.96827e-06
8.31764  3.1399e-06
10.1158  2.46769e-06
12.4451  1.92557e-06
16.0325  1.43467e-06
21.3796  1.03769e-06
28.5102  7.56315e-07
40.2717  5.22051e-07
58.8844  3.50042e-07
93.3254  2.17339e-07
177.828  1.12549e-07
354.813  5.59931e-08
1412.54  1.39843e-08
100000  1.9725e-10
-1  -1
9.84e-05   0.0 
9.84e-05  1.5985e+06
9.849e-05  1.65008e+06
9.89e-05  1.838e+06
9.93e-05  2.02352e+06
9.96e-05  2.16388e+06
0.0001  2.35021e+06
0.00010037  2.52154e+06
0.0001007  2.67271e+06
0.000101158  2.87772e+06
0.00010165  3.09038e+06
0.000102  3.23569e+06
0.0001025  3.43342e+06
0.000103  3.61736e+06
0.000103514  3.7903e+06
0.000104  3.93716e+06
0.0001045  4.07045e+06
0.00010507  4.19954e+06
0.0001055  4.28069e+06
0.000106  4.35771e+06
0.0001065  4.41662e+06
0.0001072  4.4704e+06
0.000108  4.49493e+06
0.0001087  4.48804e+06
0.0001095  4.45346e+06
0.0001105  4.37857e+06
0.0001115  4.27802e+06
0.0001128  4.12316e+06
0.0001143  3.92744e+06
0.000117  3.56973e+06
0.000123027  2.8697e+06
0.000128825  2.33772e+06
0.000133352  1.99291e+06
0.00013818  1.67908e+06
0.000144544  1.33994e+06
0.000160324  789359
0.000169  606786
0.000177828  473985
0.000185  393835
0.000190546  344725
0.000195  311861
0.0002  280801
0.000206  250320
0.000211349  228303
0.000216272  211588
0.000221309  197427
0.000226464  185521
0.000231739  175599
0.000237137  167411
0.000243  160371
0.000248313  155355
0.000254097  151096
0.000260016  147790
0.000266073  145294
0.00027431  143021
0.000283  141685
0.000291743  141140
0.000305492  141368
0.000327341  143095
0.000367282  146544
0.00039355  147828
0.000421697  148094
0.00045  147217
0.00047863  145372
0.000506991  142842
0.00054  139190
0.00058  134063
0.000623735  128038
0.00067  121403
0.000724436  113637
0.00078  105980
0.000841395  97953.3
0.000912011  89456.8
0.001  79928.4
0.00108393  71918.8
0.00119  63145.2
0.00130317  55196.2
0.00141254  48699.1
0.00154882  41926.9
0.00173  34705.5
0.00192753  28585.1
0.00215  23287.2
0.0024  18773.6
0.00266073  15214.7
0.00295121  12223.3
0.00327341  9736.64
0.003641  7650.55
0.00402717  6044.13
0.00446684  4706.5
0.0049545  3637.15
0.00549541  2789.51
0.00609537  2123.85
0.00676083  1605.63
0.00749894  1205.3
0.00841395  869.422
0.00933254  643.487
0.0103514  473.159
0.0116145  333.71
0.0130317  233.563
0.0146218  162.261
0.0164059  111.919
0.0184077  76.6616
0.020893  50.1717
0.0237137  32.5747
0.0269154  20.9947
0.0309029  12.9012
0.0354813  7.8689
0.040738  4.76633
0.0473151  2.74691
0.0562341  1.44319
0.0699842  0.633216
0.121619  0.0779082
0.147911  0.0373293
0.17378  0.0204994
0.201837  0.0118369
0.229087  0.00748706
0.25704  0.00496947
0.288403  0.00332231
0.319889  0.00232854
0.354813  0.00164396
0.389045  0.00121443
0.42658  0.000902845
0.462381  0.000700774
0.501187  0.000547474
0.54325  0.00043118
0.595662  0.000330644
0.660694  0.00024675
0.724436  0.000191614
0.785236  0.000154572
0.860994  0.000121406
0.912011  0.000105057
0.966051  9.1565e-05
1.01158  8.25393e-05
1.07152  7.29968e-05
1.14815  6.34736e-05
1.23027  5.55793e-05
1.33352  4.79321e-05
1.64059  3.3213e-05
1.88365  2.60754e-05
2.11349  2.14538e-05
2.42661  1.71065e-05
2.78612  1.37436e-05
3.19889  1.11208e-05
3.71535  8.90778e-06
4.36516  7.0705e-06
5.12861  5.65467e-06
6.09537  4.48499e-06
7.32824  3.53118e-06
8.81049  2.80035e-06
11.0917  2.11555e-06
13.8038  1.63413e-06
17.1791  1.27081e-06
22.3872  9.44786e-07
29.1743  7.06798e-07
41.2097  4.88119e-07
60.9537  3.23527e-07
95.4993  2.03381e-07
181.97  1.05348e-07
363.078  5.24192e-08
1445.44  1.30928e-08
100000  1.8899e-10
-1  -1
7.64e-06   0.0 
7.64e-06  73487.8
7.67361e-06  74279.7
7.76247e-06  75535.2
7.95e-06  78698
8.12831e-06  82180.6
8.35e-06  87125.2
8.60994e-06  93782.2
8.91251e-06  102594
9.22571e-06  112907
9.7e-06  130701
1.20226e-05  250849
1.31e-05  323392
1.42889e-05  415087
1.54882e-05  519633
1.6788e-05  646104
1.8e-05  775090
1.90546e-05  894350
2.01837e-05  1.02785e+06
2.11349e-05  1.14305e+06
2.23e-05  1.28432e+06
2.34423e-05  1.42037e+06
2.45471e-05  1.54726e+06
2.5704e-05  1.67301e+06
2.66072e-05  1.76465e+06
2.77e-05  1.86658e+06
2.9e-05  1.97467e+06
3.01995e-05  2.06222e+06
3.16228e-05  2.15176e+06
3.31131e-05  2.22964e+06
3.46737e-05  2.29571e+06
3.67282e-05  2.363e+06
3.89045e-05  2.41304e+06
4.0738e-05  2.43908e+06
4.3e-05  2.45261e+06
4.51856e-05  2.44669e+06
4.7223e-05  2.42359e+06
4.9e-05  2.39009e+06
5.101e-05  2.33883e+06
5.30884e-05  2.27242e+06
5.5e-05  2.20086e+06
5.73e-05  2.10472e+06
5.95662e-05  2.0032e+06
6.16595e-05  1.906e+06
6.4e-05  1.79561e+06
6.68344e-05  1.66282e+06
6.91831e-05  1.55586e+06
7.16143e-05  1.44868e+06
7.4131e-05  1.34175e+06
7.67362e-05  1.23622e+06
7.94328e-05  1.13292e+06
8.22243e-05  1.03192e+06
8.51138e-05  933645
8.81049e-05  839164
9.12011e-05  749097
9.44061e-05  663659
9.77237e-05  583553
0.000101158  509449
0.000104  454341
0.000107152  399246
0.000110918  341246
0.000114815  289297
0.000118  252144
0.000121619  215066
0.000125  184904
0.000128  161347
0.0001315  137193
0.000135  116241
0.000138038  100394
0.0001415  84688.3
0.000144544  72685.1
0.000147911  61150.3
0.000151  52011.3
0.000154  44312.5
0.000157  37634.4
0.00016  31853.7
0.0001627  27334.1
0.000166  22594
0.000169  18948.4
0.000172  15856.2
0.000176  12477.3
0.0001835  8019.52
0.0001865  6795.86
0.0001885  6127.25
0.000190546  5552.72
0.0001922  5162.58
0.00019369  4863.71
0.000195  4639.47
0.0001965  4424.19
0.000198  4250.38
0.000199526  4113.19
0.000201  4016.06
0.0002025  3950.37
0.000204  3915.76
0.0002055  3909.98
0.000207  3930.9
0.0002085  3976.53
0.00021  4044.99
0.0002118  4154.78
0.000214  4326.04
0.000216272  4541.03
0.0002188  4820.23
0.00022143  5149.39
0.000229087  6278.21
0.000231739  6698.87
0.000234423  7133.01
0.000237137  7579.89
0.000242661  8508.39
0.000248313  9476.57
0.000254097  10475.4
0.000260016  11495
0.000266073  12524.3
0.00027227  13552.1
0.000278612  14566.9
0.000285102  15557
0.000291743  16511.6
0.000298538  17419.9
0.000305492  18256.2
0.000312608  19022.9
0.00031989  19717.8
0.000327341  20336.6
0.00033767  21045.6
0.000346737  21534
0.000358922  22011.7
0.000371535  22316.5
0.000384592  22461.7
0.00040738  22455.9
0.000421697  22364.7
0.000436516  22159.2
0.000451856  21850.2
0.000473151  21297.3
0.00049545  20610.6
0.0005188  19839.5
0.00054325  18988.5
0.00057544  17836.6
0.000609537  16624.8
0.000645654  15388.5
0.000683912  14147.4
0.000724436  12924.1
0.000767361  11736.6
0.000822243  10379.4
0.000881049  9112.25
0.000944061  7945.42
0.00101158  6883.36
0.00109648  5777.85
0.0011885  4811.67
0.00128825  3977.11
0.00139637  3264.1
0.00153109  2583.66
0.00165959  2092.12
0.0018197  1631.69
0.00201837  1223.66
0.00221309  942.29
0.00239883  744.762
0.0025704  604.877
0.00278612  471.355
0.00305492  351.916
0.00334965  261.155
0.00371535  185.308
0.00412097  130.504
0.00457088  91.3078
0.00506991  63.4349
0.00562341  43.7516
0.00623735  29.9593
0.00691831  20.3716
0.00767361  13.7595
0.00860994  8.83059
0.00966051  5.62453
0.0108393  3.55693
0.0121619  2.23394
0.0138038  1.32897
0.0156675  0.784474
0.0177828  0.459549
0.0204174  0.254391
0.0234423  0.139777
0.027227  0.0725263
0.0323594  0.0337483
0.039355  0.0140657
0.0506991  0.00449201
0.0870964  0.000388644
0.109648  0.000138071
0.130317  6.38558e-05
0.147911  3.65042e-05
0.165959  2.2125e-05
0.188365  1.28507e-05
0.218776  6.8184e-06
0.245471  4.21548e-06
0.275423  2.62509e-06
0.305492  1.72585e-06
0.338844  1.14287e-06
0.375837  7.62685e-07
0.416869  5.13097e-07
0.457088  3.63412e-07
0.49545  2.70536e-07
0.537032  2.03015e-07
0.582103  1.53508e-07
0.630957  1.16959e-07
0.683912  8.98034e-08
0.74131  6.94974e-08
0.803526  5.41704e-08
0.841395  4.68313e-08
0.881049  4.07184e-08
0.922571  3.56446e-08
0.954993  3.24236e-08
0.988553  2.96379e-08
1.02329  2.72361e-08
1.05925  2.51521e-08
1.10918  2.27712e-08
1.16145  2.07521e-08
1.23027  1.86176e-08
1.31826  1.6462e-08
1.51356  1.30449e-08
1.88365  8.87308e-09
2.0893  7.43942e-09
2.39883  5.9282e-09
2.75423  4.75985e-09
3.16228  3.84922e-09
3.67282  3.08141e-09
4.31519  2.44447e-09
5.06991  1.95398e-09
6.0256  1.54896e-09
7.24436  1.21896e-09
8.70964  9.66259e-10
10.8393  7.39779e-10
13.6458  5.63338e-10
17.1791  4.32271e-10
22.3872  3.21379e-10
29.1743  2.40423e-10
41.2097  1.66032e-10
60.9537  1.10056e-10
95.4993  6.91803e-11
181.97  3.58351e-11
363.078  1.78307e-11
1445.44  4.45377e-12
100000  6.4287e-14
-1  -1
6.8e-06   0.0 
6.8e-06  122128
7.1e-06  130416
7.32825e-06  138032
7.6e-06  148715
7.85236e-06  160112
8.2e-06  177896
8.70964e-06  207916
1.1e-05  390339
1.21619e-05  507907
1.33352e-05  642206
1.46218e-05  806634
1.60324e-05  1.00617e+06
1.7378e-05  1.21278e+06
1.86209e-05  1.41424e+06
1.98e-05  1.61108e+06
2.0893e-05  1.79495e+06
2.19e-05  1.96181e+06
2.3e-05  2.13759e+06
2.4e-05  2.28951e+06
2.51189e-05  2.44841e+06
2.63027e-05  2.60089e+06
2.75423e-05  2.74158e+06
2.88403e-05  2.86898e+06
3.01995e-05  2.98205e+06
3.16228e-05  3.07902e+06
3.326e-05  3.16637e+06
3.50752e-05  3.23923e+06
3.71535e-05  3.29598e+06
3.9355e-05  3.32747e+06
4.16869e-05  3.33364e+06
4.36516e-05  3.31688e+06
4.57088e-05  3.27708e+06
4.7863e-05  3.21344e+06
4.9545e-05  3.14913e+06
5.15e-05  3.05898e+06
5.37032e-05  2.94112e+06
5.58e-05  2.81777e+06
5.8e-05  2.68018e+06
6.0256e-05  2.53325e+06
6.3e-05  2.35353e+06
6.58e-05  2.17383e+06
6.83912e-05  2.01203e+06
7.15e-05  1.82703e+06
7.4131e-05  1.67955e+06
7.67362e-05  1.54081e+06
7.94328e-05  1.40522e+06
8.22243e-05  1.27423e+06
8.51138e-05  1.14795e+06
8.81049e-05  1.02666e+06
9.15e-05  901315
9.44061e-05  804126
9.77237e-05  703532
0.000101158  610817
0.000104713  526417
0.0001082  453614
0.000111  401690
0.000114815  339605
0.000118  294488
0.00012106  256118
0.000124452  218807
0.000128  185038
0.0001307  162480
0.000134  138147
0.0001365  121889
0.000139637  103899
0.000142889  87743.6
0.000145  78461.4
0.000148  66730.8
0.000151  56566.5
0.000154  47799.2
0.000157  40255.1
0.00016  33780
0.0001627  28764.8
0.000166  23565.5
0.000169824  18656
0.00017864  10945.8
0.000181  9568.21
0.0001835  8367.2
0.00018508  7732.16
0.0001865  7236.48
0.000188  6784.73
0.0001895  6401.8
0.0001908  6121.97
0.0001922  5871.23
0.00019369  5658.36
0.000195  5514.25
0.0001961  5422.49
0.0001973  5351.08
0.0001985  5307.93
0.0002  5291.24
0.0002015  5313
0.0002028  5360.68
0.000206538  5571.58
0.00020982  5791.22
0.000213796  6100.43
0.0002182  6498.55
0.000221309  6815.45
0.000226464  7407.62
0.000231739  8102.17
0.000237137  8908.45
0.000245471  10348.2
0.00027227  16560
0.000281838  19272.7
0.000288403  21228.3
0.000295121  23269.8
0.0003  24754.7
0.00030903  25970.2
0.000316228  26814.6
0.000323594  27566.4
0.000331131  28222.2
0.000338844  28780.1
0.000350752  29433
0.000363078  29869.4
0.00037687  30110.1
0.000389045  30141.2
0.000412098  29926.7
0.00042658  29644.9
0.00044157  29226.4
0.000462381  28481.5
0.000484172  27557.3
0.000512861  26223.6
0.000537032  25053.9
0.000568853  23485.5
0.00060256  21846.3
0.000638263  20186.9
0.000676083  18528.9
0.000716143  16899.7
0.000758578  15322.5
0.000812831  13525.1
0.000870964  11852.8
0.000933254  10317.5
0.001  8923.99
0.00108393  7477.12
0.0011749  6215.81
0.0012735  5128.84
0.00138038  4202.51
0.0015  3400.22
0.00164059  2687.44
0.00177828  2160.26
0.00192753  1725.17
0.00206538  1414.67
0.00223872  1115.14
0.00245471  843.539
0.00269154  633.835
0.00298538  455.961
0.00331131  325.462
0.00371535  221.971
0.00412097  156.103
0.00457088  108.903
0.00506991  75.3933
0.00562341  51.8147
0.00623735  35.3562
0.00691831  23.9554
0.00767361  16.1209
0.00860994  10.3023
0.00966051  6.53308
0.0108393  4.11287
0.0121619  2.57114
0.0136458  1.59636
0.0154882  0.93779
0.017378  0.574266
0.0197242  0.332444
0.0226464  0.181732
0.0263027  0.0937084
0.0309029  0.0455534
0.0371535  0.0198106
0.0462381  0.007307
0.0901571  0.000340683
0.110918  0.00013237
0.130317  6.37536e-05
0.147911  3.61569e-05
0.165959  2.17708e-05
0.186209  1.32052e-05
0.213796  7.31012e-06
0.237137  4.72313e-06
0.260016  3.22377e-06
0.285102  2.21544e-06
0.312608  1.53366e-06
0.342768  1.06992e-06
0.371535  7.85979e-07
0.40738  5.5667e-07
0.436516  4.31842e-07
0.467735  3.37199e-07
0.5  2.6745e-07
0.537032  2.11132e-07
0.582103  1.63056e-07
0.660694  1.09291e-07
0.716143  8.52441e-08
0.767362  6.93052e-08
0.841395  5.29996e-08
0.891251  4.5132e-08
0.933254  3.99297e-08
0.977237  3.55512e-08
1.02329  3.18807e-08
1.07152  2.87932e-08
1.12202  2.61648e-08
1.1885  2.33802e-08
1.28825  2.01571e-08
1.41254  1.71485e-08
1.51356  1.52338e-08
1.84077  1.07832e-08
2.06538  8.85819e-09
2.37137  7.05431e-09
2.7227  5.66055e-09
3.12608  4.5749e-09
3.63078  3.66017e-09
4.21697  2.94965e-09
4.9545  2.35536e-09
5.88844  1.86525e-09
7.07946  1.46644e-09
8.51138  1.16137e-09
10.4713  9.00827e-10
13.1826  6.85002e-10
16.9824  5.11494e-10
22.1309  3.80166e-10
29.1743  2.80803e-10
41.2097  1.93925e-10
60.9537  1.28539e-10
95.4993  8.08003e-11
184.077  4.13681e-11
367.282  2.05859e-11
1462.18  5.1422e-12
100000  7.5085e-14
-1  -1
5.001e-05   0.0 
5.001e-05  321040
5.12861e-05  291326
5.4e-05  236636
5.58e-05  208518
5.7544e-05  186257
5.9e-05  170784
6.07e-05  155626
6.23735e-05  143187
6.4e-05  132988
6.60693e-05  122158
6.83912e-05  112228
7.07946e-05  103819
7.32824e-05  96613.8
7.67362e-05  88458.1
8.03526e-05  81583.4
8.5e-05  74511.2
9.01571e-05  68326.7
9.54993e-05  63278.5
0.000101158  59057.9
0.000107152  55507.5
0.000115  51816.2
0.00015  40762.4
0.000186209  33240.6
0.00020893  29639.7
0.00024  25585.4
0.000281838  21416.5
0.00032  18474.2
0.000384592  14785.4
0.000446684  12239
0.000530884  9769.73
0.000630957  7734.8
0.00075  6076.84
0.000901571  4661.6
0.00108393  3547.68
0.00131826  2633.99
0.00160325  1941.96
0.00206538  1299.04
0.00263027  878.27
0.00334965  589.217
0.00416869  407.584
0.00512861  285.311
0.00623735  202.201
0.00758578  142.227
0.00881049  108.05
0.0105925  76.464
0.0130317  51.3958
0.0160325  34.2806
0.0201837  21.7141
0.0245471  14.6196
0.0291743  10.2388
0.0342768  7.28359
0.040738  5.01933
0.0489779  3.34788
0.0588844  2.21558
0.0707946  1.4555
0.0841395  0.975104
0.103514  0.597926
0.133352  0.32609
0.165959  0.191983
0.25704  0.066258
0.319889  0.0391764
0.384592  0.0253452
0.451856  0.0174335
0.5188  0.012732
0.60256  0.00913149
0.691831  0.00676699
0.794328  0.00505128
0.901571  0.00388692
1.01158  0.00308557
1.21619  0.00215182
1.36458  0.00172974
1.53109  0.00139956
1.7378  0.00111736
1.97242  0.00089846
2.26464  0.000713621
2.60016  0.000571204
3  0.00045713
3.46737  0.000367606
4.02717  0.000295606
4.73151  0.000235546
5.62341  0.000186139
6.68344  0.000148245
8.1283  0.000115456
9.77237  9.19426e-05
11.885  7.26502e-05
14.4544  5.77696e-05
17.5792  4.6167e-05
22.6464  3.47816e-05
29.5121  2.60265e-05
42.1696  1.77607e-05
62.3735  1.17771e-05
98.8553  7.31907e-06
190.546  3.74874e-06
380.189  1.86591e-06
1513.56  4.66194e-07
100000  7.0467e-09
-1  -1
3.261e-05   0.0 
3.261e-05  6.83992e+06
3.33e-05  6.5468e+06
3.42768e-05  6.1234e+06
3.6e-05  5.4182e+06
3.84592e-05  4.55816e+06
4.0738e-05  3.89299e+06
4.31519e-05  3.30238e+06
4.57088e-05  2.78361e+06
4.9e-05  2.24826e+06
6.09537e-05  1.132e+06
6.83912e-05  793949
8.03526e-05  488370
0.000108  201738
0.000124452  132858
0.00014  94551.4
0.000154882  71087
0.000169824  55176.6
0.000186209  43127.3
0.000201837  35005.3
0.000216272  29455.1
0.000231739  24952.2
0.000248313  21290.3
0.000266073  18291.6
0.000285102  15827.6
0.000305492  13798.4
0.000323594  12382.8
0.000346737  10952.8
0.000371535  9753.92
0.0004  8679.44
0.000431519  7754.38
0.000473151  6823.48
0.0005188  6049.27
0.00057544  5320.8
0.000660693  4519.84
0.00102329  2741.09
0.00123027  2205.18
0.00146218  1785.09
0.00171791  1454.42
0.00201837  1175.97
0.00234423  958.519
0.0027227  775.513
0.00312608  633.306
0.00358922  513.514
0.00402717  428.589
0.00462381  341.945
0.00530884  270.709
0.0060256  216.91
0.00691831  169.032
0.00794328  130.676
0.00912011  100.189
0.0113501  65.0842
0.0131826  48.0989
0.015  36.7882
0.01686  28.6656
0.0190546  21.8713
0.0218776  15.9913
0.0251189  11.6064
0.0288403  8.36328
0.0334965  5.81825
0.0389045  4.0166
0.0451856  2.75241
0.0530884  1.81829
0.0623735  1.19255
0.0749894  0.730353
0.0933254  0.404572
0.120226  0.202486
0.199526  0.0502381
0.251189  0.0268376
0.301995  0.0163671
0.354813  0.0106908
0.40738  0.0074725
0.467735  0.00526317
0.530884  0.00384494
0.60256  0.00283048
0.676083  0.00215799
0.758578  0.00165743
0.860994  0.00124908
0.933254  0.00104957
1.01158  0.000888237
1.13501  0.000706164
1.25893  0.000578066
1.41254  0.000466638
1.64059  0.000356314
1.86209  0.00028554
2.11349  0.000230422
2.42661  0.000183739
2.78612  0.00014761
3.19889  0.000119435
3.71535  9.56672e-05
4.36516  7.59354e-05
5.12861  6.07297e-05
6.09537  4.8167e-05
7.32824  3.79238e-05
8.81049  3.00753e-05
11.0917  2.27199e-05
13.8038  1.75498e-05
17.1791  1.36482e-05
22.3872  1.01464e-05
29.1743  7.59079e-06
41.2097  5.24226e-06
60.9537  3.47461e-06
96.6051  2.15852e-06
184.077  1.11829e-06
367.282  5.56474e-07
1462.18  1.39009e-07
100000  2.0297e-09
-1  -1
2.382e-05   0.0 
2.382e-05  1.55617e+07
2.78612e-05  9.42226e+06
3.34965e-05  5.25306e+06
3.84592e-05  3.36108e+06
4.57088e-05  1.91805e+06
5.01187e-05  1.43134e+06
5.4325e-05  1.11549e+06
5.82103e-05  906511
6.23735e-05  741623
6.68344e-05  611160
7.15e-05  509752
7.58578e-05  437692
8.03526e-05  379650
8.51138e-05  331281
9.01571e-05  290748
9.66051e-05  250372
0.000103514  217175
0.000110918  189712
0.000119  166498
0.00012735  147815
0.000136458  131830
0.000147911  116227
0.000162181  101419
0.00018197  86228.6
0.000204174  73863.1
0.000237137  60936.9
0.000402717  31415
0.000501187  23725.3
0.00060256  18586.5
0.000716143  14671.4
0.000841395  11682.9
0.000988553  9233.96
0.00116145  7245.91
0.00136458  5644.53
0.00160325  4365.27
0.00188365  3351.69
0.00223872  2506.62
0.00263027  1897.07
0.00305492  1454.24
0.00354813  1106.75
0.00412097  835.902
0.00473151  640.586
0.0054325  487.45
0.00623735  368.139
0.00716143  275.98
0.00822243  205.339
0.00944061  151.62
0.0109648  108.314
0.0125892  78.8308
0.0144544  56.9336
0.0164059  41.9465
0.0186209  30.6655
0.0213796  21.6215
0.0245471  15.1318
0.0281838  10.5121
0.0323594  7.24957
0.0375837  4.80883
0.0436516  3.16462
0.0506991  2.06716
0.0595662  1.29697
0.0707946  0.780547
0.0860994  0.435439
0.105925  0.232948
0.190546  0.0389274
0.234423  0.0208205
0.275423  0.0128811
0.319889  0.00830721
0.367282  0.00558378
0.416869  0.00390875
0.467735  0.0028465
0.5188  0.00215399
0.57544  0.001641
0.645654  0.00122205
0.716143  0.000943826
0.794328  0.000734096
0.870964  0.000588451
0.933254  0.000501853
0.988553  0.000442199
1.07152  0.000373982
1.16145  0.000318497
1.25893  0.000272921
1.39637  0.000225639
1.71791  0.000155964
1.94985  0.000125245
2.2131  0.000101311
2.54097  8.09914e-05
2.91743  6.52256e-05
3.38844  5.19981e-05
3.9355  4.17677e-05
4.62381  3.32454e-05
5.49541  2.62445e-05
6.53131  2.08801e-05
7.94328  1.62471e-05
9.54993  1.29262e-05
11.749  1.00675e-05
14.2889  8.00239e-06
17.378  6.39334e-06
22.6464  4.75447e-06
29.5121  3.55776e-06
41.6869  2.45763e-06
61.6595  1.6293e-06
97.7237  1.01236e-06
188.365  5.18449e-07
375.837  2.58039e-07
1496.24  6.44649e-08
100000  9.6325e-10
-1  -1
4.71e-06   0.0 
4.71e-06  3.1901e+06
4.7863e-06  3.26793e+06
5e-06  3.4312e+06
5.2e-06  3.56006e+06
5.4325e-06  3.68521e+06
5.7e-06  3.80114e+06
6e-06  3.90092e+06
6.38263e-06  3.99227e+06
6.76083e-06  4.04992e+06
7.2e-06  4.08232e+06
7.7e-06  4.08644e+06
8.2e-06  4.0612e+06
8.70964e-06  4.01066e+06
9.22571e-06  3.93717e+06
9.77237e-06  3.83961e+06
1.03514e-05  3.71905e+06
1.09648e-05  3.57485e+06
1.16145e-05  3.40859e+06
1.23027e-05  3.22435e+06
1.29e-05  3.06044e+06
1.35e-05  2.89419e+06
1.42e-05  2.70226e+06
1.5e-05  2.48974e+06
1.58489e-05  2.2763e+06
1.6788e-05  2.05683e+06
1.77828e-05  1.84496e+06
1.90546e-05  1.60633e+06
2.04174e-05  1.38804e+06
2.21309e-05  1.16127e+06
2.43e-05  937015
2.7227e-05  715487
3.01995e-05  555860
3.34965e-05  428839
3.65e-05  343526
3.9355e-05  281123
4.2658e-05  225108
4.57088e-05  184931
4.9545e-05  145892
5.37032e-05  114268
5.88844e-05  85777.2
6.53131e-05  61618.8
7.16143e-05  45606.6
7.76247e-05  34838.7
8.41395e-05  26429
9.12011e-05  19881
9.8e-05  15305.3
0.000105  11836.3
0.000115  8372.48
0.000136458  4331.11
0.000146218  3337.21
0.000151356  2941.35
0.000156675  2605.55
0.000162181  2319.07
0.00016788  2074.53
0.00017378  1865.71
0.000179887  1687.38
0.000186209  1535.17
0.000192753  1405.41
0.0002  1288.09
0.000206538  1216.32
0.000213796  1151.74
0.00022154  1096.53
0.000229087  1053.36
0.000237137  1016.38
0.000245471  985.885
0.00025704  953.633
0.000269154  929.215
0.000281838  911.003
0.000301995  891.958
0.000323594  876.929
0.000402717  845.461
0.00044157  821.558
0.00047863  795.969
0.000512861  770.046
0.000555904  735.189
0.00060256  696.553
0.000653131  654.753
0.000707946  611.085
0.000767361  566.545
0.000831764  521.639
0.000901571  477.06
0.000977237  433.51
0.00107152  385.759
0.0011749  340.717
0.00128825  298.759
0.00141254  260.136
0.00154882  224.989
0.00169824  193.332
0.00188365  161.762
0.0020893  134.279
0.0023487  108.006
0.00254097  92.7335
0.00278612  77.0307
0.00309029  62.0263
0.00342768  49.5638
0.00380189  39.3546
0.00421696  31.0215
0.00467735  24.2657
0.005188  18.8421
0.0057544  14.5265
0.00638264  11.1197
0.00707946  8.45214
0.00785236  6.38086
0.00870964  4.78561
0.00977237  3.45006
0.0109648  2.46782
0.0123027  1.7519
0.0138038  1.2346
0.0154882  0.863926
0.017378  0.600433
0.0197242  0.399363
0.0223872  0.263594
0.0254097  0.172714
0.0291743  0.108076
0.0334965  0.0671288
0.0389045  0.0397764
0.0457088  0.0224697
0.054325  0.012095
0.0676083  0.00547145
0.0922571  0.00175487
0.134896  0.000435717
0.162181  0.000223074
0.192752  0.000119905
0.226464  6.76382e-05
0.260016  4.16921e-05
0.295121  2.69404e-05
0.331131  1.82336e-05
0.371535  1.24276e-05
0.421696  8.22002e-06
0.462381  6.12545e-06
0.501187  4.76494e-06
0.549541  3.61036e-06
0.630957  2.40695e-06
0.699842  1.78681e-06
0.767362  1.38127e-06
0.851138  1.03998e-06
0.901571  8.93587e-07
0.944061  7.95922e-07
0.988553  7.13209e-07
1.03514  6.43381e-07
1.09648  5.69575e-07
1.16145  5.07509e-07
1.25  4.414e-07
1.36458  3.76777e-07
1.53109  3.08212e-07
1.8197  2.27185e-07
2.044  1.8617e-07
2.34423  1.48428e-07
2.69154  1.19032e-07
3.09029  9.61508e-08
3.58922  7.68812e-08
4.16869  6.19241e-08
4.89779  4.94216e-08
5.82103  3.91166e-08
6.91831  3.11974e-08
8.31764  2.46853e-08
10.1158  1.94013e-08
12.4451  1.51383e-08
16.0325  1.12788e-08
21.3796  8.15776e-09
28.5102  5.94607e-09
40.2717  4.10427e-09
59.5662  2.71909e-09
93.3254  1.70868e-09
177.828  8.84837e-10
354.813  4.40205e-10
1412.54  1.09937e-10
100000  1.5507e-12
-1  -1
4.13e-06   0.0 
4.13e-06  6.43236e+06
4.2658e-06  6.57957e+06
4.46684e-06  6.74432e+06
4.67735e-06  6.87111e+06
4.9545e-06  6.98118e+06
5.30884e-06  7.04978e+06
5.62341e-06  7.06139e+06
6.0256e-06  7.02686e+06
6.5e-06  6.9378e+06
7e-06  6.80148e+06
7.5e-06  6.6348e+06
8.03526e-06  6.43309e+06
8.60994e-06  6.19664e+06
9.22571e-06  5.92573e+06
9.85e-06  5.63995e+06
1.04713e-05  5.34728e+06
1.10917e-05  5.05082e+06
1.1749e-05  4.73907e+06
1.24452e-05  4.41362e+06
1.31826e-05  4.08058e+06
1.39637e-05  3.74352e+06
1.47911e-05  3.40795e+06
1.57e-05  3.06895e+06
1.65959e-05  2.76567e+06
1.77e-05  2.4325e+06
1.90546e-05  2.08248e+06
2.04174e-05  1.78798e+06
2.23e-05  1.4596e+06
2.45471e-05  1.16147e+06
2.75423e-05  875560
3.05492e-05  674030
3.34965e-05  530963
3.67282e-05  415082
3.9355e-05  343056
4.2658e-05  272749
4.57088e-05  222534
4.9545e-05  174284
5.4325e-05  130581
5.88844e-05  100742
6.45654e-05  74437.4
7.07946e-05  54656.6
7.8e-05  39185.2
8.51138e-05  28803.7
9.22571e-05  21511.3
0.0001  15954.2
0.000124452  6974.74
0.000131826  5634.61
0.00013824  4750.3
0.000144544  4072.09
0.00015  3603.2
0.000154882  3273.98
0.000160324  2969.46
0.000165959  2709.34
0.000171791  2486.81
0.000177828  2296.26
0.00018463  2120.11
0.000190546  1993.54
0.000197242  1874.42
0.0002  1831.7
0.000206538  1758.28
0.000213796  1692.84
0.00022154  1637.66
0.000229087  1595.28
0.000239883  1549.56
0.000254097  1507.58
0.00027227  1467.57
0.000295121  1432.78
0.000375837  1353.98
0.000402717  1325.32
0.00044157  1270.25
0.00047863  1215.91
0.000512861  1164.43
0.000555904  1099.08
0.00060256  1029.98
0.000653131  958.201
0.000707946  885.357
0.000767361  812.742
0.000831764  741.559
0.000912011  662.86
0.001  587.969
0.00109648  517.634
0.00120226  452.454
0.00131826  392.762
0.00144544  338.717
0.00158489  290.053
0.0017378  246.597
0.00192753  203.863
0.00216272  163.8
0.00239883  133.582
0.00266073  108.129
0.00291743  88.9938
0.00323594  70.9553
0.00358922  56.1429
0.00398107  44.0927
0.0044157  34.371
0.00489779  26.5938
0.0054325  20.4234
0.0060256  15.5706
0.00668344  11.786
0.0074131  8.85902
0.00822243  6.61359
0.00912011  4.90445
0.0101158  3.61323
0.0113501  2.55374
0.012735  1.79105
0.0142889  1.24677
0.0160325  0.861594
0.0179887  0.591234
0.0204174  0.387674
0.0231739  0.252182
0.0263027  0.16282
0.0301995  0.100231
0.0346737  0.0612305
0.0402717  0.0356232
0.0473151  0.0197167
0.0568853  0.00994556
0.0683912  0.00497801
0.123027  0.000538879
0.15  0.00025604
0.175792  0.000142045
0.201837  8.56101e-05
0.229087  5.41678e-05
0.25704  3.59674e-05
0.288403  2.40579e-05
0.319889  1.68724e-05
0.354813  1.19211e-05
0.389045  8.81291e-06
0.42658  6.55672e-06
0.462381  5.09273e-06
0.501187  3.9816e-06
0.54325  3.13809e-06
0.595662  2.409e-06
0.653131  1.85963e-06
0.716143  1.446e-06
0.776247  1.16819e-06
0.851138  9.20546e-07
0.901571  7.97613e-07
0.954993  6.9562e-07
1  6.2694e-07
1.05925  5.54365e-07
1.13501  4.81826e-07
1.23027  4.12541e-07
1.34896  3.48227e-07
1.77828  2.13378e-07
2.01837  1.7164e-07
2.31739  1.36503e-07
2.66072  1.09397e-07
3.05492  8.83136e-08
3.54813  7.05735e-08
4.12097  5.6813e-08
4.84172  4.53182e-08
5.7544  3.58503e-08
6.83912  2.85784e-08
8.22243  2.26035e-08
9.88553  1.80073e-08
12.0226  1.42341e-08
14.6218  1.13233e-08
17.378  9.2893e-09
22.3872  6.99672e-09
29.1743  5.23423e-09
41.2097  3.6148e-09
60.9537  2.39589e-09
96.6051  1.4884e-09
186.209  7.6215e-10
371.535  3.79298e-10
1479.11  9.47529e-11
100000  1.3996e-12
-1  -1
5.67e-06   0.0 
5.67e-06  9.32074e+06
5.82103e-06  8.56269e+06
6.68344e-06  5.37769e+06
8.03526e-06  2.90971e+06
9.54993e-06  1.647e+06
1.13501e-05  938967
1.30317e-05  602980
1.46218e-05  419323
1.62181e-05  304387
1.77828e-05  230410
1.92753e-05  181678
2.0893e-05  144302
2.23872e-05  119250
2.4e-05  99128.6
2.54097e-05  85700.7
2.69153e-05  74424.1
2.85102e-05  65010
3.01995e-05  57136.8
3.19889e-05  50535
3.4e-05  44672.2
3.63078e-05  39406.2
3.9e-05  34642
4.21697e-05  30327.7
4.57088e-05  26649.1
5.01187e-05  23183.7
5.62341e-05  19653.9
6.23735e-05  17054.5
7.32824e-05  13810.7
8.51138e-05  11430
0.0001  9375.26
0.000116145  7868.79
0.000160324  5509.96
0.000177828  4880.27
0.0002  4218.64
0.000234423  3436.5
0.00030903  2381.06
0.000380189  1813.37
0.000416869  1599.72
0.000616595  925.491
0.000724436  733.114
0.000954993  487.065
0.00116145  361.525
0.00144544  256.984
0.00186209  171.785
0.00242661  111.851
0.00285102  85.8034
0.005188  30.6487
0.00623735  22.2011
0.00758578  15.6233
0.00922571  10.9153
0.0112202  7.5708
0.0136458  5.21225
0.0165959  3.56133
0.0201837  2.41458
0.0245471  1.6243
0.0288403  1.16457
0.0346737  0.788317
0.0416869  0.529507
0.0501187  0.352932
0.060256  0.233334
0.0732824  0.149134
0.0860994  0.102501
0.107152  0.0611031
0.138038  0.0332896
0.25704  0.00735295
0.319889  0.00434819
0.384592  0.00281336
0.451856  0.00193613
0.5188  0.00141493
0.6  0.0010249
0.683912  0.000772099
0.785236  0.000576945
0.891251  0.000444838
1.01158  0.000345495
1.23027  0.000235793
1.39637  0.000185595
1.56675  0.000150323
1.77828  0.000120174
2.044  9.4718e-05
2.34423  7.55207e-05
2.69154  6.05623e-05
3.09029  4.89183e-05
3.58922  3.91144e-05
4.16869  3.15044e-05
4.89779  2.51434e-05
5.82103  1.99012e-05
6.91831  1.58723e-05
8.31764  1.2559e-05
10.1158  9.87073e-06
12.3027  7.80774e-06
15.3109  6.05216e-06
18.6209  4.84414e-06
24.2661  3.6086e-06
31.6228  2.70456e-06
45.1856  1.84836e-06
69.1831  1.18397e-06
116.145  6.94751e-07
231.739  3.44259e-07
462.381  1.71581e-07
1840.77  4.29178e-08
100000  7.8896e-10
-1  -1
-2   0.0 
-2  -2
