% -----------------------------------------------------------------------
%   Program Name: pe-ss-cs-57.dat 
%   Author: the Geant4 Collaboration
%   Organization: the Geant4 Collaboration
%   Version: unknown
%   Date: circa 2006
%   Class: Public
%   Copyright (c) Copyright Holders of the Geant4 Collaboration, 1994-2006.
%   See http://cern.ch/geant4/license for details on the copyright holders.
%   All rights not expressly granted under this license are reserved.
% -----------------------------------------------------------------------
0.038943   0.0 
0.038943  5134.8
0.03927  5043.8
0.0402717  4731.94
0.0416869  4322.77
0.042658  4086.36
0.0467735  3209.03
0.0524807  2381.54
0.0588844  1752.82
0.073  980.04
0.0912011  530.522
0.11885  252.83
0.20893  51.4491
0.254097  29.7924
0.300006  18.872
0.346737  12.7746
0.39355  9.14473
0.44157  6.79249
0.49545  5.08071
0.549541  3.9389
0.609537  3.0741
0.668344  2.48101
0.74131  1.96498
0.822243  1.5669
0.944061  1.16894
1.02329  0.991998
1.16145  0.772898
1.28825  0.634031
1.44544  0.51257
1.64059  0.4088
1.86209  0.328561
2.11349  0.266059
2.39883  0.217111
2.75423  0.175338
3.19889  0.140239
3.71535  0.113019
4.31519  0.0917693
5.06991  0.073882
6.0256  0.058995
7.24436  0.0467586
8.81049  0.0368061
10.8393  0.0287692
13.6458  0.022051
18.197  0.0159594
23.174  0.0122437
33.4965  0.00824083
52.4808  0.00514591
86.0994  0.00308787
169.824  0.00154644
338.844  0.000770346
1348.96  0.000192549
100000  2.5937e-06
-1  -1
0.0062418   0.0 
0.0062418  20131.1
0.0064  19279.6
0.0065  18811.9
0.00665  18069.6
0.00691831  16973.9
0.0075  14722.4
0.00812831  12827.6
0.00870964  11304.1
0.0101158  8553.96
0.012735  5449.11
0.0141254  4409.77
0.0164059  3230.62
0.0190546  2341.07
0.0213796  1817.83
0.0251189  1264.42
0.0295121  870.937
0.0342768  611.061
0.0398107  425.527
0.0462381  294.21
0.0537032  202.031
0.0630957  133.821
0.075  85.3866
0.0901571  52.5026
0.112202  29.2129
0.134896  17.7219
0.223872  4.44244
0.285102  2.31237
0.334965  1.50663
0.384592  1.05072
0.436516  0.760364
0.49545  0.554373
0.555904  0.418977
0.623735  0.319135
0.691831  0.251477
0.767362  0.199483
0.851138  0.15921
0.933254  0.131165
1.02329  0.108846
1.1749  0.0829765
1.30317  0.0681046
1.46218  0.0550694
1.64059  0.0448365
1.86209  0.0360354
2.11349  0.0291829
2.39883  0.0238137
2.75423  0.0192297
3.19889  0.0153788
3.71535  0.0123935
4.31519  0.0100633
5.06991  0.00810204
6.0256  0.00646948
7.24436  0.00512764
8.81049  0.0040363
10.8393  0.00315486
13.6458  0.00241809
18.4077  0.0017279
23.4423  0.00132612
33.1131  0.00091484
51.88  0.000571111
84.1395  0.000346707
164.059  0.000175624
327.341  8.74676e-05
1303.17  2.18587e-05
100000  2.8443e-07
-1  -1
0.0059025   0.0 
0.0059025  40341.3
0.005985  39348.4
0.0061  37755
0.00645654  32722
0.00758578  21404
0.00851138  15632
0.0101158  9661.7
0.0113501  6992.1
0.0139637  3835.1
0.0158  2661
0.018197  1744.5
0.0221309  961.23
0.0269154  524.28
0.033  276.15
0.04  149.6
0.049545  75.102
0.0668344  28.3752
0.120226  4.16399
0.15  2.03378
0.18197  1.09565
0.213796  0.658477
0.248313  0.413496
0.285102  0.27118
0.323594  0.18556
0.363078  0.132315
0.40738  0.0950152
0.457088  0.0687487
0.506991  0.0517345
0.562341  0.039201
0.623735  0.0299236
0.683912  0.0237007
0.758578  0.0183825
0.841395  0.0143628
0.944061  0.0109814
1  0.00966201
1.07152  0.00835704
1.14815  0.00727879
1.25  0.00618956
1.38038  0.00516384
1.71791  0.00351154
1.94985  0.00282829
2.18776  0.00233971
2.48313  0.00191317
2.85102  0.00154814
3.31131  0.00124041
3.84592  0.00100142
4.46684  0.000814491
5.30884  0.000646841
6.30957  0.000517494
7.67361  0.000405103
9.44061  0.000315168
11.6145  0.000246938
14.4544  0.000192177
19.0546  0.000141105
23.7137  0.00011111
33.4965  7.66647e-05
52.4808  4.78734e-05
85.1138  2.90681e-05
167.88  1.45557e-05
334.965  7.25018e-06
1333.52  1.81213e-06
100000  2.413e-08
-1  -1
0.0054838   0.0 
0.0054838  86928.6
0.005575  84167
0.0057  79763.6
0.006  69748.4
0.00691831  47375.2
0.00767361  35446.3
0.00901571  22350.1
0.0105925  14027.5
0.012884  7822.7
0.0142889  5715.32
0.0169824  3359.52
0.0204174  1885.64
0.0245471  1047.77
0.0295121  576.747
0.0354813  314.784
0.042658  170.482
0.05188  88.2326
0.0653131  40.3524
0.128825  3.94026
0.160325  1.87406
0.188365  1.09117
0.216272  0.690916
0.248313  0.440674
0.278612  0.304971
0.312608  0.212573
0.346737  0.154694
0.384592  0.11338
0.42658  0.0837334
0.467735  0.0644028
0.512861  0.0498718
0.562341  0.0388876
0.616595  0.0305446
0.676083  0.0241746
0.74131  0.0192724
0.841395  0.0142519
0.901571  0.0121543
0.966051  0.010435
1.03514  0.00902904
1.13501  0.00750438
1.25  0.00623157
1.38038  0.00519053
1.65959  0.00374121
1.88365  0.0030078
2.11349  0.00248309
2.39883  0.00202615
2.75423  0.00163622
3.19889  0.00130862
3.71535  0.0010546
4.31519  0.000856319
5.06991  0.000689418
6.0256  0.000550496
7.24436  0.000436314
8.81049  0.000343449
10.8393  0.000268453
13.6458  0.000205765
18.197  0.000148913
23.4423  0.000112836
33.4965  7.6896e-05
52.4808  4.8018e-05
85.1138  2.91553e-05
167.88  1.45996e-05
334.965  7.27208e-06
1333.52  1.81755e-06
100000  2.4203e-08
-1  -1
0.0013504   0.0 
0.0013504  58844.9
0.00143  55710.8
0.00154882  50160.5
0.00163  46990.6
0.0017378  42921.3
0.00223872  29549.1
0.0024  26503.4
0.00295121  18928.6
0.0033  15649.1
0.00384592  11989.4
0.00462381  8598.64
0.0053  6674.16
0.00609537  5121.49
0.00724436  3662.49
0.00870964  2537.52
0.0103514  1783.68
0.0123  1244.07
0.0144544  881.348
0.016788  635.925
0.0195  455.79
0.023  313.36
0.0269154  217.689
0.0316228  148.733
0.0371535  100.875
0.0436516  67.9028
0.0512861  45.3904
0.0609537  29.2521
0.0724436  18.7126
0.0870964  11.5337
0.107152  6.63706
0.138038  3.34842
0.245471  0.700261
0.295121  0.427158
0.346737  0.279073
0.4  0.192742
0.451856  0.141488
0.506991  0.106359
0.568853  0.0805347
0.630957  0.0631126
0.699842  0.0497832
0.776247  0.0395295
0.870964  0.0308104
0.954993  0.0254186
1.05925  0.0206468
1.20226  0.0161237
1.34896  0.0129721
1.51356  0.0105115
1.71791  0.00840611
1.94985  0.00677471
2.2131  0.00550117
2.51189  0.00450088
2.88403  0.00364406
3.34965  0.00292124
3.89045  0.00235978
4.51856  0.00192031
5.37032  0.00152581
6.38263  0.00122124
7.76247  0.000956474
9.66051  0.000734297
12.0226  0.000568167
15  0.00044134
19.7242  0.00032529
25.704  0.000243805
35.0752  0.000174858
55.5904  0.000107987
92.2571  6.40978e-05
184.077  3.17541e-05
367.282  1.58249e-05
1462.18  3.95727e-06
100000  5.7784e-08
-1  -1
0.0012048   0.0 
0.0012048  89179.5
0.00122  90532.9
0.001238  91201.2
0.001245  91198.8
0.001255  90745.9
0.00131  87322.8
0.00141254  80605.1
0.0015  74944.6
0.00165959  65530.7
0.00177828  59522.4
0.00190546  53807.2
0.00204174  48362.1
0.00218776  43170.1
0.00251189  34079.3
0.00269154  30107
0.00301995  24236.9
0.00331131  20276.2
0.00365  16654.8
0.00412097  12941.8
0.00457088  10349.1
0.00512861  8019.78
0.0057544  6163.22
0.00638264  4835.1
0.00724436  3564.39
0.00812831  2682.37
0.00922571  1947.62
0.0104713  1403.34
0.011885  1003.75
0.0135  711.36
0.0153109  502.8
0.017378  352.284
0.0197242  245.274
0.0226464  164.138
0.0265  103.101
0.0309029  64.9212
0.0363078  39.6749
0.0431519  23.2345
0.0524807  12.5684
0.0660693  6.04757
0.136458  0.589488
0.169824  0.293826
0.2  0.175642
0.245471  0.0933491
0.281838  0.0613541
0.319889  0.0420453
0.358922  0.0300144
0.402717  0.0215787
0.451856  0.0156409
0.506991  0.0114252
0.562341  0.0086695
0.623735  0.00662511
0.691831  0.00510117
0.767362  0.00395782
0.870964  0.00292212
0.933254  0.00249347
0.988553  0.00219797
1.07152  0.00185968
1.16145  0.00158434
1.25893  0.00135817
1.39637  0.00112372
1.69824  0.000794967
1.92752  0.000639906
2.16272  0.000529019
2.45471  0.000432262
2.81838  0.000349518
3.27341  0.00027986
3.80189  0.000225805
4.4157  0.000183556
5.24808  0.000145698
6.23735  0.000116506
7.58578  9.1162e-05
9.33254  7.08939e-05
11.4815  5.55234e-05
14.2889  4.31963e-05
19.0546  3.13052e-05
23.7137  2.4651e-05
33.4965  1.70082e-05
52.4808  1.06209e-05
86.0994  6.37331e-06
171.791  3.15489e-06
342.768  1.57162e-06
1364.58  3.92871e-07
100000  5.3534e-09
-1  -1
0.0011227   0.0 
0.0011227  236690
0.00117  227829
0.00123027  215241
0.00133352  194264
0.00141254  179126
0.00156675  153424
0.00171791  132936
0.00186209  116502
0.002  103030
0.00234423  77166.5
0.00254097  66275.5
0.00281838  53971.6
0.00316228  42708.4
0.00346737  35150.9
0.0039355  26698.5
0.00436516  21156.5
0.00489779  16229.4
0.005522  12210.7
0.00616595  9337.76
0.007  6803.92
0.00794328  4922.59
0.009  3547.85
0.0101158  2594.11
0.0114815  1834.6
0.0130317  1288.05
0.0147911  897.849
0.0169824  600.851
0.0192753  412.9
0.0221309  272.284
0.025704  172.019
0.0295121  111.801
0.0342768  69.6166
0.0402717  41.4751
0.047863  23.624
0.057544  12.8624
0.0716143  6.19622
0.102329  1.86134
0.139637  0.651135
0.169824  0.338251
0.201837  0.191191
0.231739  0.121865
0.263027  0.0812049
0.295121  0.0565266
0.331131  0.0396529
0.367282  0.0290171
0.40738  0.0213784
0.451856  0.015863
0.49545  0.0122516
0.54325  0.00953238
0.595662  0.00747071
0.653131  0.00589967
0.716143  0.00469345
0.785236  0.00376087
0.860994  0.00302673
0.922571  0.00258714
0.988553  0.00222714
1.07152  0.00188697
1.1749  0.00157282
1.28825  0.00132066
1.42889  0.00109356
1.69824  0.000805643
1.92752  0.000648556
2.16272  0.000536169
2.45471  0.000438101
2.81838  0.00035424
3.27341  0.00028364
3.80189  0.000228854
4.4157  0.000186036
5.24808  0.00014767
6.23735  0.000118084
7.58578  9.23933e-05
9.33254  7.18524e-05
11.4815  5.62745e-05
14.1254  4.43558e-05
18.8365  3.2134e-05
23.7137  2.49844e-05
33.4965  1.72389e-05
52.4808  1.07645e-05
86.0994  6.4595e-06
171.791  3.19754e-06
342.768  1.59289e-06
1364.58  3.98183e-07
100000  5.4258e-09
-1  -1
0.00086496   0.0 
0.00086496  745467
0.000889  833817
0.000895  850272
0.000898  855936
0.000905  860224
0.00091  860933
0.000915  857569
0.000944061  794803
0.000965  751996
0.00111  548412
0.0011749  480230
0.0012735  394706
0.00138038  322075
0.00151356  253259
0.00165959  197657
0.00185  146530
0.00204174  110537
0.0023  78234
0.0025704  56125.4
0.0029  38906.9
0.00327341  26676.9
0.00365  18897.3
0.00421696  11837.5
0.00467735  8403.91
0.0053  5522.48
0.00609537  3420.64
0.007  2110.34
0.00794328  1347.41
0.009  859.14
0.0102329  537.248
0.011749  321.632
0.0133352  199.574
0.0153109  117.738
0.0177828  65.9578
0.020893  35.0462
0.0248313  17.652
0.0298538  8.42225
0.0367282  3.63259
0.0467735  1.35024
0.081283  0.139257
0.101158  0.057024
0.121619  0.0270693
0.142889  0.0142049
0.165959  0.00786469
0.190546  0.00459139
0.218776  0.00270114
0.245471  0.00174805
0.27227  0.00118918
0.301995  0.000814576
0.334965  0.000562657
0.371535  0.000391514
0.412098  0.000274468
0.457088  0.00019387
0.506991  0.000137959
0.555904  0.000102574
0.616595  7.40756e-05
0.668344  5.78683e-05
0.716143  4.71066e-05
0.767362  3.85973e-05
0.851138  2.88827e-05
0.901571  2.47112e-05
0.944061  2.19222e-05
0.988553  1.95629e-05
1.03514  1.75817e-05
1.08393  1.59092e-05
1.14815  1.41546e-05
1.21619  1.26853e-05
1.31826  1.09635e-05
1.53109  8.4712e-06
1.8197  6.26572e-06
2.04174  5.15887e-06
2.31739  4.2008e-06
2.63027  3.44581e-06
3.01995  2.79674e-06
3.50752  2.24713e-06
4.0738  1.81944e-06
4.7863  1.46102e-06
5.68853  1.16382e-06
6.83912  9.20263e-07
8.31764  7.22737e-07
10.3514  5.56235e-07
13.1826  4.20082e-07
17.5792  3.03739e-07
22.9087  2.2706e-07
32.7341  1.54677e-07
51.2861  9.6539e-08
83.1764  5.85954e-08
164.059  2.93334e-08
327.341  1.46093e-08
1303.17  3.65089e-09
100000  4.7506e-11
-1  -1
0.00084728   0.0 
0.00084728  1.0907e+06
0.000858  1.243e+06
0.000862  1.29729e+06
0.0008658  1.34156e+06
0.000868  1.36224e+06
0.00087  1.37564e+06
0.00087572  1.39697e+06
0.0008835  1.38865e+06
0.00101158  989915
0.00108393  846616
0.00116145  719142
0.00124452  606985
0.00135  493695
0.00147911  388318
0.00162181  302677
0.0018  226935
0.00197242  174580
0.00223872  120689
0.00245471  91593.9
0.00281838  60094.4
0.00316228  41930.8
0.00354813  29064.9
0.00402717  19255.8
0.00451856  13145.2
0.00506991  8912.93
0.0057544  5768.55
0.00653131  3704.57
0.0074131  2361.41
0.00831764  1558.37
0.00933254  1022.37
0.0105925  638.703
0.0120226  396.245
0.0136458  244.133
0.0154882  149.438
0.0177828  86.8752
0.0206538  47.9073
0.0245471  23.8952
0.0291743  11.8179
0.0350752  5.53294
0.0431519  2.33711
0.0841395  0.142274
0.103514  0.060055
0.121619  0.030901
0.141254  0.016795
0.162181  0.00964
0.18197  0.00611055
0.204174  0.00390127
0.226464  0.00262337
0.251189  0.00177638
0.278612  0.00121183
0.305492  0.000868335
0.334965  0.000626327
0.367282  0.000455083
0.4  0.000340929
0.436516  0.000255622
0.473151  0.000197427
0.512861  0.000153637
0.555904  0.000120514
0.6  9.6458e-05
0.645654  7.86063e-05
0.699842  6.32179e-05
0.803526  4.40302e-05
0.860994  3.65706e-05
0.912011  3.15053e-05
0.954993  2.81087e-05
1  2.52238e-05
1.05925  2.22228e-05
1.12202  1.97267e-05
1.1885  1.7623e-05
1.2735  1.54961e-05
1.39637  1.31604e-05
1.53109  1.12259e-05
1.79887  8.46906e-06
2.01837  6.96936e-06
2.29087  5.67166e-06
2.60016  4.64961e-06
3  3.7444e-06
3.46737  3.02872e-06
4.02717  2.45083e-06
4.73151  1.96694e-06
5.62341  1.56601e-06
6.76083  1.23776e-06
8.22243  9.71584e-07
10.3514  7.37387e-07
13.1826  5.56895e-07
17.5792  4.0266e-07
22.9087  3.01006e-07
33.1131  2.02549e-07
51.88  1.26455e-07
84.1395  7.67676e-08
165.959  3.84357e-08
331.131  1.91437e-08
1318.26  4.78442e-09
100000  6.2978e-11
-1  -1
0.00027913   0.0 
0.00027913  138140
0.0003  132061
0.000323594  125074
0.000350752  117156
0.000375837  110131
0.00040738  101957
0.000489779  83183.4
0.00053  75711
0.00060256  64209.6
0.00067  55753.2
0.00075  47568.4
0.000860994  38899.6
0.000988553  31520.7
0.00112202  25847.2
0.00133352  19535.5
0.00160325  14353
0.00192753  10452.2
0.00234423  7400.21
0.00288403  5089.03
0.00354813  3471.23
0.00431519  2400.82
0.00524807  1648.31
0.00630957  1148.39
0.00758578  793.929
0.00912011  544.527
0.0109648  370.483
0.0130317  256.341
0.0154882  176.07
0.0184077  120.017
0.0216272  83.3234
0.0254097  57.4362
0.03  38.86
0.0354813  25.9782
0.0421697  17.0287
0.0501187  11.0747
0.06  7.01286
0.0716143  4.44143
0.0841395  2.9113
0.103514  1.67719
0.134896  0.821809
0.234423  0.182817
0.285102  0.108039
0.338844  0.0683917
0.389045  0.0477636
0.44157  0.0346047
0.501187  0.0252596
0.562341  0.0191135
0.623735  0.0149681
0.691831  0.0117987
0.767362  0.0093618
0.860994  0.00729123
0.944061  0.00600972
1.03514  0.00498986
1.1749  0.00389172
1.30317  0.00319439
1.46218  0.00258319
1.64059  0.00210322
1.86209  0.00169034
2.11349  0.00136889
2.39883  0.00111704
2.75423  0.000902029
3.19889  0.000721399
3.71535  0.00058137
4.31519  0.000472065
5.06991  0.000380056
6.0256  0.000303469
7.24436  0.000240531
8.81049  0.000189335
10.9648  0.000146006
13.8038  0.000111958
18.4077  8.10547e-05
23.4423  6.2204e-05
33.4965  4.23908e-05
52.4808  2.64713e-05
86.0994  1.58842e-05
171.791  7.86283e-06
342.768  3.91703e-06
1364.58  9.79149e-07
100000  1.3342e-08
-1  -1
0.00022473   0.0 
0.00022473  110730
0.000295121  104744
0.000323594  102186
0.000354813  98908.4
0.000380189  95930.9
0.00041  92158.6
0.000436516  88559.7
0.000473151  83497.6
0.000515  77954.4
0.000555904  72750.1
0.000609537  66349
0.00067  59924
0.000732825  53987.3
0.00082  46943
0.000901571  41418
0.00101158  35262.2
0.00111  30779.6
0.00125892  25376.9
0.0014  21401.8
0.00157  17687.9
0.00177828  14262
0.002  11555.1
0.00223872  9382.78
0.00254097  7371.58
0.0029  5684.14
0.00331131  4343.2
0.00375837  3333.4
0.0043  2495.32
0.00489779  1870.43
0.0055  1436.85
0.0062  1086.75
0.007  813.224
0.00785236  613.87
0.00891251  447.144
0.0101158  323.361
0.0114815  232.207
0.0131826  160.565
0.0151356  110.153
0.017378  74.988
0.02  50.3311
0.0231739  32.873
0.0269154  21.1592
0.0312608  13.5206
0.0367282  8.28414
0.0436516  4.86455
0.0524807  2.73618
0.0660693  1.32051
0.0933254  0.438136
0.138038  0.12516
0.171791  0.0625535
0.206538  0.0351341
0.239883  0.0221277
0.275423  0.0145381
0.312608  0.00995813
0.354813  0.00687073
0.4  0.0048713
0.446684  0.00357371
0.5  0.00262384
0.555904  0.00197714
0.616595  0.00151015
0.683912  0.00116209
0.758578  0.000901061
0.860994  0.000664976
0.922571  0.000566843
0.977237  0.00049911
1.04713  0.000431822
1.13501  0.000367221
1.24452  0.000307478
1.36458  0.000259499
1.65959  0.000183365
1.88365  0.000147409
2.11349  0.000121667
2.39883  9.92698e-05
2.7227  8.15873e-05
3.16228  6.52202e-05
3.67282  5.25298e-05
4.26579  4.26292e-05
5.01187  3.43028e-05
6  2.7123e-05
7.24436  2.13807e-05
8.70964  1.70654e-05
10.8393  1.31546e-05
13.6458  1.0083e-05
18.197  7.29736e-06
23.174  5.59849e-06
33.1131  3.81442e-06
51.88  2.38137e-06
84.1395  1.44565e-06
167.88  7.15419e-07
334.965  3.5635e-07
1333.52  8.9068e-08
100000  1.186e-09
-1  -1
0.00020707   0.0 
0.00020707  342183
0.000219  340916
0.000227  338638
0.00025704  324261
0.000269154  317673
0.000305492  297188
0.000335  280618
0.000363078  265024
0.000389045  250910
0.000421697  233566
0.000462381  213615
0.000501187  196396
0.00054325  179352
0.00060256  158390
0.000660693  140886
0.000732825  122539
0.000812831  105858
0.000912011  89225.2
0.00101158  75991.2
0.00113501  63117.3
0.0012735  52039.8
0.00142889  42610.4
0.00162181  33937.7
0.00185  26564.6
0.0020893  21028.6
0.00234423  16750.5
0.00265  13059.4
0.003  10081.8
0.0034  7709.6
0.00384592  5878.74
0.00436516  4416.8
0.0049545  3293.33
0.00562341  2436.56
0.00638264  1788.87
0.00724436  1302.7
0.00822243  941.578
0.00933254  675.414
0.0105925  480.934
0.0120226  340.082
0.0136458  238.824
0.0154882  166.561
0.0177828  111.545
0.0204174  74.1239
0.0234423  48.8853
0.0269154  32.0117
0.0312608  20.082
0.0363078  12.5047
0.042658  7.45155
0.0506991  4.24614
0.0616595  2.22625
0.0776247  1.03172
0.144544  0.127221
0.175792  0.0662698
0.20893  0.0375526
0.239883  0.0239961
0.27227  0.0160302
0.305492  0.0111864
0.342768  0.00786573
0.380189  0.00577008
0.416869  0.00440856
0.462381  0.00328143
0.506991  0.00254145
0.555904  0.00198183
0.609537  0.00155632
0.668344  0.00123119
0.732824  0.000981016
0.822243  0.000745194
0.891251  0.000618008
0.954993  0.000530053
1.01158  0.000469143
1.10918  0.000389203
1.21619  0.000325304
1.33352  0.000273903
1.51356  0.000218173
1.7378  0.000171108
1.97242  0.000137929
2.2131  0.00011416
2.51189  9.34016e-05
2.88403  7.56274e-05
3.34965  6.06275e-05
3.89045  4.89742e-05
4.51856  3.98538e-05
5.37032  3.16668e-05
6.38263  2.53467e-05
7.76247  1.98511e-05
9.66051  1.52398e-05
12  1.1818e-05
15  9.1596e-06
19.7242  6.7512e-06
25.704  5.05994e-06
35.4813  3.58524e-06
56.2341  2.2146e-06
94.4061  1.29932e-06
188.365  6.43856e-07
375.837  3.20907e-07
1496.24  8.02585e-08
100000  1.1993e-09
-1  -1
0.00011683   0.0 
0.00011683  475956
0.00011697  480832
0.00011749  504607
0.000118  532500
0.0001187  577080
0.000120226  690522
0.00012095  746160
0.0001215  786500
0.0001221  826872
0.0001227  862244
0.0001232  887172
0.0001238  911064
0.0001243  925836
0.0001249  937532
0.00012545  942768
0.000126  943164
0.0001267  937808
0.0001275  924784
0.0001283  906248
0.000129  886776
0.00013  855356
0.0001311  818144
0.0001322  779800
0.000134  717652
0.0001365  636332
0.00014  535504
0.000149  344894
0.000152  301237
0.000154  276947
0.000156  256151
0.000158  238530
0.00016  223765
0.000162  211556
0.000164059  201354
0.000166  193692
0.000168  187554
0.000169824  183335
0.000172  179834
0.000174  177899
0.000176  177041
0.000178  177126
0.0001805  178376
0.0001835  181279
0.0001865  185421
0.000190546  192488
0.000195  201659
0.000213796  246565
0.000222  266189
0.00023  284199
0.000238  300534
0.000245471  314080
0.000254097  327595
0.000263027  339278
0.000273  349781
0.000283  357872
0.000295  364670
0.000305492  368272
0.000316228  369983
0.000331131  369599
0.000346737  366481
0.000363078  360942
0.000380189  353300
0.0004  342615
0.000421697  329486
0.000446684  313528
0.000473151  296280
0.000501187  278043
0.000537032  255576
0.00057544  233154
0.000616595  211049
0.000660693  189734
0.000707946  169527
0.000758578  150487
0.000822243  130070
0.000891251  111571
0.000977237  92860.9
0.00105925  78505.3
0.00116145  64339.2
0.0012735  52308.2
0.00138038  43398.9
0.00153109  33876.1
0.00169824  26224.5
0.00186209  20748.3
0.00204174  16323.1
0.00226464  12375.4
0.00254097  9021.75
0.00281838  6737.52
0.00315  4886.76
0.00346737  3680.82
0.00389045  2599.87
0.00431519  1888.29
0.0047863  1362.28
0.00537032  940.573
0.0060256  644.356
0.00676083  438.107
0.00758578  295.724
0.00860994  190.421
0.00966051  126.72
0.0109648  80.3756
0.0124452  50.6196
0.0141254  31.6574
0.0160325  19.6604
0.0184077  11.6047
0.0211349  6.80061
0.0245471  3.78338
0.0288403  1.99705
0.0346737  0.954617
0.042658  0.412756
0.0584173  0.11449
0.0860994  0.0234639
0.107152  0.00966172
0.12735  0.00482749
0.149624  0.00254452
0.171791  0.00147962
0.197242  0.000866752
0.223872  0.000534664
0.251189  0.000347007
0.281838  0.000226889
0.30903  0.000162498
0.342768  0.000112416
0.380189  7.83079e-05
0.42658  5.28014e-05
0.467735  3.87763e-05
0.506991  2.97703e-05
0.555904  2.21753e-05
0.609537  1.66428e-05
0.668344  1.25845e-05
0.732824  9.5901e-06
0.860994  6.03316e-06
0.912011  5.14715e-06
0.954993  4.56114e-06
1  4.0689e-06
1.04713  3.65756e-06
1.09648  3.3117e-06
1.14815  3.0171e-06
1.21619  2.70436e-06
1.31826  2.33918e-06
1.51356  1.84797e-06
1.8197  1.33943e-06
2.01837  1.12402e-06
2.29087  9.14755e-07
2.60016  7.49865e-07
3  6.038e-07
3.46737  4.88392e-07
4.02717  3.95204e-07
4.73151  3.17178e-07
5.62341  2.52523e-07
6.76083  1.99587e-07
8.22243  1.56675e-07
10.2329  1.20532e-07
13.0317  9.09905e-08
17.1791  6.66194e-08
22.6464  4.91453e-08
32.7341  3.30646e-08
50.6991  2.08858e-08
83.1764  1.25256e-08
162.181  6.3442e-09
323.594  3.15943e-09
1288.25  7.89518e-10
100000  1.0155e-11
-1  -1
0.00011376   0.0 
0.00011376  703038
0.000114  718224
0.0001146  765162
0.0001152  820206
0.0001167  982854
0.0001175  1.07508e+06
0.000118  1.13125e+06
0.00011852  1.18653e+06
0.000119  1.23342e+06
0.0001195  1.27694e+06
0.00012  1.31419e+06
0.0001205  1.34458e+06
0.000121  1.36789e+06
0.000121619  1.38703e+06
0.000122  1.39369e+06
0.0001225  1.39691e+06
0.0001232  1.39201e+06
0.000124  1.37506e+06
0.0001247  1.35244e+06
0.0001255  1.31996e+06
0.0001265  1.27267e+06
0.0001275  1.22101e+06
0.000129  1.14052e+06
0.0001307  1.05025e+06
0.000133352  918691
0.00013696  763044
0.000144544  519960
0.0001472  458927
0.000149624  412778
0.000151356  384864
0.000153109  360549
0.000155  338336
0.000157  318933
0.0001585  306863
0.000160324  294756
0.000162181  285040
0.000164059  277588
0.000166  272124
0.000168  268588
0.000169824  266997
0.000172  266883
0.000174  268273
0.000176  270899
0.000179  276788
0.000182  284567
0.0001865  298840
0.000193  322883
0.000204174  367699
0.000212  398824
0.000219  425377
0.000226464  451714
0.000234423  476992
0.000242661  499742
0.000251189  519553
0.000260016  536302
0.000269154  550068
0.00028  562301
0.000291743  571072
0.000301995  575258
0.000315  576454
0.000328  573887
0.000343  567468
0.00036  556928
0.000380189  540834
0.0004  522496
0.000421697  500575
0.000446684  474450
0.000473151  446786
0.000501187  417979
0.000537032  382776
0.00057544  347978
0.000616595  314041
0.000660693  281447
0.000716143  245821
0.000767361  217439
0.000831764  187146
0.000901571  159931
0.000988553  132521
0.00107152  111655
0.0011749  91135.3
0.00128825  73808
0.00141254  59382.7
0.00157  45885.1
0.00175792  34496.9
0.00195  26341.8
0.00215  20294.8
0.00235  15916.3
0.00260016  11995.9
0.00288403  8916.18
0.0032  6574.56
0.00354813  4826.13
0.0039355  3513.12
0.0044157  2449.68
0.00489779  1758.63
0.0054325  1254.13
0.00609537  854.909
0.00683912  578.344
0.00767361  388.369
0.00860994  259.009
0.00966051  171.536
0.0109648  108.2
0.0124452  67.75
0.0141254  42.1144
0.0160325  25.9877
0.0184077  15.2266
0.0211349  8.85371
0.0245471  4.88165
0.0288403  2.55039
0.0342768  1.26192
0.0416869  0.5638
0.0530884  0.206548
0.0870964  0.0261035
0.105925  0.0116005
0.124452  0.00599052
0.144544  0.00326724
0.164059  0.0019693
0.186209  0.00119572
0.20893  0.000765224
0.231739  0.000515467
0.25704  0.000349723
0.281838  0.000249366
0.30903  0.000179017
0.338844  0.000129463
0.367282  9.81313e-05
0.398107  7.49065e-05
0.431519  5.75597e-05
0.467735  4.45221e-05
0.506991  3.46671e-05
0.549541  2.71748e-05
0.595662  2.14463e-05
0.645654  1.70433e-05
0.699842  1.36376e-05
0.758578  1.09874e-05
0.851138  8.13149e-06
0.901571  7.03335e-06
0.954993  6.12473e-06
1  5.5148e-06
1.05925  4.87242e-06
1.13501  4.23252e-06
1.21619  3.70336e-06
1.31826  3.19237e-06
1.46218  2.65933e-06
1.79887  1.85102e-06
2.01837  1.5235e-06
2.29087  1.23974e-06
2.60016  1.01627e-06
3  8.1836e-07
3.46737  6.6194e-07
4.02717  5.35636e-07
4.73151  4.29878e-07
5.62341  3.42263e-07
6.76083  2.70511e-07
8.22243  2.12353e-07
10.3514  1.61155e-07
13.1826  1.21715e-07
17.5792  8.80035e-08
22.9087  6.57864e-08
33.1131  4.4269e-08
51.88  2.7637e-08
84.1395  1.6778e-08
165.959  8.40037e-09
331.131  4.18397e-09
1318.26  1.04567e-09
100000  1.3764e-11
-1  -1
4.365e-05   0.0 
4.365e-05  86525.4
4.7e-05  98875.6
4.92e-05  106765
5.15e-05  114447
5.4e-05  122109
5.65e-05  128930
5.9e-05  134842
6.16595e-05  140109
6.4e-05  143851
6.68344e-05  147286
6.91831e-05  149262
7.16143e-05  150537
7.4131e-05  151113
7.76247e-05  150858
8.15e-05  149469
8.60994e-05  146803
9.12011e-05  143088
9.8e-05  137568
0.000105925  130889
0.000114815  123378
0.000123027  116496
0.000133352  108084
0.000146218  98354.8
0.000164059  86671.2
0.000184077  75809.8
0.000204174  66703.7
0.000237137  54923.3
0.00027227  45623.2
0.00032  36404.8
0.000380189  28433.8
0.000473151  20572.8
0.000582103  15001
0.0007  11240.4
0.000831764  8523.82
0.000988553  6416.85
0.0011885  4703.58
0.00144544  3353.77
0.00177828  2325.58
0.00223872  1535.49
0.0027227  1071.86
0.00350752  667.085
0.00431519  449.258
0.00530884  300.229
0.00645654  203.621
0.00785236  137.019
0.00944061  93.6727
0.0113501  63.5529
0.0136458  42.7803
0.0162181  29.3006
0.0192753  19.9239
0.0231739  13.1087
0.0275423  8.78618
0.0316228  6.33865
0.0371535  4.29635
0.0436516  2.89072
0.05188  1.876
0.0616595  1.20814
0.074131  0.74991
0.0860994  0.505979
0.107152  0.282227
0.142889  0.129712
0.248313  0.0289401
0.3  0.017439
0.350752  0.0115503
0.402717  0.0080812
0.457088  0.00586631
0.512861  0.0044139
0.57544  0.00334494
0.638263  0.00262337
0.707946  0.00207094
0.785236  0.00164569
0.870964  0.0013155
0.954993  0.00108527
1.05925  0.000881481
1.20226  0.000688375
1.34896  0.000553827
1.51356  0.000448774
1.71791  0.00035888
1.94985  0.000289237
2.2131  0.000234879
2.51189  0.000192171
2.88403  0.000155582
3.34965  0.000124721
3.89045  0.00010075
4.51856  8.19871e-05
5.37032  6.51449e-05
6.45654  5.13873e-05
7.85236  4.02641e-05
9.77237  3.09241e-05
12.1619  2.39364e-05
15.3109  1.84128e-05
20  1.3678e-05
26.3027  1.01538e-05
35.8922  7.28643e-06
56.8853  4.50174e-06
95.4993  2.6417e-06
190.546  1.30924e-06
380.189  6.52557e-07
1513.56  1.63214e-07
100000  2.4671e-09
-1  -1
2.833e-05   0.0 
2.833e-05  4.47704e+06
2.88403e-05  4.31514e+06
2.94e-05  4.12468e+06
3e-05  3.91576e+06
3.0903e-05  3.60589e+06
3.19889e-05  3.25304e+06
3.35e-05  2.8123e+06
3.50752e-05  2.41454e+06
3.71535e-05  1.97792e+06
4e-05  1.5179e+06
4.73151e-05  823075
5.12861e-05  617509
5.5e-05  484448
5.88844e-05  385022
6.23735e-05  319287
6.60693e-05  266616
6.91831e-05  232136
7.24436e-05  203310
7.58578e-05  179240
7.94328e-05  159141
8.31764e-05  142322
8.70964e-05  128191
9.15e-05  115493
9.54993e-05  106140
0.0001  97481.6
0.000104713  90032.7
0.000110918  82116.1
0.00011749  75456.6
0.000124452  69805.8
0.000133352  64077.6
0.000144544  58481.9
0.000160324  52453.4
0.000190546  44214.3
0.000254097  33407.7
0.000298538  28356.3
0.000350752  23873.1
0.000402717  20447.1
0.000462381  17386.3
0.000524808  14881.8
0.0006  12533.7
0.000683912  10514.1
0.000776247  8806.36
0.000881049  7319.41
0.001  6036.68
0.00113501  4940.29
0.00128825  4012.59
0.00146218  3235.25
0.00165959  2590.11
0.00188365  2059.25
0.00216272  1591.28
0.00245471  1247.72
0.00278612  971.725
0.00316228  751.65
0.00358922  577.413
0.0040738  440.419
0.00462381  333.495
0.00524807  250.658
0.00595662  186.984
0.00676083  138.451
0.00767361  101.738
0.00870964  74.2175
0.00988553  53.754
0.0112202  38.6606
0.0128825  26.7772
0.0151356  17.3067
0.0171791  12.1788
0.0197242  8.23732
0.0226464  5.53221
0.0263027  3.56709
0.0305492  2.2831
0.0358922  1.40106
0.042658  0.82395
0.0512861  0.464145
0.0638264  0.232675
0.0860994  0.0895988
0.139637  0.0190681
0.17378  0.00953351
0.20893  0.0053571
0.242661  0.00337594
0.278612  0.00221946
0.316228  0.00152133
0.358922  0.00105047
0.402717  0.000755422
0.451856  0.000547197
0.501187  0.000412098
0.555904  0.000312466
0.616595  0.000238628
0.683912  0.000183632
0.758578  0.000142389
0.860994  0.000105067
0.922571  8.95502e-05
0.977237  7.88419e-05
1.04713  6.82066e-05
1.13501  5.79994e-05
1.24452  4.85637e-05
1.36458  4.09876e-05
1.6788  2.83811e-05
1.90546  2.28299e-05
2.13796  1.88634e-05
2.42661  1.54037e-05
2.78612  1.24463e-05
3.23594  9.9594e-06
3.75837  8.03098e-06
4.36516  6.52462e-06
5.188  5.1762e-06
6.16595  4.13718e-06
7.49894  3.2356e-06
9.12011  2.55025e-06
11.2202  1.99573e-06
14  1.547e-06
18.6209  1.12364e-06
23.4423  8.73377e-07
33.4965  5.95184e-07
52.4808  3.71664e-07
86.0994  2.2302e-07
171.791  1.10399e-07
342.768  5.49964e-08
1364.58  1.37473e-08
100000  1.8733e-10
-1  -1
2.559e-05   0.0 
2.559e-05  9.13928e+06
2.62e-05  8.6074e+06
2.69153e-05  7.98131e+06
2.78612e-05  7.19455e+06
2.91743e-05  6.21427e+06
3.08e-05  5.18676e+06
3.27341e-05  4.20201e+06
3.58922e-05  3.02786e+06
4.02717e-05  2.0049e+06
4.31519e-05  1.5746e+06
4.57088e-05  1.29523e+06
4.84172e-05  1.0726e+06
5.12861e-05  895015
5.4e-05  766484
5.68853e-05  660298
5.95662e-05  582536
6.23735e-05  517393
6.53131e-05  462843
6.83912e-05  417162
7.16143e-05  378853
7.5e-05  346508
7.85236e-05  319277
8.22243e-05  295954
8.70964e-05  271220
9.3e-05  247626
0.0001  225709
0.000108393  205170
0.000119  185098
0.000136458  160621
0.00018  121213
0.000211349  102306
0.00025  85037.6
0.000285102  73127.6
0.000331131  61118.5
0.000375837  52205.5
0.000436516  43004.1
0.000501187  35703.3
0.00058  29087.2
0.000653131  24469.1
0.00074131  20224.5
0.000841395  16597.7
0.000954993  13528.5
0.00108393  10945.3
0.00123027  8792.31
0.00139637  7013.61
0.00160325  5438.53
0.00184077  4183.68
0.00211349  3193.41
0.00242661  2418.91
0.00278612  1817.83
0.0031989  1355.25
0.00363078  1028.03
0.00412097  774.302
0.00467735  578.971
0.00530884  429.687
0.0060256  316.483
0.00683912  231.341
0.00776247  167.847
0.00881049  120.838
0.01  86.3712
0.0113501  61.3012
0.0128825  43.1842
0.0147911  29.2364
0.0169824  19.6429
0.0194985  13.0965
0.0223872  8.66408
0.025704  5.68999
0.0298538  3.58036
0.0346737  2.23542
0.040738  1.33574
0.0484172  0.76331
0.057544  0.432726
0.0716143  0.209124
0.1  0.0682289
0.141254  0.0213152
0.171791  0.0110956
0.204174  0.00628232
0.234423  0.00401021
0.266072  0.00267578
0.3  0.0018368
0.334965  0.00130947
0.371535  0.000959229
0.412098  0.000707757
0.457088  0.000526301
0.501187  0.000407269
0.549541  0.000317362
0.60256  0.000249046
0.660694  0.000196886
0.724436  0.000156778
0.794328  0.000125738
0.870964  0.000101276
0.933254  8.66755e-05
1  7.4719e-05
1.09648  6.19301e-05
1.20226  5.17162e-05
1.31826  4.35044e-05
1.47911  3.53428e-05
1.71791  2.71428e-05
1.94985  2.18654e-05
2.18776  1.80865e-05
2.48313  1.4788e-05
2.85102  1.19659e-05
3.31131  9.58695e-06
3.84592  7.73968e-06
4.46684  6.2949e-06
5.30884  4.99921e-06
6.30957  3.99955e-06
7.67361  3.1309e-06
9.44061  2.43583e-06
11.6145  1.90856e-06
14.2889  1.50472e-06
19.0546  1.09053e-06
23.7137  8.58728e-07
33.4965  5.92522e-07
52.4808  3.69996e-07
85.1138  2.24653e-07
167.88  1.12495e-07
334.965  5.60344e-08
1333.52  1.4005e-08
100000  1.8649e-10
-1  -1
5.58e-06   0.0 
5.58e-06  2.48824e+06
5.82103e-06  2.69086e+06
6.0256e-06  2.8513e+06
6.30957e-06  3.05513e+06
6.60693e-06  3.24732e+06
6.91831e-06  3.42669e+06
7.24436e-06  3.59425e+06
7.6e-06  3.75357e+06
8e-06  3.90393e+06
8.41395e-06  4.03018e+06
8.85e-06  4.13344e+06
9.22571e-06  4.19758e+06
9.7e-06  4.24652e+06
1.01158e-05  4.26086e+06
1.06e-05  4.2462e+06
1.11e-05  4.19808e+06
1.15e-05  4.13816e+06
1.20226e-05  4.03491e+06
1.25e-05  3.92035e+06
1.30317e-05  3.77313e+06
1.35e-05  3.63045e+06
1.4e-05  3.46953e+06
1.46218e-05  3.26343e+06
1.53e-05  3.03738e+06
1.59e-05  2.83985e+06
1.65959e-05  2.6194e+06
1.7378e-05  2.38574e+06
1.83e-05  2.13297e+06
1.92753e-05  1.89389e+06
2.04174e-05  1.64951e+06
2.19e-05  1.38339e+06
2.37137e-05  1.12342e+06
2.5704e-05  902587
2.75423e-05  743177
2.95121e-05  607963
3.15e-05  499560
3.35e-05  412064
3.54813e-05  342051
3.75837e-05  281854
3.98107e-05  230566
4.22e-05  186817
4.46684e-05  151068
4.73151e-05  121026
5.01187e-05  96343.2
5.30884e-05  76197.2
5.65e-05  58737.6
6.0256e-05  44535.1
6.4e-05  34139.4
6.83912e-05  25281.8
7.4131e-05  17416.9
8.12831e-05  11351.7
8.51138e-05  9215.4
8.81049e-05  7926.98
9.07e-05  7024.8
9.33254e-05  6278.65
9.58e-05  5702.96
9.8e-05  5279.04
0.0001  4955.2
0.000102329  4641.3
0.000104713  4380.11
0.000107152  4165.98
0.000109648  3993.81
0.000112202  3859.03
0.000114815  3757.14
0.00011749  3683.85
0.0001205  3631.81
0.000123027  3608.5
0.00012623  3600.18
0.000130317  3615.17
0.000135  3656.7
0.000141254  3737.08
0.000163  4053.28
0.00017378  4179.45
0.000184077  4268.63
0.000194984  4332.35
0.000204174  4361.34
0.000216272  4367.24
0.00022922  4343.08
0.000242661  4291.34
0.00025704  4212.68
0.00027227  4109.76
0.000288403  3985.2
0.000305492  3841.39
0.000327341  3647.47
0.000350752  3437.12
0.000375837  3215.83
0.000402717  2988.86
0.000431519  2761.72
0.000462381  2536.19
0.000501187  2279.08
0.00054325  2032.02
0.000588844  1798.48
0.000638263  1581.01
0.000691831  1380.45
0.000749894  1197.2
0.000812831  1031.46
0.000891251  863.203
0.000977237  716.851
0.00107152  590.822
0.0011749  483.392
0.00128825  392.729
0.00141254  316.935
0.00156675  247.135
0.0017378  191.24
0.00192753  146.873
0.00213796  111.98
0.00237137  84.7797
0.00263027  63.7543
0.00291743  47.6265
0.00323594  35.3274
0.00358922  26.0209
0.004  18.7611
0.00446684  13.3429
0.0049545  9.62407
0.00555904  6.64359
0.00623735  4.54984
0.00699842  3.09256
0.00785236  2.08686
0.00881049  1.39844
0.01  0.893448
0.0113501  0.566514
0.0128825  0.356571
0.0146218  0.222835
0.0165959  0.138284
0.0190546  0.0815673
0.0218776  0.0477656
0.0254097  0.0265554
0.0301995  0.0133802
0.0363078  0.00638806
0.0457088  0.00251317
0.0901571  0.000157209
0.110918  6.79329e-05
0.131826  3.39918e-05
0.153109  1.87797e-05
0.175792  1.09336e-05
0.201837  6.4133e-06
0.229087  3.961e-06
0.25704  2.57399e-06
0.288403  1.68528e-06
0.319889  1.15972e-06
0.354813  8.0383e-07
0.39355  5.61203e-07
0.436516  3.94701e-07
0.47863  2.90591e-07
0.524807  2.15343e-07
0.57544  1.60703e-07
0.623735  1.25232e-07
0.676083  9.82385e-08
0.74131  7.49886e-08
0.803526  5.95408e-08
0.860994  4.87114e-08
0.912011  4.15131e-08
0.954993  3.67691e-08
1  3.2802e-08
1.04713  2.94968e-08
1.09648  2.67064e-08
1.14815  2.43228e-08
1.21619  2.17891e-08
1.31826  1.88449e-08
1.51356  1.4898e-08
1.84077  1.05875e-08
2.044  8.8742e-09
2.31739  7.23976e-09
2.63027  5.93854e-09
3.01995  4.81977e-09
3.50752  3.8726e-09
4.0738  3.1355e-09
4.7863  2.51778e-09
5.68853  2.00563e-09
6.83912  1.5859e-09
8.31764  1.24551e-09
10.3514  9.58581e-10
13.1826  7.23952e-10
17.5792  5.23446e-10
22.9087  3.91291e-10
33.1131  2.63319e-10
51.88  1.64389e-10
84.1395  9.97914e-11
167.88  4.93854e-11
334.965  2.45992e-11
1333.52  6.14833e-12
100000  8.187e-14
-1  -1
5.34e-06   0.0 
5.34e-06  4.09897e+06
5.62341e-06  4.45711e+06
5.85e-06  4.71927e+06
6.1e-06  4.98113e+06
6.38263e-06  5.24459e+06
6.7e-06  5.50726e+06
7.1e-06  5.7869e+06
7.5e-06  6.01956e+06
7.85236e-06  6.18646e+06
8.31764e-06  6.35539e+06
8.70964e-06  6.45482e+06
9.12011e-06  6.51982e+06
9.54993e-06  6.54633e+06
1e-05  6.531e+06
1.05e-05  6.4656e+06
1.1e-05  6.35412e+06
1.15e-05  6.20202e+06
1.20226e-05  6.00621e+06
1.25e-05  5.8016e+06
1.30317e-05  5.55252e+06
1.35e-05  5.32006e+06
1.4e-05  5.06345e+06
1.46218e-05  4.73966e+06
1.53109e-05  4.38545e+06
1.60324e-05  4.02694e+06
1.6788e-05  3.67327e+06
1.77e-05  3.28064e+06
1.86209e-05  2.92365e+06
1.98e-05  2.52436e+06
2.11349e-05  2.14438e+06
2.26464e-05  1.79127e+06
2.45471e-05  1.44068e+06
2.65e-05  1.16279e+06
2.85102e-05  940408
3.05492e-05  764086
3.23594e-05  638547
3.45e-05  519095
3.65e-05  429685
3.85e-05  356923
4.0738e-05  291289
4.31519e-05  235140
4.57088e-05  188429
4.84172e-05  150032
5.15e-05  116630
5.5e-05  88507.2
5.82103e-05  69310.2
6.23735e-05  51062.8
6.65e-05  38192.9
7.94328e-05  16792.4
8.31764e-05  13668.5
8.60994e-05  11787.7
8.81049e-05  10727.2
9.07e-05  9586.2
9.3e-05  8757.6
9.5e-05  8154.24
9.74e-05  7553.14
9.95e-05  7122.18
0.000101158  6835.96
0.000103514  6499.31
0.000105925  6226.99
0.000108393  6012.05
0.000111  5844.17
0.000113501  5730.55
0.000116145  5650.88
0.000119  5602.3
0.000122  5585.66
0.000126  5605.43
0.000130317  5662.52
0.000136458  5783.88
0.000158489  6284.5
0.00016788  6451.4
0.000177828  6583.58
0.000188365  6677.8
0.0002  6732.3
0.000211349  6728.59
0.00022428  6678.45
0.000237137  6590
0.000251189  6459.56
0.000266073  6292.99
0.000281838  6094.39
0.0003  5847.93
0.00031989  5565.09
0.000342768  5237.94
0.000367282  4895.25
0.00039355  4544.68
0.00042658  4136.85
0.000462381  3735.36
0.000501187  3346.1
0.00054325  2974.21
0.000588844  2624.47
0.000638263  2300.11
0.000691831  2002.48
0.000749894  1732.19
0.000812831  1488.68
0.000891251  1242.15
0.000977237  1028.58
0.00107152  845.356
0.0011749  689.712
0.00128825  558.806
0.00141254  449.724
0.00156675  349.6
0.0017378  269.698
0.00192753  206.496
0.00213796  156.96
0.00234423  122.097
0.00260016  91.3642
0.00288403  67.9023
0.00327341  46.8833
0.00363078  34.3908
0.00402717  25.0599
0.00446684  18.132
0.0049545  13.0323
0.005522  9.15952
0.00616595  6.35182
0.00691831  4.30227
0.00776247  2.89249
0.00870964  1.93078
0.00977237  1.27998
0.0110917  0.80828
0.0125892  0.50652
0.0142889  0.315063
0.0162181  0.194541
0.0186209  0.114071
0.0213796  0.0663723
0.0248313  0.0366194
0.0291743  0.019144
0.0346737  0.0094757
0.0421697  0.00423597
0.0530884  0.00162983
0.0860994  0.000217291
0.107152  8.79249e-05
0.125892  4.54387e-05
0.144544  2.59737e-05
0.164059  1.56556e-05
0.186209  9.5064e-06
0.20893  6.08462e-06
0.231739  4.09962e-06
0.25704  2.78268e-06
0.281838  1.98555e-06
0.30903  1.42685e-06
0.338844  1.03319e-06
0.371535  7.54042e-07
0.402717  5.76226e-07
0.436516  4.43159e-07
0.473151  3.43073e-07
0.512861  2.67396e-07
0.555904  2.09869e-07
0.60256  1.65913e-07
0.653131  1.32215e-07
0.707946  1.06141e-07
0.767362  8.58221e-08
0.860994  6.38428e-08
0.912011  5.54027e-08
0.966051  4.83986e-08
1.022  4.2727e-08
1.08393  3.77703e-08
1.16145  3.29137e-08
1.25893  2.82542e-08
1.38038  2.39098e-08
1.75792  1.5641e-08
1.97242  1.28573e-08
2.23872  1.04479e-08
2.54097  8.55382e-09
2.91743  6.9297e-09
3.38844  5.55827e-09
3.9355  4.49253e-09
4.62381  3.60149e-09
5.49541  2.86454e-09
6.60693  2.26179e-09
8.03526  1.77385e-09
10.1158  1.34505e-09
12.8825  1.01503e-09
16.9824  7.42885e-10
22.6464  5.41024e-10
32.7341  3.63992e-10
51.2861  2.27189e-10
83.1764  1.37892e-10
164.059  6.90307e-11
327.341  3.43801e-11
1303.17  8.59172e-12
100000  1.118e-13
-1  -1
5.14e-06   0.0 
5.14e-06  2.72395e+06
5.55904e-06  1.84618e+06
5.82103e-06  1.46314e+06
6.1e-06  1.14954e+06
6.45654e-06  851448
6.76083e-06  663254
7.1e-06  505096
7.4131e-06  394882
7.76247e-06  301639
8.12831e-06  228804
8.51138e-06  172443
9.7e-06  75869.4
1e-05  62927.2
1.027e-05  53728.2
1.05e-05  47389.6
1.07152e-05  42504.1
1.092e-05  38654.2
1.11e-05  35827.2
1.127e-05  33574.8
1.142e-05  31885.8
1.16145e-05  30063.9
1.18e-05  28666.6
1.195e-05  27750.6
1.207e-05  27141.2
1.222e-05  26518.2
1.24e-05  25953.4
1.26e-05  25531.2
1.28e-05  25296.4
1.30317e-05  25224
1.32e-05  25287
1.34e-05  25470
1.365e-05  25839
1.3965e-05  26484.2
1.42889e-05  27309.4
1.48e-05  28845.4
1.65959e-05  35122.5
1.7378e-05  37829.3
1.8197e-05  40491.3
1.90546e-05  43041
2e-05  45545
2.0893e-05  47615
2.19e-05  49620.6
2.3e-05  51435.2
2.42661e-05  53072.8
2.54097e-05  54180.5
2.66072e-05  55013.4
2.81838e-05  55675.2
2.98538e-05  55925.1
3.16228e-05  55782.1
3.35e-05  55258.2
3.54813e-05  54369.2
3.75837e-05  53148.8
4e-05  51510.8
4.2658e-05  49533.8
4.57088e-05  47161.5
4.9e-05  44571
5.30884e-05  41458.9
5.82103e-05  37860.1
6.45654e-05  33915.7
7.4131e-05  29033.5
8.70964e-05  24012.8
0.000136458  13970.4
0.000151356  12261.4
0.000165959  10848
0.000184077  9381.56
0.000226464  6931.04
0.000285102  4904.39
0.000384592  3118.31
0.000473151  2258.44
0.000609537  1518.28
0.000776247  1025.72
0.000922571  771.892
0.00113501  543.116
0.00125892  453.283
0.00192753  212.473
0.00245471  137.192
0.00305492  91.6718
0.00375837  62.0528
0.00462381  41.6851
0.00562341  28.419
0.00683912  19.232
0.00822243  13.2223
0.00988553  9.02383
0.011885  6.11085
0.0141254  4.20965
0.016788  2.87913
0.02  1.94386
0.0237137  1.31593
0.0281838  0.878981
0.0331131  0.598666
0.039355  0.3936
0.0467735  0.256742
0.0549541  0.17105
0.0660693  0.106678
0.08  0.064818
0.0977237  0.0381082
0.125892  0.0192847
0.251189  0.00296121
0.301995  0.00180897
0.350752  0.00121975
0.402717  0.000853712
0.457088  0.000620016
0.512861  0.000466768
0.57544  0.000353977
0.638263  0.000277848
0.707946  0.000219573
0.785236  0.000174725
0.870964  0.000140003
0.966051  0.00011304
1.09648  8.7885e-05
1.25  6.8214e-05
1.41254  5.42849e-05
1.58489  4.40943e-05
1.79887  3.53648e-05
2.044  2.8528e-05
2.31739  2.3273e-05
2.63027  1.90903e-05
3.01995  1.54942e-05
3.50752  1.24494e-05
4.0738  1.00799e-05
4.7863  8.09403e-06
5.68853  6.44741e-06
6.83912  5.09835e-06
8.31764  4.00409e-06
10.3514  3.08159e-06
13.1826  2.3273e-06
17.5792  1.68271e-06
22.9087  1.2579e-06
33.1131  8.46499e-07
51.88  5.28463e-07
84.1395  3.20815e-07
165.959  1.60622e-07
331.131  8.00028e-08
1318.26  1.9994e-08
100000  2.6319e-10
-1  -1
-2   0.0 
-2  -2
