% -----------------------------------------------------------------------
%   Program Name: pe-ss-cs-44.dat 
%   Author: the Geant4 Collaboration
%   Organization: the Geant4 Collaboration
%   Version: unknown
%   Date: circa 2006
%   Class: Public
%   Copyright (c) Copyright Holders of the Geant4 Collaboration, 1994-2006.
%   See http://cern.ch/geant4/license for details on the copyright holders.
%   All rights not expressly granted under this license are reserved.
% -----------------------------------------------------------------------
0.022087   0.0 
0.022087  9689.59
0.02235  9441.16
0.02265  9146.6
0.023  8765.06
0.0237137  8132.2
0.0255  6722.98
0.0285102  5045.78
0.0334965  3289.23
0.042658  1704.85
0.0530884  928.376
0.0660693  500.037
0.0822243  266.943
0.105925  127.996
0.192752  22.2588
0.237137  12.2254
0.28  7.61672
0.323594  5.08113
0.367282  3.58996
0.412098  2.63539
0.457088  2.00794
0.506991  1.54017
0.562341  1.18955
0.616595  0.951436
0.683912  0.745611
0.758578  0.588897
0.841395  0.468654
0.922571  0.385194
1  0.326488
1.14815  0.248029
1.25  0.210805
1.42889  0.164306
1.58489  0.136269
1.75792  0.113761
1.94985  0.0956526
2.26464  0.0752906
2.63027  0.0596991
3.01995  0.0485335
3.50752  0.0391443
4.12097  0.0313125
4.84172  0.0252381
5.7544  0.0201913
7  0.015797
8.60994  0.0122953
10.5925  0.00963559
13.4896  0.00730653
17.7828  0.00537032
24.2661  0.00382995
35.4813  0.00255786
58.2103  0.00152679
107.152  0.000817254
213.796  0.000405977
426.579  0.000202557
1698.24  5.07054e-05
100000  8.6017e-07
-1  -1
0.0032039   0.0 
0.0032039  40921.8
0.00345  36408.8
0.0039355  29363.6
0.00421696  26002.5
0.00524807  17604.1
0.00568853  15121
0.0068  10730.2
0.00767361  8417.65
0.00870964  6497.27
0.01  4851.42
0.0112202  3784.51
0.0131826  2647.65
0.0153109  1883.1
0.017378  1402.47
0.02  1004.65
0.0231739  702.987
0.0269154  485.468
0.0315  326.458
0.0367282  220.016
0.0431519  144.329
0.0512861  91.1515
0.0609537  57.1287
0.0732824  34.446
0.0901571  19.3361
0.113501  10.0956
0.218776  1.55737
0.263027  0.926479
0.30903  0.592307
0.354813  0.406495
0.402717  0.289858
0.451856  0.214586
0.506991  0.160027
0.562341  0.12376
0.623735  0.0963892
0.683912  0.0777051
0.758578  0.0614702
0.841395  0.0489793
0.944061  0.0383199
1.02329  0.032499
1.14815  0.0258375
1.24452  0.022144
1.42889  0.0171254
1.60325  0.0139193
1.77828  0.0116284
1.97242  0.00978497
2.29087  0.00770677
2.66072  0.0061139
3.05492  0.00497357
3.54813  0.00401384
4.16869  0.00321258
4.89779  0.00259073
5.82103  0.00207368
7.07946  0.00162362
8.81049  0.00124662
11  0.00096128
14  0.00073024
18.4077  0.000538825
25.1189  0.000384628
36.7282  0.000257058
61.6595  0.000149933
120.226  7.57587e-05
239.883  3.76711e-05
954.993  9.40496e-06
60256  1.48725e-07
100000  8.9643e-08
-1  -1
0.0029718   0.0 
0.0029718  90866
0.003015  88610.7
0.00307  85348
0.00312  81715
0.00318  78235
0.00346737  62867
0.00375837  50793
0.00462381  28972
0.00501187  23212
0.006  13986
0.00724436  8087.9
0.00803526  5952.7
0.00954993  3542.6
0.0115  2003
0.0136458  1173.4
0.0158489  729.69
0.0184077  451
0.0216272  266.87
0.025704  151.06
0.0309029  81.752
0.0380189  40.669
0.0484172  17.863
0.0676083  5.6816
0.104713  1.2631
0.131826  0.57612
0.158489  0.30954
0.186209  0.18099
0.221309  0.10264
0.248313  0.070766
0.275423  0.050967
0.323594  0.030943
0.363078  0.0218133
0.402717  0.0160302
0.446684  0.0118599
0.49545  0.00883873
0.549541  0.00663616
0.609537  0.00502082
0.668344  0.00394409
0.732824  0.00311898
0.831764  0.00228066
0.891251  0.00193206
0.954993  0.00164844
1.01158  0.00145381
1.09648  0.00122976
1.1749  0.00107245
1.28825  0.00090207
1.44544  0.000732664
1.69824  0.000551354
1.88365  0.000462202
2.0893  0.000390468
2.42661  0.000308393
2.81838  0.000245408
3.16228  0.000207123
3.67282  0.000167449
4.31519  0.000134249
5.06991  0.00010844
6.09537  8.56656e-05
7.32824  6.81525e-05
9.12011  5.23966e-05
11.4815  4.00628e-05
14.7911  3.00647e-05
19.4984  2.21527e-05
26.6073  1.58369e-05
38.4592  1.07251e-05
64.5654  6.26113e-06
127.35  3.12897e-06
254.097  1.55654e-06
1011.58  3.8874e-07
63826.3  6.14809e-09
100000  3.9253e-09
-1  -1
0.0028387   0.0 
0.0028387  196030
0.0028429  195210
0.0028433  195914
0.00299  170561
0.00305492  162092
0.00331131  131687
0.00358922  105913
0.00446684  57931.9
0.0049  44675.6
0.0058  27545.2
0.00691831  16356.6
0.00767361  11986.1
0.00912011  7071.34
0.0108393  4127.88
0.0125892  2567.88
0.0144544  1646.55
0.016788  1010.66
0.0197242  593.068
0.0234423  332.369
0.0278612  184.862
0.0331131  102.127
0.0402717  51.7396
0.0501187  24.0057
0.0653131  9.39548
0.114815  1.26115
0.141254  0.607168
0.169824  0.319259
0.194985  0.198445
0.221309  0.129189
0.251189  0.0847258
0.281838  0.0581718
0.312608  0.0417596
0.346737  0.0301993
0.380189  0.0227923
0.416869  0.0173165
0.457088  0.0132507
0.501187  0.0102162
0.549541  0.00793668
0.595662  0.00640499
0.653131  0.00505257
0.716143  0.00401683
0.812831  0.00296096
0.881049  0.0024555
0.944061  0.00210535
1.01158  0.00181805
1.10918  0.00150742
1.20226  0.00128761
1.33352  0.00106053
1.5  0.00085755
1.69824  0.000688748
1.88365  0.000577484
2.0893  0.000487865
2.42661  0.000385284
2.81838  0.000306579
3.16228  0.000258749
3.67282  0.000209191
4.31519  0.000167713
5.06991  0.000135466
6.09537  0.000107017
7.32824  8.51392e-05
9.12011  6.5457e-05
11.4815  5.00485e-05
14.7911  3.75583e-05
19.4984  2.76736e-05
26.6073  1.97842e-05
38.9045  1.32373e-05
65.3131  7.72958e-06
128.825  3.86342e-06
257.04  1.92214e-06
1023.29  4.80066e-07
64565.4  7.59261e-09
100000  4.9036e-09
-1  -1
0.00057403   0.0 
0.00057403  126244
0.000655  110199
0.000785236  88960.1
0.000812831  85249.8
0.000988553  65403.2
0.00107152  58244.2
0.0012735  44901
0.00141254  38146.9
0.00165959  29345.3
0.00190546  23240.2
0.00218776  18295.8
0.0025704  13724.6
0.00301995  10212.2
0.00354813  7539.85
0.00416869  5525.65
0.00489779  4019.58
0.0057544  2902.36
0.00676083  2079.62
0.00794328  1478.72
0.00933254  1043.4
0.0109648  730.692
0.0128825  507.795
0.0151356  350.242
0.0177828  239.669
0.020893  162.753
0.0245471  109.652
0.0288403  73.3109
0.0338844  48.6478
0.04  31.6542
0.0473151  20.3346
0.0562341  12.8051
0.0676083  7.75901
0.0822243  4.52005
0.1  2.61458
0.136458  1.08437
0.231739  0.241189
0.278612  0.143964
0.327341  0.0923535
0.375837  0.0635978
0.42658  0.0455216
0.47863  0.0338337
0.530884  0.0260771
0.588844  0.0202356
0.653131  0.0158177
0.724436  0.0124569
0.803526  0.00988459
0.881049  0.00809477
0.966051  0.00667702
1.10918  0.00506092
1.20226  0.00432568
1.39637  0.00326769
1.56675  0.00265138
1.7378  0.00221172
1.92752  0.00185805
2.2131  0.00148822
2.5704  0.0011786
2.95121  0.000956901
3.38844  0.000783404
3.9355  0.000635542
4.62381  0.000511173
5.4325  0.000414175
6.60693  0.000323395
8  0.00025591
9.88553  0.000199022
12.5892  0.00015059
16.4059  0.000111868
22.1309  8.06172e-05
31.2608  5.57198e-05
46.2381  3.69555e-05
70.7946  2.3789e-05
138.038  1.20414e-05
275.423  5.99372e-06
1096.48  1.49755e-06
100000  1.6393e-08
-1  -1
0.00048206   0.0 
0.00048206  110422
0.0004826  115514
0.0004831  119836
0.00048365  124081
0.0004844  129152
0.0004852  133790
0.000486  137919
0.000487  142432
0.0004885  148162
0.00049  153027
0.0004918  157914
0.000494  162720
0.000496  166150
0.000498  168818
0.0005  170857
0.000503  172894
0.000506  173959
0.00051  174291
0.000515  173608
0.00059  159660
0.000660693  146245
0.000691831  140314
0.000732825  132532
0.000785236  122879
0.000851138  111790
0.000901571  103785
0.000988553  91271.4
0.00107152  81100.9
0.00115  72657.8
0.0012735  61421.7
0.0014  52192.4
0.00153109  44401.9
0.00169824  36569.3
0.00186209  30569
0.0020893  24226.6
0.0023  19818.9
0.0025704  15592.9
0.00285102  12381.1
0.0031989  9510.82
0.00358922  7249.33
0.00402717  5485.3
0.00451856  4120.67
0.00506991  3073.9
0.00568853  2277.54
0.00638264  1676.41
0.00724436  1187.86
0.00822243  835.41
0.00933254  583.372
0.0105925  404.618
0.0121619  269.464
0.0139637  178.111
0.0160325  116.904
0.0184077  76.1916
0.0213796  47.5649
0.0251189  28.4173
0.0298538  16.2327
0.0358922  8.8601
0.0436516  4.62028
0.0549541  2.13029
0.0758578  0.713888
0.114815  0.174616
0.142889  0.0835634
0.171791  0.0452023
0.197242  0.0287022
0.229087  0.0176805
0.260016  0.0118112
0.295121  0.00794596
0.334965  0.00538561
0.375837  0.00380999
0.416869  0.00280934
0.462381  0.00208586
0.512861  0.00155954
0.568853  0.00117451
0.623735  0.000918883
0.683912  0.000723594
0.749894  0.000573581
0.860994  0.000408636
0.922571  0.000347227
0.977237  0.000304969
1.04713  0.000263106
1.12202  0.000228471
1.20226  0.000199696
1.33352  0.000164808
1.56675  0.00012362
1.75792  0.000101113
1.94985  8.49653e-05
2.23872  6.80917e-05
2.60016  5.39557e-05
3  4.3518e-05
3.46737  3.53296e-05
4.02717  2.86928e-05
4.73151  2.31022e-05
5.62341  1.84633e-05
6.83912  1.44365e-05
8.41395  1.12225e-05
10.3514  8.78848e-06
13.1826  6.65934e-06
17.378  4.89138e-06
23.4423  3.52986e-06
33.8844  2.38428e-06
53.0884  1.49165e-06
82.2243  9.50995e-07
158.489  4.87814e-07
316.228  2.43016e-07
1258.92  6.07607e-08
100000  7.6383e-10
-1  -1
0.00045929   0.0 
0.00045929  339281
0.0004631  350171
0.0004722  367264
0.000483  382254
0.00049545  390698
0.000508  394032
0.000512861  393962
0.000524808  391073
0.00054325  381695
0.000572  366158
0.000645654  326697
0.000685  306631
0.000732825  283595
0.000803526  252787
0.000851138  233942
0.000922571  208115
0.00102329  177655
0.00110918  155931
0.00121619  133211
0.00135  110658
0.00147911  93350.9
0.00165  75584
0.0018197  62113.7
0.00201837  50113
0.00223872  40144.9
0.0025  31464.3
0.0028  24307.8
0.00312608  18777.2
0.00350752  14232.7
0.0039355  10708.1
0.0044157  7998.48
0.0049545  5933.09
0.00555904  4371.28
0.00630957  3099.45
0.00716143  2180.31
0.00812831  1522.12
0.00922571  1054.93
0.0104713  726.002
0.012  482.084
0.0138038  313.938
0.0158489  204.103
0.018197  131.732
0.0211349  81.3409
0.0245471  49.8462
0.0288403  29.187
0.0338844  16.9617
0.040738  9.04833
0.049545  4.60397
0.0623735  2.06158
0.125892  0.173807
0.153109  0.087759
0.179887  0.0503208
0.206538  0.031434
0.234423  0.0205657
0.263027  0.0140803
0.295121  0.00971183
0.327341  0.00700104
0.363078  0.00508424
0.4  0.00379772
0.436516  0.00293827
0.47863  0.00225761
0.5188  0.00180397
0.568853  0.00140632
0.616595  0.00113832
0.676083  0.000900709
0.74131  0.000718246
0.831764  0.00054632
0.901571  0.000453965
0.966051  0.000390029
1.03514  0.000337556
1.13501  0.000280354
1.23027  0.000239946
1.36458  0.000197942
1.58489  0.000151347
1.77828  0.000123881
1.97242  0.000104213
2.29087  8.20785e-05
2.66072  6.51138e-05
3.05492  5.29687e-05
3.54813  4.2747e-05
4.16869  3.4214e-05
4.89779  2.75921e-05
5.82103  2.20855e-05
7.07946  1.72924e-05
8.70964  1.34606e-05
10.8393  1.04137e-05
13.8038  7.90172e-06
18.197  5.81163e-06
24.8313  4.14719e-06
36.3078  2.77099e-06
60.9537  1.6158e-06
118.85  8.16344e-07
237.137  4.05883e-07
944.061  1.01325e-07
59566.2  1.60229e-09
100000  9.5471e-10
-1  -1
0.00029453   0.0 
0.00029453  80565.2
0.0002958  80198
0.000297  80472.4
0.0002978  81073.6
0.00029862  82131.8
0.0002993  83438.8
0.0003  85257.6
0.0003007  87618
0.0003013  90138.8
0.000302  93744.4
0.0003026  97477.2
0.0003032  101868
0.0003037  106090
0.0003042  110862
0.0003047  116223
0.000305492  126049
0.0003061  134788
0.0003069  148023
0.0003077  163390
0.0003085  181050
0.0003123  299403
0.0003135  348705
0.0003145  393715
0.0003154  436808
0.0003165  492304
0.0003172  528824
0.0003183  587452
0.000319  625248
0.00032  679408
0.000321  733220
0.000322  786196
0.000323  837936
0.000324  888148
0.000325  936624
0.0003265  1.00588e+06
0.000328  1.0706e+06
0.0003295  1.1311e+06
0.000331131  1.19206e+06
0.0003328  1.24941e+06
0.000334965  1.31707e+06
0.000337  1.37363e+06
0.000339  1.42339e+06
0.000341  1.46718e+06
0.000343  1.50572e+06
0.000345  1.539e+06
0.0003477  1.57618e+06
0.000350752  1.60783e+06
0.000354  1.63154e+06
0.000358  1.64852e+06
0.000363078  1.65548e+06
0.000368  1.65154e+06
0.000375837  1.63337e+06
0.000389045  1.5906e+06
0.000405  1.53222e+06
0.00041917  1.47379e+06
0.000431519  1.41802e+06
0.000451856  1.32293e+06
0.00047863  1.2044e+06
0.000501187  1.11225e+06
0.000524808  1.02128e+06
0.000558  903928
0.00059  803792
0.000635  683996
0.000676083  592061
0.000732825  487351
0.000803526  387222
0.000870964  314288
0.00097  235739
0.00105925  185240
0.00119  133444
0.00130317  102717
0.00146218  73116.6
0.00160325  55383.1
0.0018  38765.7
0.002  27815.6
0.00223872  19367.4
0.00254097  12786.8
0.00288403  8370.96
0.00323594  5654.73
0.00363078  3794.78
0.0040738  2529.87
0.00462381  1607.11
0.005188  1056.65
0.00588844  661.337
0.00660693  429.169
0.0075  264.788
0.00860994  155.38
0.01  86.4256
0.0114815  49.9205
0.0133352  27.3325
0.0154882  14.8501
0.018197  7.63608
0.0216272  3.71443
0.0263027  1.62759
0.0334965  0.582196
0.0501187  0.103783
0.0707946  0.0236171
0.0881049  0.00931038
0.105925  0.00428146
0.124452  0.00218497
0.144544  0.00117878
0.165959  0.000671842
0.188365  0.000404232
0.211349  0.000256512
0.237137  0.000163975
0.266072  0.000105627
0.295121  7.15937e-05
0.327341  4.8833e-05
0.358922  3.49777e-05
0.39355  2.5222e-05
0.431519  1.83296e-05
0.473151  1.34182e-05
0.524807  9.52382e-06
0.57544  7.07204e-06
0.630957  5.29017e-06
0.691831  3.98787e-06
0.758578  3.02991e-06
0.822243  2.3997e-06
0.870964  2.04188e-06
0.922571  1.74933e-06
0.966051  1.55559e-06
1.01158  1.3928e-06
1.05925  1.25615e-06
1.10918  1.14022e-06
1.1749  1.01754e-06
1.25893  8.94396e-07
1.36458  7.74903e-07
1.53109  6.35529e-07
1.77828  4.89399e-07
1.94985  4.19167e-07
2.23872  3.35908e-07
2.60016  2.66174e-07
3  2.1468e-07
3.46737  1.74282e-07
4.02717  1.41542e-07
4.73151  1.13972e-07
5.62341  9.1085e-08
6.83912  7.12172e-08
8.31764  5.61314e-08
10.3514  4.33542e-08
13.1826  3.28518e-08
17.1791  2.44382e-08
23.174  1.76309e-08
33.4965  1.19054e-08
51.88  7.53662e-09
78.5236  4.91769e-09
151.356  2.52122e-09
301.995  1.25569e-09
1202.26  3.13889e-10
100000  3.7681e-12
-1  -1
0.00029005   0.0 
0.00029005  114506
0.0002912  114776
0.0002923  115661
0.0002933  117229
0.0002942  119443
0.000295  122251
0.0002958  126020
0.0002965  130247
0.0002971  134668
0.0002976  138984
0.0002983  146108
0.000299  154645
0.0002997  164767
0.00030042  177030
0.0003011  190517
0.000301995  211394
0.000303  239503
0.000304  272869
0.0003073  425515
0.0003085  497636
0.0003097  577914
0.0003107  650274
0.0003115  711150
0.000312608  798874
0.0003135  871542
0.0003145  954216
0.0003154  1.02892e+06
0.0003165  1.11967e+06
0.0003176  1.20886e+06
0.0003185  1.28011e+06
0.0003197  1.37212e+06
0.000321  1.46737e+06
0.0003225  1.57112e+06
0.000324  1.66811e+06
0.0003255  1.75844e+06
0.000327341  1.86057e+06
0.00032934  1.9612e+06
0.000331131  2.04279e+06
0.0003335  2.13902e+06
0.000336  2.22693e+06
0.000338844  2.31082e+06
0.00034105  2.36473e+06
0.000344  2.42264e+06
0.000347  2.46635e+06
0.000350752  2.50239e+06
0.000355  2.52286e+06
0.00036  2.52662e+06
0.00036501  2.51592e+06
0.000374  2.47809e+06
0.000389045  2.39749e+06
0.000405  2.30237e+06
0.000416869  2.22357e+06
0.000431519  2.11895e+06
0.000451856  1.97195e+06
0.000484172  1.7561e+06
0.000508  1.61051e+06
0.000530884  1.47899e+06
0.000562341  1.31467e+06
0.00061  1.10241e+06
0.000653131  944191
0.0007  800472
0.000767361  637524
0.000831764  518785
0.000912011  406486
0.001  316594
0.00111  236644
0.00123027  176345
0.00136458  130209
0.00151356  95475.4
0.0016788  69537.9
0.00188365  48507.3
0.0020893  34843.2
0.00234423  23953.1
0.00266073  15727.1
0.003  10473.7
0.00334965  7162.9
0.00371535  4984.52
0.00416869  3310.2
0.00473151  2093.48
0.00537032  1313.58
0.0060256  854.043
0.00676083  551.841
0.00758578  354.492
0.00860994  216.513
0.01  119.851
0.0114815  68.9071
0.0131826  39.3339
0.0151356  22.2978
0.0175792  11.9644
0.0206538  6.07279
0.0245471  2.91367
0.0301995  1.19693
0.0389045  0.400013
0.0758578  0.0219346
0.0933254  0.00896136
0.109648  0.00449831
0.131826  0.00206201
0.15  0.00120217
0.16788  0.000756672
0.186209  0.000497427
0.206538  0.000329236
0.229087  0.000219539
0.251189  0.000154197
0.275423  0.000109071
0.3  7.96369e-05
0.327341  5.8216e-05
0.354813  4.38829e-05
0.384592  3.33003e-05
0.412098  2.64377e-05
0.451856  1.95906e-05
0.49545  1.46246e-05
0.54325  1.09666e-05
0.588844  8.5878e-06
0.609537  7.76149e-06
0.653131  6.38994e-06
0.699842  5.29632e-06
0.758578  4.28473e-06
0.803526  3.6945e-06
0.860994  3.08202e-06
0.912011  2.66505e-06
0.966051  2.32034e-06
1.01158  2.08955e-06
1.07152  1.84575e-06
1.13501  1.6407e-06
1.20226  1.46728e-06
1.31826  1.23882e-06
1.7378  7.62573e-07
1.92752  6.40027e-07
2.18776  5.21944e-07
2.54097  4.13122e-07
2.91743  3.35226e-07
3.31131  2.78805e-07
3.84592  2.25928e-07
4.51856  1.81524e-07
5.30884  1.4693e-07
6.45654  1.14618e-07
7.76247  9.13958e-08
9.66051  7.04157e-08
12.3027  5.32372e-08
16.0325  3.95229e-08
21.6272  2.84641e-08
30.1995  1.99044e-08
44.6684  1.31929e-08
69.1831  8.38833e-09
134.896  4.24495e-09
269.154  2.11254e-09
1071.52  5.27772e-10
100000  5.6455e-12
-1  -1
8.214e-05   0.0 
8.214e-05  172428
8.41395e-05  176579
8.60994e-05  179616
8.91251e-05  182853
9.33254e-05  185521
9.9e-05  187483
0.000108  188755
0.00011749  188632
0.000126  187166
0.000133352  184800
0.000141254  181147
0.000149624  176222
0.000158489  170182
0.000169  162452
0.00018197  152784
0.0002  140096
0.000222  126310
0.000242661  114847
0.000265  103780
0.000291743  92187.9
0.000331131  78172.9
0.000375837  65813.4
0.000421697  55853.9
0.000484172  45495.9
0.000562341  36180.2
0.000660693  28014.5
0.000785236  21144.5
0.000966051  14946.4
0.0011885  10479.9
0.00146218  7294
0.00177828  5143.67
0.00213796  3677.61
0.00254097  2666.76
0.00305492  1878.58
0.00367282  1312.7
0.0044157  910.057
0.00530884  625.967
0.00630957  437.552
0.00749894  303.58
0.00881049  214.273
0.0103514  150.176
0.0121619  104.492
0.0142889  72.173
0.016788  49.4823
0.0197242  33.6729
0.0231739  22.7403
0.027227  15.2439
0.031989  10.1459
0.0375837  6.70273
0.0446684  4.26571
0.0524807  2.77814
0.0630957  1.68832
0.0767362  0.986878
0.0922571  0.590669
0.120226  0.279869
0.226464  0.0464202
0.27227  0.0276931
0.319889  0.0177495
0.367282  0.0122085
0.416869  0.0087268
0.467735  0.00647713
0.5188  0.00498504
0.57544  0.00386245
0.638263  0.00301421
0.707946  0.00236988
0.785236  0.00187743
0.870964  0.00149769
0.954993  0.00123425
1.07152  0.000978736
1.1886  0.00079818
1.38038  0.000602647
1.54882  0.000488625
1.71791  0.000407305
1.90546  0.000341894
2.13796  0.000283832
2.48313  0.000224405
2.85102  0.000181877
3.19889  0.000153592
3.71535  0.000124246
4.36516  9.96647e-05
5.12861  8.05444e-05
6.16595  6.36593e-05
7.4131  5.06689e-05
9.22571  3.89716e-05
11.6145  2.98096e-05
15  2.2315e-05
20  1.6246e-05
26.9154  1.17953e-05
38.4592  8.08628e-06
64.5654  4.72078e-06
125.892  2.38687e-06
251.189  1.18729e-06
1000  2.965e-07
63095.7  4.6892e-09
100000  2.9596e-09
-1  -1
5.419e-05   0.0 
5.419e-05  1.2703e+06
5.45e-05  1.26967e+06
5.505e-05  1.26082e+06
5.56e-05  1.24513e+06
5.63e-05  1.21794e+06
5.7e-05  1.18593e+06
5.78e-05  1.14496e+06
5.88844e-05  1.08588e+06
6.0256e-05  1.00989e+06
6.16595e-05  933412
6.35e-05  838316
6.58e-05  730608
6.9e-05  602848
7.67362e-05  387482
8e-05  327570
8.3e-05  284288
8.57e-05  253064
8.81049e-05  230255
9.07e-05  209952
9.33254e-05  193118
9.58e-05  180025
9.8e-05  170237
0.000101  159181
0.000104  150257
0.000107152  142697
0.00011  137141
0.000113501  131627
0.00011749  126725
0.000122  122517
0.00012735  118851
0.000133352  115912
0.000141254  113228
0.000175792  106307
0.000192753  102937
0.00020893  99445
0.000226464  95401.3
0.000245471  90844.1
0.000266073  85829.6
0.00029  80098.8
0.000316228  74168.8
0.000346737  67828.5
0.000380189  61567.1
0.000416869  55434.8
0.00046  49170.4
0.000515  42498.8
0.000568853  37097.3
0.000630957  31958.8
0.000707946  26882.3
0.000794328  22435
0.000901571  18231.2
0.00101158  14991.3
0.00115  11956.8
0.00128825  9721.71
0.00145  7782.04
0.00162181  6262.78
0.0018197  4974.8
0.00204174  3924.59
0.00229087  3073.04
0.0025704  2389.01
0.00288403  1844.05
0.00323594  1413.24
0.00363078  1075.59
0.00412097  790.45
0.00467735  576.367
0.00530884  417.053
0.0060256  299.491
0.00683912  213.429
0.00776247  150.999
0.00881049  106.055
0.01  73.957
0.0114815  49.5312
0.0131826  32.9197
0.0151356  21.7192
0.0175792  13.7319
0.0204174  8.61421
0.0239883  5.17194
0.0281838  3.08353
0.0331131  1.8248
0.0398107  0.993862
0.0489779  0.497688
0.0638264  0.203775
0.11885  0.0247669
0.147911  0.0118774
0.175792  0.00669223
0.206538  0.00394636
0.237137  0.00252703
0.269153  0.00169058
0.305492  0.00113919
0.342768  0.000801224
0.384592  0.000567693
0.42658  0.000419243
0.473151  0.000311763
0.524807  0.000233495
0.582103  0.000176183
0.638263  0.00013808
0.699842  0.000108918
0.767362  8.6476e-05
0.860994  6.51946e-05
0.922571  5.53782e-05
0.977237  4.86272e-05
1.04713  4.19445e-05
1.12202  3.64199e-05
1.20226  3.18411e-05
1.34896  2.57462e-05
1.60325  1.8924e-05
1.79887  1.55015e-05
1.99526  1.30481e-05
2.31739  1.02808e-05
2.69154  8.16126e-06
3.05492  6.75701e-06
3.54813  5.45307e-06
4.16869  4.36454e-06
4.89779  3.51981e-06
5.82103  2.81734e-06
7.07946  2.20588e-06
8.70964  1.71705e-06
10.8393  1.3284e-06
13.8038  1.00798e-06
18.197  7.41365e-07
24.8313  5.29041e-07
36.3078  3.53489e-07
60.9537  2.0612e-07
118.85  1.04137e-07
237.137  5.17769e-08
944.061  1.29254e-08
59566.2  2.04399e-10
100000  1.2179e-10
-1  -1
5.066e-05   0.0 
5.066e-05  2.71541e+06
5.12e-05  2.68648e+06
5.188e-05  2.63017e+06
5.27e-05  2.54264e+06
5.37032e-05  2.42018e+06
5.45e-05  2.31744e+06
5.58e-05  2.14831e+06
5.7544e-05  1.9295e+06
5.95662e-05  1.69677e+06
6.23735e-05  1.41776e+06
6.91831e-05  935714
7.24436e-05  782394
7.5e-05  688164
7.7374e-05  617148
7.94328e-05  566164
8.15e-05  523216
8.4e-05  480384
8.65e-05  445656
8.91251e-05  416140
9.15e-05  394339
9.44061e-05  372676
9.66051e-05  359227
0.0001  342364
0.000103514  328778
0.000107152  317813
0.000110918  308936
0.000116145  299599
0.000123027  290813
0.000131826  282932
0.000158489  265971
0.00017378  256230
0.00019  245240
0.000208  232708
0.000226464  219813
0.000245471  206726
0.000266073  193024
0.00029  177996
0.00032  160958
0.000350752  145506
0.000385  130423
0.000421697  116334
0.000467735  101400
0.000524808  86373.5
0.000582103  74181.4
0.000653131  62141.2
0.00073  52019.2
0.000812831  43516.5
0.000922571  35002.1
0.00103  28773.9
0.00116145  23082.3
0.0013  18652
0.00147911  14504.1
0.0016788  11234.3
0.00190546  8633.36
0.00213796  6744.77
0.00239883  5230.93
0.00269154  4028.26
0.00301995  3080.24
0.00338844  2338.47
0.00384592  1713.69
0.00431519  1282.98
0.00489779  926.098
0.00555904  663.335
0.00630957  471.487
0.00716143  332.582
0.00812831  232.844
0.00922571  161.806
0.0104713  111.647
0.011885  76.5121
0.0136458  50.2809
0.0156675  32.7916
0.0179887  21.2289
0.0206538  13.6443
0.0237137  8.70596
0.0275423  5.31027
0.0327341  2.97794
0.039355  1.59397
0.047863  0.81395
0.0582103  0.412333
0.0785236  0.144344
0.12735  0.0263509
0.156675  0.0128026
0.184077  0.00735235
0.211349  0.00460202
0.239883  0.00301598
0.269153  0.00206817
0.3  0.0014594
0.331131  0.00106962
0.367282  0.000777657
0.402717  0.0005898
0.44157  0.000450512
0.484172  0.000346579
0.530884  0.000268608
0.582103  0.000209769
0.630957  0.000170071
0.691831  0.000134825
0.758578  0.000107728
0.851138  8.21376e-05
0.912011  7.02288e-05
0.977237  6.04411e-05
1.05925  5.11725e-05
1.16145  4.26044e-05
1.2735  3.57219e-05
1.41254  2.9526e-05
1.65959  2.21701e-05
1.84077  1.85603e-05
2.01837  1.59482e-05
2.37137  1.23512e-05
2.75423  9.81579e-06
3.12608  8.13673e-06
3.63078  6.57442e-06
4.26579  5.26795e-06
5.01187  4.25282e-06
6.0256  3.35808e-06
7.24436  2.67039e-06
9.01571  2.05215e-06
11.2202  1.5894e-06
14.2889  1.20738e-06
18.8365  8.8882e-07
25.704  6.34853e-07
37.5837  4.24487e-07
63.0957  2.47699e-07
123.027  1.25199e-07
245.471  6.22676e-08
977.237  1.55476e-08
61659.5  2.4588e-10
100000  1.5165e-10
-1  -1
9.15e-06   0.0 
9.15e-06  3.69659e+06
9.54993e-06  3.87512e+06
1.02329e-05  4.21783e+06
1.33352e-05  5.95834e+06
1.53109e-05  7.08249e+06
1.77828e-05  8.48019e+06
1.97242e-05  9.55099e+06
2.16272e-05  1.05424e+07
2.3e-05  1.11926e+07
2.42661e-05  1.17122e+07
2.54097e-05  1.2101e+07
2.65e-05  1.2387e+07
2.75423e-05  1.25705e+07
2.85102e-05  1.26546e+07
2.95121e-05  1.26489e+07
3.04e-05  1.2565e+07
3.12608e-05  1.2416e+07
3.23e-05  1.21535e+07
3.33e-05  1.1824e+07
3.42768e-05  1.14387e+07
3.50752e-05  1.10845e+07
3.61e-05  1.0589e+07
3.71535e-05  1.00456e+07
3.80189e-05  9.58326e+06
3.9e-05  9.05117e+06
4.02717e-05  8.36146e+06
4.15e-05  7.70734e+06
4.2658e-05  7.11056e+06
4.4102e-05  6.40292e+06
4.51856e-05  5.90312e+06
4.67735e-05  5.22281e+06
4.84172e-05  4.58443e+06
5.01187e-05  3.9921e+06
5.188e-05  3.44852e+06
5.37032e-05  2.95502e+06
5.527e-05  2.58212e+06
5.68853e-05  2.2423e+06
5.85e-05  1.94324e+06
6.0256e-05  1.65926e+06
6.22e-05  1.38928e+06
6.4e-05  1.17583e+06
6.58e-05  992919
6.76083e-05  835905
6.95e-05  696525
7.15e-05  573017
7.35e-05  470462
7.5e-05  405356
7.73e-05  322232
7.94328e-05  260414
8.4e-05  166292
8.65e-05  131655
8.85e-05  110451
9e-05  97699.6
9.12011e-05  89173.7
9.2402e-05  81976.2
9.35e-05  76436.9
9.45e-05  72171.7
9.54993e-05  68582.6
9.66051e-05  65320.7
9.76e-05  62962.2
9.85e-05  61255
9.95e-05  59789.5
0.0001005  58736.4
0.0001015  58056
0.0001025  57711.6
0.00010379  57710.4
0.000105  58109.5
0.0001065  59070.2
0.000108  60471.3
0.000109648  62435.7
0.000111  64324.4
0.000113501  68336.4
0.000124  88789.1
0.000128  96888.7
0.000131826  104358
0.000135  110234
0.000139  117153
0.000143  123492
0.0001465  128519
0.000151356  134666
0.000156675  140373
0.000162181  145239
0.00016788  149188
0.000174  152379
0.00018  154608
0.000186209  156020
0.000195  156797
0.000203  156451
0.000211349  155167
0.000221309  152748
0.000231739  149289
0.000242661  145045
0.000255  139617
0.000269154  133044
0.000285102  125413
0.000301995  117462
0.00031989  109320
0.000338844  101138
0.000363078  91443.8
0.000389045  82058.3
0.000416869  73143.7
0.000446684  64782.5
0.000484172  55790.9
0.000524808  47681.7
0.000568853  40459.2
0.000616595  34101.6
0.000676083  27838.4
0.00074131  22552.9
0.000822243  17649.7
0.000901571  14099.2
0.001  10867.3
0.00110918  8312.4
0.00123027  6308.96
0.00136458  4751.3
0.00151356  3548.63
0.0016788  2630.97
0.00186209  1937.12
0.00213796  1276.48
0.00237137  926.753
0.00260016  692.376
0.00288403  493.589
0.00327341  323.509
0.00371535  210.782
0.00412097  147.549
0.00462381  98.5336
0.005188  65.3375
0.00588844  41.2568
0.00668344  25.8508
0.00758578  16.0743
0.00860994  9.92013
0.00977237  6.07845
0.0112202  3.53578
0.0128825  2.0415
0.0149624  1.11706
0.017378  0.606209
0.0204174  0.311468
0.0242661  0.151448
0.0298538  0.0632214
0.0384592  0.0215448
0.0724436  0.00144136
0.0912011  0.000542469
0.109648  0.000250003
0.128825  0.00012787
0.149624  6.91343e-05
0.169824  4.13552e-05
0.192752  2.49166e-05
0.216272  1.58359e-05
0.242661  1.01404e-05
0.269153  6.83465e-06
0.3  4.554e-06
0.331131  3.1665e-06
0.363078  2.27054e-06
0.4  1.612e-06
0.44157  1.14644e-06
0.484172  8.40537e-07
0.537032  5.97351e-07
0.588844  4.44184e-07
0.645654  3.3281e-07
0.699842  2.60216e-07
0.758578  2.04751e-07
0.803526  1.73126e-07
0.851138  1.46029e-07
0.901571  1.24025e-07
0.944061  1.09551e-07
0.988553  9.7462e-08
1.03514  8.74191e-08
1.08393  7.89633e-08
1.13501  7.17707e-08
1.20226  6.41935e-08
1.30317  5.54965e-08
1.51356  4.29642e-08
1.77828  3.24264e-08
1.94985  2.7766e-08
2.23872  2.22491e-08
2.60016  1.76303e-08
3  1.422e-08
3.46737  1.15444e-08
4.02717  9.3758e-09
4.73151  7.54902e-09
5.62341  6.03314e-09
6.83912  4.71737e-09
8.41395  3.66713e-09
10.4713  2.8336e-09
13.3352  2.14788e-09
17.5792  1.57814e-09
24  1.1246e-09
35.0752  7.51236e-10
56.8853  4.53707e-10
100  2.5443e-10
199.526  1.26302e-10
398.107  6.29965e-11
1584.89  1.57666e-11
100000  2.4959e-13
-1  -1
8.79e-06   0.0 
8.79e-06  5.77542e+06
9.12011e-06  6.02677e+06
1e-05  6.76964e+06
1.1749e-05  8.32339e+06
1.33352e-05  9.71758e+06
1.53109e-05  1.1412e+07
1.75792e-05  1.33041e+07
1.97242e-05  1.50231e+07
2.13796e-05  1.6253e+07
2.29087e-05  1.72663e+07
2.4e-05  1.78877e+07
2.51189e-05  1.84072e+07
2.61e-05  1.87512e+07
2.7108e-05  1.89804e+07
2.8e-05  1.90698e+07
2.9e-05  1.90408e+07
3e-05  1.88759e+07
3.0903e-05  1.86133e+07
3.19e-05  1.82043e+07
3.27341e-05  1.77747e+07
3.35e-05  1.73189e+07
3.45e-05  1.66504e+07
3.54813e-05  1.59312e+07
3.65e-05  1.51375e+07
3.75837e-05  1.42598e+07
3.85e-05  1.35046e+07
3.95e-05  1.26794e+07
4.0738e-05  1.16737e+07
4.18e-05  1.08376e+07
4.31519e-05  9.8214e+06
4.45e-05  8.87044e+06
4.57088e-05  8.07443e+06
4.72e-05  7.1681e+06
4.85e-05  6.4462e+06
5.01187e-05  5.63363e+06
5.188e-05  4.85166e+06
5.37032e-05  4.14412e+06
5.527e-05  3.61051e+06
5.68853e-05  3.12547e+06
5.85e-05  2.70026e+06
6.0256e-05  2.29821e+06
6.16595e-05  2.01698e+06
6.35e-05  1.69569e+06
6.53131e-05  1.42559e+06
6.68344e-05  1.23019e+06
6.85e-05  1.04502e+06
7e-05  900959
7.16143e-05  766935
7.35e-05  634351
7.5e-05  544908
7.7374e-05  428058
8.03526e-05  316779
8.45e-05  211265
8.65e-05  175930
8.81049e-05  153327
8.95e-05  137242
9.07e-05  125728
9.19e-05  116117
9.3e-05  108800
9.4e-05  103262
9.5e-05  98681.5
9.61e-05  94641.1
9.68e-05  92565.9
9.77237e-05  90365.3
9.85e-05  88953.1
9.95e-05  87669.1
0.0001005  86933.3
0.0001015  86691.4
0.00010257  86923.9
0.000104  87934.1
0.0001055  89736.4
0.000107152  92457.9
0.000109  96246.8
0.000111  101040
0.000115  112111
0.0001205  129022
0.000124452  141417
0.000128  152260
0.000131826  163422
0.000135  172161
0.000139  182346
0.000143  191521
0.000147911  201459
0.000153109  210428
0.000158489  218016
0.000164059  224275
0.0001705  229771
0.000176  233035
0.000184077  235932
0.000190546  236882
0.000199526  236371
0.00020893  234210
0.000219  230216
0.00023  224572
0.000242661  216677
0.000254097  208885
0.000269154  197951
0.000285102  186291
0.000301995  174171
0.00031989  161810
0.000338844  149436
0.000363078  134837
0.000389045  120762
0.000416869  107452
0.000446684  95015.4
0.000484172  81685.8
0.000524808  69691.8
0.000568853  59036.3
0.000616595  49679
0.000676083  40485.6
0.00074131  32753.2
0.000812831  26312.5
0.0009  20496.7
0.000988553  16169.8
0.00109648  12355.6
0.00121619  9368.53
0.00134896  7048.89
0.00149624  5259.56
0.00165959  3895.27
0.00184077  2864.63
0.00211349  1883.92
0.00234423  1365.97
0.0025704  1019.43
0.00281838  754.606
0.00312608  533.852
0.00354813  346.908
0.004  228.93
0.00451856  148.902
0.00512861  94.5437
0.00582103  59.6
0.00653131  38.8958
0.0074131  24.1331
0.00841395  14.8575
0.00954993  9.07963
0.0109648  5.26442
0.0125892  3.02874
0.0144544  1.72954
0.0165959  0.980262
0.0192753  0.525972
0.0226464  0.267013
0.027227  0.122039
0.0334965  0.0501691
0.0431519  0.0167883
0.0732824  0.00168752
0.0922571  0.000625397
0.109648  0.000299095
0.12735  0.000158935
0.144544  9.37055e-05
0.164059  5.56462e-05
0.184077  3.49065e-05
0.204174  2.31026e-05
0.226464  1.54041e-05
0.248313  1.08161e-05
0.27227  7.64616e-06
0.298538  5.44435e-06
0.327341  3.90636e-06
0.354813  2.94121e-06
0.384592  2.22922e-06
0.416869  1.70172e-06
0.451856  1.3086e-06
0.489779  1.01365e-06
0.530884  7.91071e-07
0.57544  6.21976e-07
0.623735  4.92647e-07
0.676083  3.931e-07
0.732824  3.16008e-07
0.794328  2.55939e-07
0.860994  2.08078e-07
0.912011  1.80599e-07
0.966051  1.578e-07
1.02329  1.38952e-07
1.09648  1.20206e-07
1.1749  1.04786e-07
1.2735  9.01518e-08
1.42889  7.32713e-08
1.71791  5.29857e-08
1.90546  4.44451e-08
2.11349  3.75724e-08
2.45471  2.9689e-08
2.85102  2.36379e-08
3.19889  1.9962e-08
3.71535  1.61483e-08
4.36516  1.29533e-08
5.12861  1.04681e-08
6.16595  8.27381e-09
7.4131  6.58541e-09
9.22571  5.06518e-09
11.6145  3.87429e-09
15  2.9003e-09
20  2.1115e-09
26.9154  1.53301e-09
39.355  1.02591e-09
65.3131  6.06327e-10
128.825  3.03055e-10
257.04  1.50772e-10
1023.29  3.76571e-11
64565.4  5.95584e-13
100000  3.8465e-13
-1  -1
6.38e-06   0.0 
6.38e-06  1.46388e+06
6.53131e-06  1.29963e+06
6.83912e-06  1.01857e+06
7.1e-06  831263
7.4131e-06  653541
7.7e-06  525421
8e-06  419064
8.31764e-06  330180
8.60994e-06  265310
8.85e-06  221693
9.12011e-06  181034
9.35e-06  152241
9.6e-06  125955
9.85e-06  104039
1.01158e-05  84722.6
1.03514e-05  70462.2
1.06e-05  57861.8
1.085e-05  47316
1.10917e-05  38825.7
1.127e-05  33486.7
1.15e-05  27593.5
1.1749e-05  22304.5
1.2e-05  17945.4
1.23027e-05  13774.9
1.29e-05  8246.79
1.31e-05  7020.65
1.325e-05  6266.22
1.34e-05  5638.15
1.353e-05  5186.46
1.365e-05  4839.17
1.376e-05  4574.9
1.385e-05  4394.39
1.395e-05  4228.98
1.405e-05  4098.15
1.415e-05  3999.54
1.425e-05  3930.93
1.435e-05  3890.26
1.44544e-05  3875.48
1.455e-05  3885.01
1.465e-05  3916.89
1.475e-05  3969.59
1.485e-05  4041.59
1.5e-05  4182.72
1.515e-05  4359.67
1.53109e-05  4584.71
1.5549e-05  4975.5
1.59e-05  5653.25
1.65e-05  7007.91
1.69e-05  7996.23
1.72e-05  8762
1.75792e-05  9744.45
1.785e-05  10448.2
1.8197e-05  11345
1.86209e-05  12423.1
1.90546e-05  13498.2
1.95e-05  14564
2e-05  15707.7
2.055e-05  16895.9
2.11349e-05  18076.1
2.17e-05  19134.4
2.23872e-05  20315.2
2.31739e-05  21530.4
2.4e-05  22659.4
2.48313e-05  23656.2
2.58e-05  24658.4
2.69153e-05  25625
2.81838e-05  26514.5
2.95121e-05  27242.3
3.0903e-05  27816.1
3.27341e-05  28332.8
3.46737e-05  28650.1
3.67282e-05  28792.3
3.9355e-05  28757.5
4.21697e-05  28527.9
4.51856e-05  28121.7
4.9e-05  27448.3
5.30884e-05  26609.1
5.7544e-05  25610.7
6.23735e-05  24470.7
6.8e-05  23118.5
7.32824e-05  21858.7
7.94328e-05  20432.3
8.60994e-05  18954.6
9.33254e-05  17464.3
0.000101158  15987.5
0.000112202  14151.2
0.000126  12238
0.000144544  10214.8
0.000171791  8065.43
0.000281838  4035.08
0.000312608  3475.41
0.000363078  2779.23
0.00040738  2325.83
0.000484172  1761.17
0.000691831  982.207
0.000803526  762.734
0.00107152  462.619
0.00138038  296.054
0.00169824  204.11
0.00206538  142.663
0.00251189  98.937
0.00309029  66.5824
0.00367282  47.524
0.00436516  33.6798
0.00530884  22.611
0.00630957  15.7967
0.00749894  10.9544
0.00881049  7.72928
0.0103514  5.41565
0.0121619  3.76751
0.0142889  2.60199
0.016788  1.78369
0.0197242  1.21367
0.0231739  0.81969
0.027227  0.549505
0.031989  0.36565
0.0375837  0.241514
0.0446684  0.153678
0.0524807  0.100079
0.0630957  0.0608212
0.0767362  0.035555
0.0922571  0.0212816
0.120226  0.0100842
0.226464  0.00167301
0.27227  0.000998209
0.319889  0.000639888
0.367282  0.000440212
0.416869  0.000314746
0.467735  0.000233678
0.5188  0.000179908
0.57544  0.000139454
0.638263  0.000108888
0.707946  8.56734e-05
0.785236  6.79359e-05
0.870964  5.42905e-05
0.954993  4.48006e-05
1.08393  3.47457e-05
1.1886  2.9002e-05
1.38038  2.18887e-05
1.54882  1.77418e-05
1.71791  1.47872e-05
1.90546  1.24131e-05
2.13796  1.03077e-05
2.51189  8.0065e-06
2.88403  6.49194e-06
3.27341  5.39541e-06
3.80189  4.36962e-06
4.46684  3.50893e-06
5.24808  2.83871e-06
6.38263  2.21348e-06
7.67361  1.76422e-06
9.44061  1.37721e-06
12.0226  1.04045e-06
15.4882  7.81846e-07
20.6538  5.69614e-07
28.1838  4.07778e-07
41.2097  2.73161e-07
66.8344  1.65441e-07
130.317  8.36868e-08
260.016  4.16378e-08
1035.14  1.03998e-08
65313.1  1.64497e-10
100000  1.0747e-10
-1  -1
-2   0.0 
-2  -2
