% -----------------------------------------------------------------------
%   Program Name: pe-ss-cs-41.dat 
%   Author: the Geant4 Collaboration
%   Organization: the Geant4 Collaboration
%   Version: unknown
%   Date: circa 2006
%   Class: Public
%   Copyright (c) Copyright Holders of the Geant4 Collaboration, 1994-2006.
%   See http://cern.ch/geant4/license for details on the copyright holders.
%   All rights not expressly granted under this license are reserved.
% -----------------------------------------------------------------------
0.018948   0.0 
0.018948  11541.5
0.01943  10828.2
0.0197242  10387.3
0.0202  9805.44
0.0218776  7965.38
0.024  6283.14
0.0288403  3861.1
0.0367282  2001.37
0.0462381  1054.76
0.057544  567.441
0.0716143  302.404
0.0901571  154.665
0.124452  59.9473
0.188365  17.677
0.23  9.874
0.27227  6.08203
0.316228  3.98451
0.358922  2.80548
0.402717  2.05312
0.451856  1.51388
0.501187  1.15864
0.555904  0.892989
0.616595  0.693484
0.683912  0.542745
0.749894  0.439443
0.822243  0.358167
0.901571  0.29396
0.988553  0.24302
1.13501  0.184444
1.23027  0.157933
1.41254  0.122101
1.54882  0.103403
1.7378  0.0846393
1.97242  0.0684557
2.23872  0.0558049
2.54097  0.0458426
2.91743  0.0372838
3.38844  0.0300432
3.9355  0.0243936
4.62381  0.0196388
5.4325  0.0159258
6.60693  0.012446
7.94328  0.00994691
9.66051  0.00788322
12.3027  0.00596523
16.0325  0.00443213
21.3796  0.00323435
30.1995  0.0022343
44.157  0.00149913
76.7361  0.000847894
147.911  0.00043473
295.121  0.000216482
588.844  0.000108138
9332.54  6.80454e-06
100000  6.3493e-07
-1  -1
0.0026763   0.0 
0.0026763  49222.2
0.00288403  43813.1
0.00309029  39235.8
0.00327341  35711.2
0.00436516  21549.1
0.00473151  18552.2
0.00562341  13354
0.00623735  10877.5
0.00724436  8032.58
0.00822243  6160.93
0.00933254  4698.75
0.0108393  3380.89
0.0123027  2541.54
0.0141254  1849.44
0.0164059  1300.24
0.0190546  906.92
0.0221309  627.776
0.0260016  419.009
0.0305492  277.421
0.0354813  187.851
0.0416869  122.576
0.049545  76.978
0.0588844  47.9837
0.0707946  28.77
0.0870964  16.0496
0.109648  8.32359
0.20893  1.30187
0.254097  0.744882
0.298538  0.473669
0.342768  0.323559
0.389045  0.229711
0.436516  0.169373
0.489779  0.125796
0.54325  0.0969324
0.60256  0.0752253
0.66237  0.0600726
0.732824  0.0476472
0.812831  0.0378556
0.922571  0.0288305
1  0.0243969
1.14815  0.0185303
1.2735  0.0151864
1.41254  0.0125345
1.58489  0.0102023
1.77828  0.00836316
2.01837  0.00677353
2.29087  0.00552983
2.60016  0.00454862
2.98538  0.0037041
3.46737  0.00298835
4.02717  0.00242908
4.73151  0.0019576
5.62341  0.00156594
6.83912  0.00122543
8.60994  0.000927988
10.5925  0.000727735
13.4896  0.00055228
18  0.00040083
24.8313  0.000282869
35.8922  0.000191317
53.7032  0.000125767
98.8553  6.72581e-05
197.242  3.33938e-05
785.236  8.32815e-06
49545  1.31698e-07
100000  6.5242e-08
-1  -1
0.0024666   0.0 
0.0024666  114851
0.0025704  103500
0.00264  97342
0.00281838  82733
0.00301995  69109
0.00375837  38429
0.00421696  28037
0.00501187  17256
0.00582103  11187
0.00653131  7980.4
0.00785236  4595.5
0.00922571  2806.9
0.0104713  1894.4
0.0121619  1182.7
0.0144544  680.82
0.0173  379.8
0.0206538  211.86
0.0245471  119.09
0.03  60.515
0.0371535  29.164
0.0473151  12.675
0.101158  0.90294
0.12735  0.40789
0.153109  0.21748
0.179887  0.1263
0.2  0.088745
0.234423  0.052732
0.266072  0.035059
0.301995  0.0234871
0.338844  0.0164381
0.380189  0.0115922
0.421696  0.00852486
0.467735  0.00631372
0.5188  0.00471136
0.568853  0.00365664
0.623735  0.00285699
0.683912  0.00224688
0.776247  0.00162492
0.841395  0.00133129
0.901571  0.00112973
0.954993  0.00099082
1.01158  0.000874106
1.09648  0.000739454
1.1749  0.000644877
1.2735  0.000554099
1.41254  0.000459219
1.6788  0.000339101
1.90546  0.000273506
2.13796  0.000226611
2.42661  0.00018566
2.75423  0.0001532
3.19889  0.000123071
3.71535  9.96461e-05
4.36516  8.00076e-05
5.12861  6.47163e-05
6.23735  5.04593e-05
7.32824  4.13638e-05
9.33254  3.09775e-05
11.749  2.37237e-05
15.1356  1.78302e-05
19.7242  1.33206e-05
27.5423  9.30078e-06
38.0189  6.61467e-06
56.2341  4.40482e-06
100  2.4412e-06
199.526  1.2122e-06
794.328  3.02336e-07
50118.7  4.78126e-09
100000  2.396e-09
-1  -1
0.0023691   0.0 
0.0023691  239842
0.00260016  191301
0.00275423  165146
0.00305492  124946
0.00371535  73194.7
0.0040738  56606.6
0.00473151  36983.7
0.00537032  25532.1
0.00609537  17555.1
0.0073  10169.7
0.00841395  6560.92
0.00966051  4256.04
0.0112202  2643.41
0.0131826  1569.81
0.0154882  924.732
0.018197  540.589
0.0216272  301.725
0.025704  167.133
0.0309029  88.324
0.0375837  44.5035
0.0462381  21.3721
0.06  8.42796
0.114815  0.819073
0.139637  0.40793
0.164059  0.231285
0.190546  0.137487
0.216272  0.08913
0.245471  0.0582166
0.275423  0.0398225
0.305492  0.0284923
0.338844  0.0205362
0.371535  0.0154544
0.40738  0.011709
0.44157  0.0092403
0.484172  0.00710023
0.530884  0.00549716
0.582103  0.00428865
0.638263  0.00337195
0.699842  0.00267228
0.767362  0.00213482
0.831764  0.00176582
0.901571  0.00147013
0.966051  0.00126241
1.02329  0.00111837
1.12202  0.000928004
1.21619  0.000793481
1.34896  0.000654291
1.53109  0.000521464
1.7378  0.000418305
1.94985  0.000344686
2.18776  0.000285968
2.48313  0.000234603
2.85102  0.000190554
3.31131  0.000153363
3.84592  0.000124383
4.51856  0.000100031
5.30884  8.10379e-05
6.45654  6.32733e-05
7.58578  5.19396e-05
9.44061  4.00114e-05
11.885  3.06538e-05
15.3109  2.30453e-05
20.1837  1.70082e-05
28  1.1965e-05
38.4592  8.5563e-06
56.2341  5.76674e-06
101.158  3.15874e-06
201.837  1.56865e-06
803.526  3.91292e-07
50699.1  6.18807e-09
100000  3.1368e-09
-1  -1
0.00045598   0.0 
0.00045598  153016
0.000635  105430
0.000660693  100402
0.000794328  78952.6
0.000860994  70552.7
0.00102329  54779.8
0.00113501  46723.2
0.00133352  36153.7
0.00151356  29327.8
0.0017378  23205.2
0.00204174  17502.8
0.0024  13080.1
0.0028  9834.3
0.00327341  7313.18
0.00380189  5469.71
0.00446684  3971.07
0.005188  2929.55
0.00609537  2095.49
0.00716143  1487.37
0.00841395  1047.68
0.00988553  732.496
0.0116145  508.161
0.0136804  347.786
0.0160325  238.96
0.0188365  161.929
0.0221309  108.873
0.0260016  72.6399
0.0305492  48.103
0.0358922  31.6209
0.042658  20.0171
0.0506991  12.5752
0.0609537  7.5982
0.0732824  4.55659
0.0901571  2.54347
0.114815  1.27755
0.213796  0.214404
0.260016  0.122948
0.305492  0.0783284
0.350752  0.0535816
0.398107  0.0381011
0.446684  0.0281429
0.501187  0.0209434
0.555904  0.0161679
0.616595  0.0125713
0.683912  0.00985027
0.758578  0.00777816
0.841395  0.00618794
0.922571  0.00508422
1  0.00430818
1.14815  0.00327165
1.25  0.00278099
1.42889  0.00216936
1.56675  0.00183845
1.75792  0.00150599
1.99526  0.00121892
2.26464  0.000994349
2.5704  0.000817382
2.95121  0.000665224
3.42768  0.000536359
4  0.00043293
4.67735  0.000350989
5.55904  0.000280618
6.76083  0.000219501
8.31764  0.000170786
10.1158  0.000135569
12.8825  0.00010273
17.1791  7.45133e-05
23.174  5.3806e-05
33.1131  3.6777e-05
50.6991  2.35694e-05
94.4061  1.24481e-05
188.365  6.17786e-06
749.894  1.54006e-06
47315.1  2.43529e-08
100000  1.1521e-08
-1  -1
0.00037522   0.0 
0.00037522  156966
0.0003761  162140
0.000377  166050
0.000378  169392
0.0003797  173911
0.000382  178720
0.000384592  183127
0.0003865  185696
0.0003895  188679
0.0003925  190494
0.0003955  191346
0.0004  191326
0.000465  181172
0.000501187  173841
0.000530884  167641
0.000562341  160277
0.000595662  152348
0.000645654  140673
0.000685  131848
0.000732825  121456
0.000803526  107683
0.000860994  97812
0.000933254  86723.5
0.00103514  73640.3
0.00112202  64415.8
0.00123027  54860.7
0.0013554  46042.4
0.00147911  39040.1
0.00165  31522.2
0.0018197  25831.1
0.00201837  20782.9
0.00223872  16595.8
0.0025  12967.1
0.00281838  9834.39
0.00315  7551.06
0.00350752  5811.73
0.00398107  4234.47
0.00451856  3058.63
0.00512861  2191.08
0.00582103  1557.22
0.00660693  1098.3
0.00758578  744.23
0.00870964  500.111
0.01  333.398
0.0114815  220.58
0.0131826  144.842
0.0151356  94.4192
0.0175792  58.9475
0.0204174  36.5302
0.0239883  21.6517
0.0285102  12.265
0.0342768  6.63684
0.0416869  3.42973
0.0524807  1.56472
0.0724436  0.516632
0.110918  0.119166
0.138038  0.0564622
0.164059  0.0315362
0.192752  0.0184429
0.223872  0.011287
0.25704  0.00722679
0.291743  0.00483788
0.327341  0.00338255
0.367282  0.00238235
0.40738  0.00174958
0.451856  0.00129382
0.501187  0.000963787
0.555904  0.000723525
0.609537  0.00056451
0.668344  0.000443372
0.732824  0.000350508
0.860994  0.000235122
0.922571  0.0001995
0.977237  0.000175041
1.03514  0.00015458
1.10918  0.000134017
1.1886  0.00011699
1.31826  9.65878e-05
1.47911  7.86375e-05
1.71791  6.05487e-05
1.92752  4.98452e-05
2.16272  4.13246e-05
2.45471  3.38788e-05
2.81838  2.74988e-05
3.27341  2.21184e-05
3.80189  1.7929e-05
4.46684  1.44109e-05
5.24808  1.16687e-05
6.38263  9.10663e-06
7.49894  7.47206e-06
9.44061  5.67657e-06
12.0226  4.29226e-06
15.4882  3.228e-06
20.4174  2.38302e-06
28.1838  1.68581e-06
38.9045  1.19941e-06
56.8853  8.08532e-07
101.158  4.48153e-07
201.837  2.22556e-07
803.526  5.55139e-08
50699.1  8.77937e-10
100000  4.4504e-10
-1  -1
0.00035928   0.0 
0.00035928  399690
0.0003643  409065
0.000374  422554
0.000379  427941
0.000389045  434971
0.000395  436796
0.0004  437032
0.00041  433150
0.000436516  421104
0.000457088  409551
0.000508  378859
0.000537032  360887
0.00057544  337256
0.000630957  304977
0.00067  283658
0.000724436  255885
0.000794328  224937
0.000851138  202992
0.000922571  178749
0.00102329  150612
0.00111  130808
0.00123027  108562
0.0013554  90453.6
0.00151356  72837.6
0.00165959  60407.2
0.00186209  47414.8
0.00206538  37844.7
0.00231739  29230.3
0.00260016  22388.5
0.0029  17265.2
0.00327341  12838.3
0.00371535  9335.86
0.00421696  6729.5
0.0047863  4809.97
0.00537032  3519.2
0.0060256  2558.1
0.0068  1817.64
0.00767361  1283.03
0.00870964  884.588
0.00988553  605.688
0.0113501  397.711
0.0130317  259.077
0.015  166.138
0.017378  103.567
0.0201837  63.5431
0.0234423  38.6973
0.0275423  22.5112
0.0323594  12.9999
0.0389045  6.88589
0.0473151  3.47759
0.0595662  1.54384
0.120226  0.126753
0.147911  0.0609921
0.17378  0.0347573
0.2  0.0214142
0.226464  0.0140517
0.254097  0.0095757
0.285102  0.00657428
0.316228  0.00471981
0.350752  0.00341362
0.384592  0.00257689
0.421696  0.00195909
0.462381  0.00150038
0.506991  0.00115764
0.555904  0.000900085
0.609537  0.000705314
0.660694  0.000573556
0.716143  0.000469289
0.776247  0.000386364
0.851138  0.000311309
0.912011  0.0002663
0.977237  0.000229276
1.05925  0.000194156
1.16145  0.000161653
1.2735  0.000135547
1.41254  0.000112088
1.64059  8.60317e-05
1.86209  6.93051e-05
2.0893  5.73433e-05
2.37137  4.69141e-05
2.69154  3.86636e-05
3.09029  3.15417e-05
3.58922  2.54926e-05
4.21697  2.04344e-05
4.9545  1.65033e-05
5.95662  1.30365e-05
7.07946  1.05181e-05
9.12011  7.76074e-06
11.4815  5.93899e-06
14.7911  4.46041e-06
19.4984  3.28885e-06
27.227  2.29568e-06
38.0189  1.61279e-06
56.2341  1.07406e-06
100  5.9523e-07
199.526  2.95567e-07
794.328  7.37192e-08
50118.7  1.16583e-09
100000  5.842e-10
-1  -1
0.00021482   0.0 
0.00021482  112702
0.0002157  112641
0.0002167  113324
0.0002175  114686
0.0002182  116558
0.0002188  118823
0.0002195  122355
0.0002201  126252
0.0002207  131051
0.000221309  136980
0.00022195  144481
0.0002225  152074
0.0002231  161671
0.000223872  176219
0.0002247  194769
0.0002255  215793
0.000227  263690
0.0002285  322502
0.0002295  367223
0.0002305  415652
0.0002313  456540
0.0002321  498888
0.0002328  536772
0.0002336  580604
0.000234423  625975
0.0002351  663224
0.0002359  706888
0.000237  765848
0.0002381  823328
0.0002392  878868
0.0002405  942140
0.000242  1.0116e+06
0.0002435  1.07762e+06
0.000245  1.14008e+06
0.0002465  1.19946e+06
0.0002485  1.27364e+06
0.0002507  1.34896e+06
0.000253  1.42064e+06
0.000255  1.47716e+06
0.0002573  1.535e+06
0.000260016  1.59387e+06
0.000263027  1.64762e+06
0.000266073  1.6907e+06
0.000269154  1.72424e+06
0.000273  1.75436e+06
0.000275423  1.768e+06
0.00028  1.78524e+06
0.000285102  1.7956e+06
0.000293  1.79963e+06
0.000301995  1.79176e+06
0.00031  1.77444e+06
0.000318  1.74833e+06
0.000328  1.70512e+06
0.000339  1.64886e+06
0.000355  1.56054e+06
0.000371535  1.46873e+06
0.000389045  1.37259e+06
0.00040738  1.2735e+06
0.000431519  1.14924e+06
0.00046  1.01752e+06
0.000485  914484
0.000515  804540
0.000555904  677806
0.0006  567096
0.00065  466532
0.000716143  365219
0.00078  292350
0.00087  217931
0.000954993  168481
0.00107152  121501
0.0011749  92940.9
0.00131826  65953
0.00146218  48068.5
0.00162181  34811
0.0018197  24134.8
0.00204174  16606.8
0.00226464  11790.8
0.00254097  8005.32
0.00288403  5186.81
0.00327341  3332.62
0.00371535  2123.72
0.00421696  1342.3
0.00473151  878.621
0.00530884  571.555
0.0060256  353.765
0.00691831  207.988
0.00794328  121.368
0.00912011  70.2839
0.0104713  40.3997
0.0121619  21.9995
0.0141254  11.8872
0.0164059  6.37536
0.0194985  3.08211
0.0237137  1.34154
0.03  0.489624
0.0402717  0.137446
0.0653131  0.0169142
0.0822243  0.00627718
0.0988553  0.0028592
0.116145  0.00144644
0.134896  0.000773729
0.154882  0.000437475
0.175792  0.000261242
0.197242  0.000164577
0.221309  0.000104425
0.248313  6.67599e-05
0.275423  4.49389e-05
0.30903  2.9173e-05
0.338844  2.0771e-05
0.371535  1.48889e-05
0.402717  1.11951e-05
0.44157  8.14926e-06
0.484172  5.97719e-06
0.530884  4.41796e-06
0.588844  3.16961e-06
0.660694  2.20127e-06
0.707946  1.77891e-06
0.749894  1.4973e-06
0.803526  1.22655e-06
0.860994  1.00991e-06
0.912011  8.65049e-07
0.954993  7.69175e-07
1  6.88749e-07
1.05925  6.05914e-07
1.12202  5.37162e-07
1.1886  4.795e-07
1.2735  4.21949e-07
1.39637  3.58718e-07
1.53109  3.06338e-07
1.79887  2.31757e-07
2  1.941e-07
2.26464  1.5898e-07
2.5704  1.30686e-07
2.95121  1.06348e-07
3.42768  8.57453e-08
4  6.921e-08
4.67735  5.61102e-08
5.55904  4.48601e-08
6.76083  3.50902e-08
8.31764  2.73023e-08
10.1158  2.16726e-08
12.8825  1.64228e-08
17.1791  1.1912e-08
22.9087  8.70866e-09
32.7341  5.95096e-09
50.6991  3.76784e-09
95.4993  1.96677e-09
190.546  9.76182e-10
758.578  2.43385e-10
47863  3.84858e-12
100000  1.8418e-12
-1  -1
0.00021181   0.0 
0.00021181  163182
0.0002127  163797
0.0002137  165571
0.0002145  168125
0.0002153  171966
0.000216  176651
0.0002165  180898
0.000217  185999
0.0002175  192044
0.0002182  202281
0.0002188  212897
0.0002195  227684
0.0002202  245321
0.000221  269301
0.0002217  293888
0.0002225  326344
0.0002257  504075
0.0002265  559640
0.0002275  634128
0.0002285  713088
0.0002292  770316
0.00023  837030
0.0002308  904524
0.000231739  984002
0.0002327  1.0647e+06
0.0002335  1.13099e+06
0.0002345  1.2122e+06
0.0002355  1.29122e+06
0.0002365  1.36783e+06
0.0002378  1.46363e+06
0.0002392  1.56204e+06
0.0002405  1.64914e+06
0.000242  1.74473e+06
0.0002435  1.83532e+06
0.000245471  1.94703e+06
0.0002473  2.0434e+06
0.000249  2.12668e+06
0.0002515  2.23798e+06
0.000254097  2.33935e+06
0.0002565  2.42025e+06
0.000259  2.49164e+06
0.0002615  2.55081e+06
0.000265  2.61531e+06
0.000269154  2.66878e+06
0.000273  2.70118e+06
0.000278612  2.72804e+06
0.000285102  2.73988e+06
0.000293  2.737e+06
0.000301995  2.71594e+06
0.00031  2.6822e+06
0.00031989  2.62288e+06
0.000331131  2.53812e+06
0.000343  2.43841e+06
0.00036  2.29159e+06
0.000378  2.13814e+06
0.00039355  2.00747e+06
0.000412098  1.85565e+06
0.000436516  1.66848e+06
0.0004651  1.4736e+06
0.00049545  1.29258e+06
0.000524808  1.13934e+06
0.000568853  946919
0.000616595  781315
0.000668344  639425
0.000732825  504781
0.000803526  395643
0.000891251  298317
0.000988553  223216
0.00109648  165725
0.00121619  122160
0.0013554  88096.2
0.0015  64454.4
0.0016788  45207.1
0.00186209  32401.6
0.0020893  22224.7
0.00237137  14558.2
0.002695  9413.13
0.00305492  6088.51
0.00346737  3888.23
0.0039355  2462.41
0.0044157  1614.05
0.0049545  1051.18
0.00555904  680.388
0.00630957  418.772
0.00716143  256.027
0.00822243  148.532
0.00944061  85.5313
0.0108393  48.8772
0.0124452  27.7202
0.0144544  14.878
0.016788  7.92486
0.0197242  3.99205
0.0237137  1.80899
0.0295121  0.700684
0.0384592  0.220458
0.0749894  0.0117631
0.0988553  0.00352754
0.113501  0.00194649
0.130317  0.0010823
0.147911  0.000636582
0.165959  0.000395242
0.184077  0.000259003
0.204174  0.000170902
0.223872  0.000118865
0.245471  8.32264e-05
0.269153  5.86964e-05
0.295121  4.17225e-05
0.319889  3.11579e-05
0.346737  2.34145e-05
0.380189  1.70187e-05
0.421696  1.19916e-05
0.457088  9.19517e-06
0.49545  7.09916e-06
0.537032  5.51783e-06
0.57544  4.47565e-06
0.60256  3.9089e-06
0.645654  3.22584e-06
0.699842  2.60021e-06
0.803526  1.81829e-06
0.870964  1.46179e-06
0.922571  1.25839e-06
0.966051  1.12232e-06
1.01158  1.00718e-06
1.07152  8.87109e-07
1.13501  7.87452e-07
1.20226  7.03997e-07
1.28825  6.20172e-07
1.41254  5.27908e-07
1.53109  4.59956e-07
1.79887  3.47995e-07
2  2.9143e-07
2.26464  2.38683e-07
2.5704  1.96203e-07
2.95121  1.5967e-07
3.42768  1.28736e-07
4  1.0391e-07
4.67735  8.42447e-08
5.55904  6.73544e-08
6.76083  5.2684e-08
8.31764  4.09929e-08
10.1158  3.25389e-08
12.8825  2.4658e-08
16.9824  1.81133e-08
22.6464  1.32383e-08
31.9889  9.15493e-09
48.9779  5.86292e-09
93.3254  3.02312e-09
186.209  1.5001e-09
741.31  3.73941e-10
23442.3  1.17957e-11
100000  2.7654e-12
-1  -1
6.345e-05   0.0 
6.345e-05  163231
6.5e-05  170034
6.6573e-05  175748
6.85e-05  181465
7.07946e-05  186825
7.32824e-05  191360
7.67362e-05  196108
8.03526e-05  199690
8.51138e-05  202888
9.01571e-05  204837
9.54993e-05  205514
0.000101158  204792
0.000107152  202542
0.000112202  199598
0.00011885  194567
0.000126  188135
0.000133352  180910
0.000142889  171283
0.000156675  157894
0.000172  144342
0.000188365  131373
0.000204174  120095
0.000223872  107580
0.000251189  92934.1
0.000285102  78546.1
0.00032  66917.2
0.000363078  55720.2
0.000431519  43008.9
0.000501187  34093.2
0.000609537  24948.1
0.00075  17754.9
0.000912011  12793.3
0.00112202  8975.42
0.00136458  6376.77
0.00164059  4590.18
0.00194984  3349.61
0.00231739  2427.39
0.00275423  1746.19
0.00331131  1219.55
0.00398107  845.104
0.00473151  594.889
0.00562341  415.678
0.00660693  295.344
0.00776247  208.359
0.00912011  145.946
0.0107152  101.498
0.0125892  70.0713
0.0147911  48.0149
0.017378  32.6495
0.0204174  22.0322
0.0242661  14.3358
0.0285102  9.52701
0.0334965  6.28362
0.0398107  3.9911
0.0473151  2.51559
0.0555904  1.62362
0.0676083  0.946389
0.0831764  0.530173
0.102329  0.294947
0.218776  0.0333628
0.263027  0.0197832
0.30903  0.0126116
0.354813  0.00863322
0.402717  0.0061436
0.451856  0.00454132
0.501187  0.00348223
0.555904  0.0026883
0.616595  0.00209034
0.683912  0.00163794
0.758578  0.00129341
0.841395  0.00102897
0.922571  0.000845419
1  0.00071638
1.14815  0.000544023
1.25  0.00046242
1.42889  0.000360712
1.56675  0.00030569
1.75792  0.000250411
1.99526  0.000202676
2.26464  0.000165334
2.5704  0.000135908
2.95121  0.000110608
3.42768  8.91825e-05
4  7.1986e-05
4.67735  5.83615e-05
5.55904  4.66601e-05
6.76083  3.64972e-05
8.31764  2.83978e-05
10.1158  2.25418e-05
12.8825  1.70825e-05
16.9824  1.25482e-05
22.9087  9.05799e-06
32.7341  6.18975e-06
50.6991  3.91896e-06
95.4993  2.04567e-06
190.546  1.01535e-06
758.578  2.53141e-07
47863  4.00296e-09
100000  1.9157e-09
-1  -1
4.058e-05   0.0 
4.058e-05  2.73294e+06
4.105e-05  2.6584e+06
4.16869e-05  2.54495e+06
4.24e-05  2.41192e+06
4.36516e-05  2.18104e+06
4.51856e-05  1.91836e+06
4.72e-05  1.61917e+06
4.9545e-05  1.33042e+06
5.24807e-05  1.04517e+06
5.62341e-05  776190
6.16595e-05  520552
6.5e-05  416648
6.76083e-05  355222
7e-05  310484
7.24436e-05  273767
7.49894e-05  243114
7.7374e-05  219956
7.94328e-05  203424
8.15e-05  189459
8.4e-05  175452
8.65e-05  163997
8.91251e-05  154167
9.22571e-05  144766
9.5e-05  138176
9.8e-05  132349
0.000101158  127446
0.000104713  123100
0.000108393  119598
0.000113501  115948
0.000120226  112533
0.000130317  108984
0.000154882  102564
0.000169824  98696
0.000185  94612.2
0.0002  90427.8
0.000216272  85829.2
0.000235  80611.4
0.000258  74516
0.000281838  68688.8
0.00030903  62623.5
0.000338844  56646.8
0.000375837  50195.2
0.000416869  44153
0.000457088  39143.2
0.000506991  33940.4
0.000568853  28752.9
0.000638263  24165.9
0.000724436  19791.8
0.00082  16147.4
0.000922571  13203.6
0.00103514  10773.4
0.00116145  8728.25
0.00130317  7023.67
0.00146218  5608.16
0.00164059  4444.89
0.00184077  3496.95
0.00206538  2730.61
0.00231739  2116.05
0.00260016  1627.98
0.00291743  1243.68
0.00327341  943.657
0.00367282  711.217
0.00416869  517.127
0.00473151  373.064
0.00537032  267.041
0.00609537  189.694
0.00691831  133.753
0.00785236  93.607
0.00901571  62.9283
0.0103514  41.967
0.011885  27.7726
0.0136458  18.2432
0.0156675  11.8986
0.0184077  7.17214
0.0211349  4.61531
0.0245471  2.84177
0.0288403  1.67346
0.0346737  0.906568
0.042658  0.451124
0.0530884  0.214292
0.114815  0.0151456
0.142889  0.00719077
0.171791  0.00386825
0.2  0.0023351
0.229087  0.00149769
0.260016  0.000996309
0.295121  0.000667593
0.331131  0.000467161
0.371535  0.000329313
0.412098  0.000242054
0.457088  0.000179164
0.506991  0.000133581
0.562341  0.000100359
0.616595  7.83551e-05
0.676083  6.15775e-05
0.74131  4.87101e-05
0.860994  3.36321e-05
0.922571  2.85397e-05
0.977237  2.50433e-05
1.03514  2.21183e-05
1.10918  1.91767e-05
1.1886  1.674e-05
1.31826  1.38204e-05
1.47911  1.12515e-05
1.71791  8.66343e-06
1.92752  7.13186e-06
2.16272  5.91244e-06
2.45471  4.84709e-06
2.78612  4.0022e-06
3.23594  3.2172e-06
3.75837  2.60635e-06
4.4157  2.09382e-06
5.188  1.69451e-06
6.30957  1.3218e-06
7.4131  1.08406e-06
9.33254  8.23245e-07
11.749  6.30484e-07
15.1356  4.73844e-07
20  3.4869e-07
27.8612  2.44175e-07
38.4592  1.73687e-07
56.8853  1.1568e-07
101.158  6.41206e-08
201.837  3.18427e-08
803.526  7.94283e-09
50699.1  1.25615e-10
100000  6.3675e-11
-1  -1
3.836e-05   0.0 
3.836e-05  5.67696e+06
3.89045e-05  5.45872e+06
3.96e-05  5.15816e+06
4.03e-05  4.8548e+06
4.16869e-05  4.28348e+06
4.35e-05  3.62766e+06
4.57088e-05  2.96855e+06
4.84172e-05  2.33572e+06
5.68853e-05  1.17631e+06
5.95662e-05  972508
6.16595e-05  847517
6.4e-05  735528
6.60693e-05  655979
6.8e-05  594956
7e-05  542628
7.23e-05  493488
7.45e-05  455324
7.67362e-05  423578
7.9e-05  397230
8.15e-05  373517
8.41395e-05  353322
8.70964e-05  335282
9.01571e-05  320533
9.33254e-05  308474
9.66051e-05  298609
0.000101158  288152
0.000106  279905
0.000112202  272058
0.000142889  247029
0.000158  235636
0.000172  224900
0.000186209  213921
0.000201837  201954
0.000218776  189291
0.00024  174312
0.000263027  159481
0.00029  143985
0.000316228  130596
0.000350752  115270
0.00039355  99469.6
0.000436516  86477.6
0.000484172  74642.1
0.00054325  62906.1
0.000609537  52632.8
0.000691831  42883.3
0.000785236  34666.6
0.000881049  28361.1
0.000988553  23053.2
0.00110918  18609.8
0.00124452  14927.6
0.00139637  11882.9
0.00156675  9388.91
0.00175792  7364.32
0.00197242  5733.94
0.00221309  4431.22
0.00248313  3399.67
0.00278612  2589.76
0.00312608  1959.09
0.00350752  1471.9
0.00398107  1066.41
0.00451856  766.566
0.00512861  546.698
0.00582103  386.845
0.00660693  271.587
0.00749894  189.271
0.00851138  130.95
0.00977237  86.9144
0.0112202  57.2263
0.0128825  37.3848
0.0147911  24.2382
0.0169824  15.5998
0.0192753  10.3461
0.0226464  6.08625
0.0266072  3.55307
0.0312608  2.05885
0.0371535  1.13833
0.0451856  0.576909
0.054325  0.302216
0.0724436  0.108994
0.123027  0.0165812
0.15  0.00824889
0.175792  0.0047465
0.201837  0.00295317
0.229087  0.00192444
0.25704  0.00131268
0.288403  0.000902065
0.319889  0.000648184
0.354813  0.000469249
0.389045  0.000354544
0.42658  0.000269797
0.467735  0.000206815
0.512861  0.000159727
0.562341  0.000124318
0.609537  0.000100494
0.660694  8.17606e-05
0.716143  6.69316e-05
0.785236  5.36466e-05
0.860994  4.3251e-05
0.922571  3.70234e-05
0.988553  3.19035e-05
1.08393  2.6411e-05
1.1749  2.25172e-05
1.28825  1.89139e-05
1.42889  1.56555e-05
1.64059  1.22649e-05
1.86209  9.8801e-06
2.0893  8.17498e-06
2.37137  6.6883e-06
2.69154  5.51207e-06
3.09029  4.49669e-06
3.58922  3.63427e-06
4.21697  2.91316e-06
4.9545  2.35274e-06
5.95662  1.8585e-06
7.07946  1.4995e-06
9.12011  1.10635e-06
11.4815  8.46671e-07
14.7911  6.35886e-07
19.4984  4.68862e-07
27.227  3.27273e-07
38.0189  2.2993e-07
56.2341  1.53114e-07
100  8.4857e-08
199.526  4.21358e-08
794.328  1.05096e-08
50118.7  1.66196e-10
100000  8.3285e-11
-1  -1
5.94e-06   0.0 
5.94e-06  4.17678e+06
6.23735e-06  4.52152e+06
6.53131e-06  4.83631e+06
6.83912e-06  5.13649e+06
7.16143e-06  5.42369e+06
7.6e-06  5.77437e+06
8.03526e-06  6.08556e+06
8.60994e-06  6.44692e+06
9.33254e-06  6.8466e+06
1.02329e-05  7.2755e+06
1.13501e-05  7.7287e+06
1.2735e-05  8.20202e+06
1.39637e-05  8.55145e+06
1.51356e-05  8.81008e+06
1.62181e-05  8.98009e+06
1.71791e-05  9.06924e+06
1.8e-05  9.09234e+06
1.88365e-05  9.06146e+06
1.97242e-05  8.96781e+06
2.04174e-05  8.85271e+06
2.11349e-05  8.6961e+06
2.19e-05  8.48875e+06
2.27e-05  8.23099e+06
2.35e-05  7.93744e+06
2.42661e-05  7.62973e+06
2.51189e-05  7.26443e+06
2.60016e-05  6.86892e+06
2.69153e-05  6.44912e+06
2.78612e-05  6.01232e+06
2.88403e-05  5.56683e+06
2.98538e-05  5.12048e+06
3.0903e-05  4.67974e+06
3.19889e-05  4.24988e+06
3.31131e-05  3.83577e+06
3.45e-05  3.37006e+06
3.58922e-05  2.95218e+06
3.73e-05  2.5769e+06
3.85e-05  2.29157e+06
4e-05  1.97584e+06
4.15e-05  1.70115e+06
4.3e-05  1.4625e+06
4.45e-05  1.25532e+06
4.57088e-05  1.1086e+06
4.73151e-05  938347
4.89779e-05  788078
5.01187e-05  698281
5.15e-05  602275
5.30884e-05  507063
5.4772e-05  421647
5.62341e-05  358626
5.7544e-05  309785
5.9e-05  262867
6.07e-05  216629
6.23735e-05  178837
6.4e-05  148339
6.60693e-05  116946
7.16143e-05  63110.9
7.32824e-05  53208.2
7.45e-05  47332.6
7.58e-05  42145.4
7.69e-05  38527.5
7.76247e-05  36489.6
7.85236e-05  34308.1
7.95e-05  32333.3
8.04e-05  30842.2
8.12831e-05  29656.4
8.22243e-05  28665.5
8.31764e-05  27921.1
8.41395e-05  27404.9
8.51138e-05  27099.6
8.61e-05  26988.3
8.70964e-05  27055.8
8.81049e-05  27286.9
8.91251e-05  27668
9.01571e-05  28185.8
9.15e-05  29031.4
9.33254e-05  30436.7
9.54993e-05  32403.7
0.000104  41602.4
0.000107152  45145.9
0.00011067  48969.7
0.000113501  51900.4
0.000117  55286.9
0.0001205  58368.3
0.000124452  61483.7
0.000128825  64488.7
0.000133352  67090.9
0.000138038  69306.8
0.000143  71170.1
0.000148  72563.2
0.000154  73729.3
0.000160324  74392.6
0.000168  74572.5
0.000175  74223
0.00018197  73472.1
0.000190546  72135.6
0.0002  70261.4
0.000211349  67669.1
0.000221309  65180.4
0.000234423  61742.7
0.000248313  58041
0.000263027  54175.9
0.000278612  50238.9
0.000295121  46310.5
0.000316228  41757.2
0.000338844  37388.8
0.000363078  33245.6
0.000389045  29371.7
0.000421697  25235.8
0.000457088  21523
0.00049545  18229.1
0.000537032  15342
0.000588844  12506.4
0.000645654  10123.1
0.000707946  8138.06
0.000776247  6498.73
0.000851138  5154.35
0.000944061  3940.3
0.00104713  2988.14
0.00116145  2248.15
0.00128825  1678.23
0.00142889  1243.2
0.00158489  913.884
0.00175792  666.821
0.00194984  483.114
0.00216272  347.632
0.00242661  239.307
0.00266073  176.433
0.00298538  119.777
0.00334965  80.7477
0.00375837  54.0492
0.00421696  35.9175
0.00473151  23.6986
0.00530884  15.5285
0.0060256  9.67882
0.00683912  5.98651
0.00776247  3.67598
0.00891251  2.14278
0.0102329  1.23933
0.011749  0.71133
0.0134896  0.405378
0.0156675  0.218776
0.0184077  0.111694
0.0221309  0.0513749
0.027227  0.0212644
0.0346737  0.00753454
0.0707946  0.000345553
0.0891251  0.000128702
0.105925  6.17679e-05
0.124452  3.13622e-05
0.142889  1.76628e-05
0.164059  1.00185e-05
0.186209  6.00146e-06
0.20893  3.79356e-06
0.234423  2.41624e-06
0.260016  1.62081e-06
0.288403  1.09453e-06
0.319889  7.44073e-07
0.354813  5.09609e-07
0.389045  3.66576e-07
0.42658  2.65686e-07
0.467735  1.93961e-07
0.5188  1.37229e-07
0.568853  1.01625e-07
0.616595  7.86595e-08
0.668344  6.13058e-08
0.724436  4.80839e-08
0.794328  3.67039e-08
0.860994  2.89059e-08
0.901571  2.53538e-08
0.944061  2.23709e-08
0.988553  1.98827e-08
1.03514  1.78194e-08
1.08393  1.60871e-08
1.13501  1.46179e-08
1.1886  1.3358e-08
1.2735  1.17779e-08
1.38038  1.0242e-08
1.51356  8.7735e-09
1.8197  6.38059e-09
2.01837  5.36677e-09
2.29087  4.38149e-09
2.60016  3.60398e-09
2.98538  2.93474e-09
3.46737  2.36765e-09
4.02717  1.92456e-09
4.73151  1.55106e-09
5.62341  1.24075e-09
6.83912  9.70928e-10
8.60994  7.35258e-10
10.5925  5.76591e-10
13.6458  4.31944e-10
18.197  3.13822e-10
25.1189  2.21361e-10
36.3078  1.49765e-10
54.325  9.84702e-11
98.8553  5.32893e-11
197.242  2.64582e-11
785.236  6.5985e-12
49545  1.04349e-13
100000  5.1692e-14
-1  -1
5.76e-06   0.0 
5.76e-06  6.67457e+06
6.0256e-06  7.1643e+06
6.30957e-06  7.64203e+06
6.60693e-06  8.09576e+06
7e-06  8.6305e+06
7.4131e-06  9.12328e+06
7.94328e-06  9.67761e+06
8.51138e-06  1.01907e+07
9.22571e-06  1.07454e+07
1.02329e-05  1.14085e+07
1.15e-05  1.21014e+07
1.28825e-05  1.27196e+07
1.42889e-05  1.3211e+07
1.54882e-05  1.35122e+07
1.65959e-05  1.36728e+07
1.75792e-05  1.3708e+07
1.85e-05  1.36465e+07
1.92753e-05  1.35207e+07
2e-05  1.3339e+07
2.07e-05  1.31061e+07
2.15e-05  1.27766e+07
2.23872e-05  1.2342e+07
2.31739e-05  1.19038e+07
2.4e-05  1.13986e+07
2.48313e-05  1.08545e+07
2.5704e-05  1.02588e+07
2.66072e-05  9.62996e+06
2.75423e-05  8.9783e+06
2.85102e-05  8.31334e+06
2.95121e-05  7.64546e+06
3.05492e-05  6.98576e+06
3.16228e-05  6.34386e+06
3.27341e-05  5.72635e+06
3.4e-05  5.08164e+06
3.54e-05  4.44065e+06
3.67282e-05  3.9e+06
3.80189e-05  3.4329e+06
3.95e-05  2.96045e+06
4.0738e-05  2.61233e+06
4.22e-05  2.25061e+06
4.36516e-05  1.93849e+06
4.51856e-05  1.65292e+06
4.67735e-05  1.39881e+06
4.84172e-05  1.17441e+06
5.01187e-05  977885
5.15e-05  841433
5.30884e-05  706405
5.45e-05  603583
5.62341e-05  496483
5.8e-05  406078
5.95662e-05  339179
6.09537e-05  288824
6.23735e-05  244824
6.4e-05  202538
6.65e-05  151588
7.07e-05  94841.5
7.24436e-05  79210
7.35e-05  71499.6
7.47e-05  64135.4
7.58578e-05  58271.4
7.69e-05  53912.6
7.76247e-05  51343.3
7.85236e-05  48632.7
7.94328e-05  46379.9
8.04e-05  44470.3
8.12831e-05  43122.4
8.22243e-05  42059.6
8.31764e-05  41337.2
8.41395e-05  40929.8
8.51138e-05  40812
8.61e-05  40959.8
8.73e-05  41456.9
8.85e-05  42254.4
9e-05  43606.6
9.15e-05  45285.8
9.35e-05  47926.8
9.66051e-05  52663
0.000102  61766.2
0.000105  66936.2
0.000108393  72633.1
0.000111  76808.4
0.000114815  82541
0.000118  86936.6
0.000121619  91431.7
0.000125892  96081.5
0.000130317  100192
0.000135  103741
0.00014  106758
0.000145  109053
0.000151356  110999
0.000156675  111984
0.000162181  112387
0.00017012  112145
0.000177828  111100
0.000186209  109237
0.000194984  106670
0.000206538  102696
0.000216272  99030.4
0.000229087  93932
0.000242661  88408.8
0.00025704  82613.6
0.00027227  76686.4
0.000288403  70751.2
0.000312608  62691
0.000334965  56114.4
0.000358922  49879.8
0.000384592  44052.4
0.000416869  37830
0.000451856  32248.6
0.000489779  27299.1
0.000537032  22390.7
0.000588844  18223.7
0.000645654  14730.7
0.000707946  11825.6
0.000776247  9428.29
0.000851138  7466.34
0.000944061  5698.48
0.00104713  4314.75
0.00116145  3241.24
0.00128825  2415.85
0.00142889  1786.79
0.00156675  1357.69
0.0017378  989.72
0.00192753  716.33
0.00213796  514.888
0.002386  360.29
0.00263027  260.827
0.00295121  175.921
0.00342768  104.838
0.00389045  67.1401
0.00436516  44.4204
0.00489779  29.1752
0.00549541  19.0277
0.00623735  11.7986
0.00707946  7.25983
0.00803526  4.43452
0.00912011  2.69025
0.0103514  1.62102
0.011885  0.925749
0.0136458  0.524787
0.0156675  0.295397
0.018197  0.157336
0.0216272  0.0754612
0.0260016  0.0341969
0.0323594  0.0132505
0.0421697  0.00416985
0.0707946  0.000430593
0.0901571  0.000150275
0.107152  7.13683e-05
0.124452  3.77104e-05
0.141254  2.21294e-05
0.160325  1.30784e-05
0.179887  8.16705e-06
0.2  5.3329e-06
0.221309  3.57617e-06
0.242661  2.50285e-06
0.266072  1.76355e-06
0.291743  1.25155e-06
0.319889  8.94947e-07
0.346737  6.71788e-07
0.375837  5.07648e-07
0.40738  3.86404e-07
0.44157  2.96437e-07
0.47863  2.29098e-07
0.5188  1.7836e-07
0.562341  1.39893e-07
0.609537  1.10563e-07
0.660694  8.80685e-08
0.716143  7.06919e-08
0.794328  5.3731e-08
0.851138  4.50465e-08
0.901571  3.91218e-08
0.954993  3.41888e-08
1.01158  3.00903e-08
1.08393  2.60176e-08
1.16145  2.26559e-08
1.24452  1.98834e-08
1.38038  1.64708e-08
1.65959  1.19141e-08
1.88365  9.60135e-09
2.11349  7.9484e-09
2.39883  6.5073e-09
2.7227  5.36635e-09
3.12608  4.38049e-09
3.63078  3.5425e-09
4.26579  2.84121e-09
5.01187  2.29581e-09
6.0256  1.81444e-09
7.16143  1.46461e-09
9.12011  1.09591e-09
11.4815  8.3865e-10
14.7911  6.29862e-10
19.4984  4.64421e-10
27.227  3.2417e-10
38.0189  2.27747e-10
56.2341  1.51661e-10
100  8.4053e-11
199.526  4.17368e-11
794.328  1.04099e-11
50118.7  1.64629e-13
100000  8.2496e-14
-1  -1
5.73e-06   0.0 
5.73e-06  1.17395e+06
6.0256e-06  892498
6.30957e-06  689630
6.60693e-06  528166
6.85e-06  425297
7.1e-06  340783
7.35e-06  273110
7.6e-06  218762
7.77e-06  188029
8e-06  153044
8.22243e-06  125197
8.42e-06  104551
8.60994e-06  87742.8
8.81049e-06  72735.2
9.01571e-06  59846
9.2e-06  50079.8
9.35e-06  43221.7
9.5e-06  37219.4
9.66051e-06  31633.5
9.85e-06  26013
1e-05  22218.5
1.015e-05  18931.7
1.03514e-05  15217.8
1.055e-05  12235.5
1.10917e-05  6787.33
1.123e-05  5895.72
1.13501e-05  5253.29
1.146e-05  4763.02
1.154e-05  4460.01
1.16145e-05  4215.87
1.168e-05  4029.68
1.176e-05  3836.4
1.182e-05  3714.71
1.19e-05  3581.63
1.197e-05  3490.99
1.203e-05  3431.4
1.211e-05  3376.42
1.218e-05  3349.95
1.226e-05  3342.87
1.232e-05  3352.83
1.24e-05  3385.21
1.247e-05  3430.4
1.255e-05  3500.03
1.265e-05  3612.14
1.275e-05  3749.84
1.28825e-05  3967.9
1.305e-05  4294.82
1.33e-05  4871.95
1.38038e-05  6272.82
1.41e-05  7195.48
1.43e-05  7844.74
1.45e-05  8508.27
1.47e-05  9181.13
1.5e-05  10198.8
1.53e-05  11216.3
1.56e-05  12224.2
1.59e-05  13215.3
1.62181e-05  14240.8
1.66e-05  15433.3
1.69824e-05  16578.4
1.7378e-05  17707.1
1.785e-05  18976.8
1.83e-05  20108.4
1.88365e-05  21358
1.92753e-05  22302.2
1.99526e-05  23629.1
2.07e-05  24921.4
2.15e-05  26123
2.23872e-05  27259.6
2.33e-05  28240.5
2.42661e-05  29098.7
2.54097e-05  29910
2.66072e-05  30557.1
2.81838e-05  31149.5
3e-05  31547.3
3.19889e-05  31723.1
3.42768e-05  31677.5
3.6843e-05  31401.9
3.98107e-05  30868.3
4.31519e-05  30082.1
4.67735e-05  29096.2
5.06991e-05  27931.1
5.4325e-05  26800.5
5.9e-05  25318.1
6.38264e-05  23802.1
6.91831e-05  22173.8
7.5e-05  20495.9
8.12831e-05  18825.4
8.91251e-05  16952.7
0.0001  14736
0.000113501  12520.6
0.000131826  10244.5
0.000164059  7565.4
0.000226464  4817.55
0.000266073  3819.23
0.000301995  3161.08
0.000354813  2449.01
0.000501187  1400.35
0.0007  800.368
0.000870964  551.041
0.00107152  383.957
0.00131826  265.572
0.0015  210.246
0.00177828  149.61
0.00192753  128.006
0.00206538  112.643
0.00218776  101.822
0.00231739  92.6152
0.00254097  80.5349
0.00269154  73.2067
0.00286348  65.5154
0.00305492  57.8809
0.00327341  50.3443
0.00354813  42.4797
0.004  32.7244
0.0047863  22.6974
0.00568853  15.8428
0.00668344  11.2468
0.00794328  7.73106
0.00933254  5.40913
0.0109648  3.75741
0.0128825  2.59098
0.0151356  1.77337
0.0177828  1.20453
0.020893  0.811945
0.0245471  0.543124
0.0288403  0.360622
0.0338844  0.237682
0.0402717  0.150881
0.047863  0.0950571
0.0568853  0.0594187
0.0691831  0.0346035
0.0851138  0.0193702
0.103514  0.0111266
0.223872  0.00121827
0.269153  0.000723178
0.316228  0.000461609
0.363078  0.000316457
0.412098  0.000225577
0.462381  0.000167045
0.512861  0.00012833
0.568853  9.92796e-05
0.630957  7.73803e-05
0.699842  6.07879e-05
0.767362  4.9382e-05
0.851138  3.93871e-05
0.933254  3.24458e-05
1.02329  2.69199e-05
1.16145  2.09461e-05
1.28825  1.7202e-05
1.46218  1.36106e-05
1.62181  1.13195e-05
1.8197  9.29266e-06
2.06538  7.53789e-06
2.34423  6.16258e-06
2.66072  5.07563e-06
3.05492  4.13828e-06
3.54813  3.34263e-06
4.16869  2.6779e-06
4.89779  2.16163e-06
5.82103  1.73169e-06
7  1.3759e-06
9.01571  1.01501e-06
11.3501  7.76467e-07
14.6218  5.82957e-07
19.2752  4.29697e-07
26.9154  2.99839e-07
38.0189  2.08102e-07
56.2341  1.38577e-07
100  7.68e-08
199.526  3.81352e-08
794.328  9.51161e-09
50118.7  1.50423e-10
100000  7.5377e-11
-1  -1
-2   0.0 
-2  -2
