% -----------------------------------------------------------------------
%   Program Name: pe-ss-cs-76.dat 
%   Author: the Geant4 Collaboration
%   Organization: the Geant4 Collaboration
%   Version: unknown
%   Date: circa 2006
%   Class: Public
%   Copyright (c) Copyright Holders of the Geant4 Collaboration, 1994-2006.
%   See http://cern.ch/geant4/license for details on the copyright holders.
%   All rights not expressly granted under this license are reserved.
% -----------------------------------------------------------------------
0.074066   0.0 
0.074066  2428.66
0.076  2275.96
0.077  2208.74
0.0793  2043.78
0.083  1826.66
0.0901571  1471.75
0.102329  1063.51
0.133352  528.015
0.234423  116.707
0.281838  71.7397
0.327341  48.6148
0.375837  34.1723
0.421696  25.6289
0.47863  18.8099
0.537032  14.2943
0.60256  10.9399
0.676083  8.43287
0.758578  6.54742
0.851138  5.12184
0.944061  4.13475
1.05925  3.28466
1.21619  2.50872
1.38038  1.97446
1.54882  1.59911
1.75792  1.27815
2  1.02526
2.26464  0.835012
2.60016  0.669897
3  0.53753
3.46737  0.433272
4.02717  0.349262
4.73151  0.279045
5.62341  0.22115
6.68344  0.176613
8.1283  0.137966
10  0.10712
12.735  0.0804844
16.2181  0.0609622
21.1349  0.0453357
28.8403  0.0322913
42.6579  0.0212781
65.3131  0.0136327
100  0.0087948
192.752  0.00450854
384.592  0.00224537
1531.09  0.000561391
100000  8.5781e-06
-1  -1
0.01295   0.0 
0.01295  8956.3
0.0132  8658.84
0.01357  8267.66
0.0139  7926.68
0.01435  7530.38
0.0158  6334.82
0.0169  5636.16
0.018  5017.18
0.0206538  3867.63
0.0260016  2449.39
0.0291743  1929.77
0.0331131  1479.44
0.039  1037.15
0.0436516  807.687
0.0506991  575.35
0.060256  385.197
0.0716143  255.442
0.0851138  167.949
0.101158  109.577
0.123027  67.0251
0.156675  36.2047
0.263027  9.59485
0.319889  5.8482
0.375837  3.91673
0.436516  2.71893
0.501187  1.95544
0.568853  1.4563
0.645654  1.09248
0.732824  0.825716
0.822243  0.644735
0.922571  0.507258
1.02329  0.411664
1.1885  0.306932
1.33352  0.246479
1.51356  0.195097
1.71791  0.155697
1.94985  0.125223
2.2131  0.101464
2.54097  0.0812896
2.91743  0.0656216
3.38844  0.0524415
3.9355  0.0422263
4.62381  0.0337005
5.49541  0.0266806
6.53131  0.0212861
7.94328  0.0166126
9.77237  0.0128873
12.4451  0.00967427
15.6675  0.00741894
20.1837  0.0055823
27.227  0.00402101
39.355  0.00271129
58.2103  0.00179792
90.1571  0.00114418
179.887  0.000565806
358.922  0.000281673
1428.89  7.03952e-05
100000  1.0037e-06
-1  -1
0.012424   0.0 
0.012424  17804.2
0.01252  17542.2
0.01267  17002
0.0128  16615
0.0138038  13731
0.0164059  8766.9
0.0186209  6235.2
0.0237137  3210.3
0.0301995  1617.9
0.0375837  858.26
0.0467735  450.26
0.0582103  234.1
0.075  108.85
0.142889  15.3131
0.177828  7.92052
0.216272  4.42355
0.254097  2.7575
0.295121  1.7911
0.338844  1.21154
0.384592  0.852699
0.436516  0.604727
0.489779  0.445725
0.549541  0.330993
0.609537  0.254962
0.676083  0.197788
0.749894  0.154501
0.860994  0.112087
0.933254  0.0935963
1  0.0807541
1.09648  0.0669501
1.20226  0.0558909
1.31826  0.046979
1.47911  0.038109
1.71791  0.0291997
1.94985  0.0234753
2.2131  0.0190205
2.54097  0.0152404
2.91743  0.0123052
3.38844  0.00983414
3.9355  0.00791853
4.62381  0.00631973
5.49541  0.00500332
6.53131  0.00399169
7.94328  0.00311528
9.77237  0.00241668
12.3027  0.00183882
15.4882  0.0014096
20  0.0010575
26.9154  0.000763519
38.9045  0.000514675
57.544  0.000341215
89.1251  0.000217111
177.828  0.000107348
354.813  5.34368e-05
1412.54  1.33538e-05
100000  1.8823e-07
-1  -1
0.010877   0.0 
0.010877  40563.5
0.0111  38293.4
0.01125  37007.3
0.0120226  30922.1
0.0146218  17960.3
0.0165  12709.5
0.0211349  6178.24
0.0269154  2990.32
0.0334965  1527.98
0.040738  829.131
0.0501187  429.876
0.0616595  221.01
0.0785236  100.885
0.144544  13.7408
0.18  6.74968
0.211349  4.03816
0.245471  2.51951
0.281838  1.64218
0.319889  1.11756
0.35909  0.792166
0.402717  0.567466
0.446684  0.422727
0.49545  0.317159
0.549541  0.239844
0.609537  0.182794
0.676083  0.140425
0.74131  0.111845
0.812831  0.089661
0.922571  0.0667774
0.977237  0.0587064
1.03514  0.0519259
1.12202  0.0440706
1.21619  0.0376806
1.33352  0.0317372
1.58489  0.023288
1.8197  0.0182676
2.044  0.0149938
2.31739  0.0122027
2.66072  0.00980169
3.05492  0.00793121
3.54813  0.00635323
4.12097  0.005127
4.84172  0.00410075
5.7544  0.00325332
6.83912  0.00260053
8.22243  0.00206258
10  0.0016245
12.735  0.00122061
16.2181  0.000924496
21.1349  0.000687521
28.8403  0.0004897
42.6579  0.000322678
65.3131  0.000206737
98.8553  0.000134958
190.546  6.9175e-05
380.189  3.44484e-05
1513.56  8.61224e-06
100000  1.3009e-07
-1  -1
0.00303   0.0 
0.00303  25834.9
0.00323594  23799.4
0.00345  21812.8
0.00367282  20098.4
0.00389045  18496.4
0.00501187  12660.9
0.00537032  11351.7
0.00668344  7896.16
0.0074131  6596.45
0.00870964  4954.44
0.0104  3572.98
0.011749  2836.54
0.0136458  2123.9
0.0164059  1473.16
0.0197242  1011.59
0.0234423  704.909
0.0275423  499.378
0.0323594  351.191
0.0375837  251.639
0.044157  174.534
0.0524807  116.996
0.0616595  79.9699
0.0732824  52.8111
0.0881049  33.6576
0.107152  20.6841
0.136458  11.2429
0.16788  6.62775
0.251189  2.36465
0.312608  1.36053
0.371535  0.885489
0.42658  0.632084
0.489779  0.454371
0.555904  0.338014
0.623735  0.259959
0.707946  0.196225
0.803526  0.149259
0.901571  0.117112
1  0.0948321
1.16145  0.0706122
1.30317  0.0566321
1.47911  0.0447677
1.6788  0.0356779
1.90546  0.0286545
2.16272  0.0231835
2.45471  0.018891
2.81838  0.0152233
3.27341  0.0121444
3.80189  0.00976205
4.46684  0.00777799
5.24808  0.00624367
6.23735  0.00497124
7.49894  0.00392878
9.12011  0.00308359
11.0917  0.00243786
14  0.0018569
18  0.0013957
23.9883  0.00101564
31.9889  0.000743979
46.7735  0.00049724
74.9894  0.000304247
149.624  0.000150103
298.538  7.46356e-05
1188.5  1.86302e-05
100000  2.2087e-07
-1  -1
0.0027902   0.0 
0.0027902  41637.6
0.002885  40375.5
0.00323594  35268.1
0.0034  33090.2
0.00371535  29227.9
0.0040738  25535.3
0.0045  21889.6
0.00484172  19407.5
0.00530884  16511
0.006  13253.7
0.00645654  11539.2
0.0075  8594.94
0.00812831  7294.34
0.00933254  5449.43
0.0102329  4460.27
0.011749  3272.73
0.0130317  2576.41
0.0147911  1910.47
0.0169824  1365.85
0.0192753  996.394
0.0218776  722.037
0.0251189  504.315
0.029  344.52
0.0334965  233.317
0.0389045  154.524
0.0457088  98.4058
0.0537032  62.2187
0.0653131  35.3608
0.0822243  18.034
0.108393  7.97252
0.164059  2.33388
0.206538  1.18732
0.248313  0.696291
0.291743  0.43976
0.334965  0.298611
0.380189  0.210782
0.431519  0.149853
0.484172  0.110644
0.54325  0.0822658
0.60256  0.0634196
0.668344  0.0492406
0.74131  0.0384957
0.860994  0.0272391
0.933254  0.0227652
1  0.01965
1.09648  0.0162945
1.20226  0.0136045
1.31826  0.0114344
1.47911  0.00927309
1.71791  0.00710466
1.94985  0.00571174
2.2131  0.00462752
2.51189  0.00377569
2.88403  0.00304664
3.34965  0.00243339
3.89045  0.00195827
4.57088  0.00156204
5.4325  0.00123605
6.45654  0.000985637
7.85236  0.000768839
9.54993  0.000604514
12.0226  0.000459582
15.1356  0.000352059
19.4984  0.000264634
26.3027  0.000190455
37.5837  0.000129888
54.9541  8.70907e-05
87.0964  5.40795e-05
173.78  2.67327e-05
346.737  1.33059e-05
1380.38  3.32461e-06
100000  4.5793e-08
-1  -1
0.0024517   0.0 
0.0024517  127410
0.00258  117682
0.00288403  99271
0.00309029  88658.1
0.00358922  68592.8
0.0039  59208.4
0.00421696  51218.5
0.00506991  35714.6
0.0055  30276.4
0.00638264  22098.7
0.007  18078.6
0.00812831  12912
0.00901571  10151.5
0.0102329  7511.51
0.0116145  5509.31
0.013  4155.12
0.0149624  2897.09
0.0173  1976.9
0.0199526  1345.56
0.023  909.336
0.0265  610.368
0.0305492  405.881
0.0354813  262.071
0.0412098  167.901
0.0484172  103.123
0.057544  60.6689
0.0683912  35.4324
0.0841395  18.4376
0.112202  7.37133
0.165959  2.11153
0.204174  1.09689
0.239883  0.663353
0.275423  0.433966
0.312608  0.296104
0.350752  0.210548
0.39355  0.150767
0.436516  0.112384
0.484172  0.0843439
0.537032  0.0637635
0.595662  0.0485677
0.660694  0.0372793
0.732824  0.0288387
0.851138  0.0201273
0.912011  0.0171467
0.966051  0.0150844
1.02329  0.0133489
1.10918  0.0113288
1.21619  0.0094637
1.33352  0.00796616
1.54882  0.0060853
1.77828  0.00476767
2  0.00389961
2.26464  0.00317622
2.60016  0.00254802
3  0.0020443
3.46737  0.00164779
4.02717  0.00132829
4.73151  0.00106126
5.62341  0.000841083
6.68344  0.000671682
8.1283  0.000524696
10  0.0004074
12.735  0.0003061
16.2181  0.000231851
21.1349  0.00017242
28.5102  0.000124344
41.6869  8.2914e-05
63.0957  5.37391e-05
96.6051  3.46498e-05
190.546  1.73479e-05
380.189  8.63904e-06
1513.56  2.15985e-06
100000  3.2624e-08
-1  -1
0.0020445   0.0 
0.0020445  231575
0.002106  243590
0.002163  253752
0.002178  255591
0.00223  263611
0.0022535  265212
0.00232  268447
0.00237137  268447
0.0024  264222
0.00242661  259788
0.00269154  198672
0.00295121  155589
0.00327341  117287
0.0036146  88834.7
0.004  66384.4
0.0044  50271.6
0.0053  28680.7
0.00582103  21460.2
0.00676083  13402.3
0.00767361  8911.97
0.00860994  6116.9
0.01  3713.3
0.0114815  2321.2
0.0128825  1559.9
0.0147911  961.388
0.0171791  564.357
0.02  325.801
0.0234423  182.008
0.0275423  99.9959
0.0323594  54.544
0.0389045  27.0682
0.0484172  11.6784
0.0645654  3.82719
0.103514  0.611689
0.12735  0.275268
0.153109  0.136317
0.177828  0.0774773
0.20893  0.0425152
0.234423  0.0278576
0.260016  0.019173
0.285102  0.0138483
0.327341  0.00854216
0.363078  0.00598528
0.402717  0.00422207
0.446684  0.00300011
0.49545  0.00214811
0.54325  0.00160638
0.595662  0.00121007
0.645654  0.000952677
0.707946  0.000730605
0.803526  0.00051264
0.860994  0.000421148
0.912011  0.00035977
0.954993  0.000318995
1  0.000284634
1.04713  0.000255855
1.09648  0.000231637
1.14815  0.000210991
1.21619  0.000189056
1.31826  0.000163421
1.53109  0.000126303
1.84077  9.13167e-05
2.044  7.64044e-05
2.31739  6.2176e-05
2.66072  4.99426e-05
3.05492  4.04135e-05
3.54813  3.23731e-05
4.12097  2.61249e-05
4.84172  2.08955e-05
5.7544  1.65772e-05
6.83912  1.32509e-05
8.22243  1.05101e-05
10.1158  8.16432e-06
12.8825  6.13658e-06
16.4059  4.64972e-06
21.3796  3.45905e-06
28.8403  2.49527e-06
42.1696  1.66431e-06
63.8263  1.07891e-06
97.7237  6.95792e-07
190.546  3.52482e-07
380.189  1.75532e-07
1513.56  4.38838e-08
100000  6.6286e-10
-1  -1
0.0019709   0.0 
0.0019709  517974
0.002043  495146
0.00218  462629
0.00222  452942
0.00223872  447535
0.00226  442562
0.00251189  336277
0.0028  251449
0.00309029  191732
0.00342768  143089
0.00384592  102471
0.00421696  78157.7
0.00467735  57063.2
0.00530884  38662.2
0.00595662  26877.7
0.00668344  18592.2
0.00767361  11830.2
0.00860994  8061.25
0.0098  5197.74
0.0112202  3257.76
0.012735  2088.44
0.0145  1314.72
0.0165959  806.552
0.0190546  485.608
0.0218776  290.347
0.0251189  172.424
0.0291743  97.3753
0.0342768  52.2362
0.0402717  27.8294
0.0489779  12.8599
0.0638264  4.48449
0.103514  0.650714
0.125892  0.299887
0.147911  0.159516
0.171791  0.08935
0.194985  0.0551096
0.204174  0.0463912
0.237137  0.0266713
0.263027  0.0183093
0.291743  0.0126602
0.323594  0.00882039
0.354813  0.00644064
0.389045  0.00473571
0.42658  0.00350867
0.467735  0.00262001
0.506991  0.00204272
0.549541  0.00160308
0.60256  0.00122423
0.660694  0.000941176
0.716143  0.000752701
0.776247  0.000606013
0.851138  0.000475565
0.901571  0.000411063
0.954993  0.000357796
1  0.000322096
1.05925  0.000284531
1.13501  0.000247096
1.21619  0.000216122
1.31826  0.00018619
1.79887  0.000107504
2.01837  8.83087e-05
2.29087  7.1687e-05
2.63027  5.7546e-05
3.01995  4.65397e-05
3.50752  3.72578e-05
4.0738  3.00502e-05
4.7863  2.40226e-05
5.68853  1.90481e-05
6.76083  1.52191e-05
8.1283  1.20652e-05
10  9.3682e-06
12.735  7.03864e-06
16.2181  5.33126e-06
21.1349  3.96478e-06
28.5102  2.85917e-06
42.1696  1.88352e-06
63.8263  1.22107e-06
97.7237  7.87453e-07
190.546  3.98913e-07
380.189  1.98654e-07
1513.56  4.96644e-08
100000  7.5018e-10
-1  -1
0.00064803   0.0 
0.00064803  59290
0.000685  57592.1
0.000712  56064.6
0.00074131  54110.4
0.000773  52403
0.000891251  46241.2
0.000933254  44208
0.00113501  35638.1
0.00123027  32384.8
0.00142889  26756.5
0.00158489  23310.5
0.0018197  19192
0.00204174  16230.3
0.0024  12696.4
0.0027227  10407.8
0.00316228  8164.39
0.00375837  6112.83
0.00446684  4534.99
0.00537032  3268.13
0.00638264  2384.51
0.00758578  1727.57
0.00912011  1215.97
0.0110917  830.51
0.0133352  575.63
0.016  397.492
0.0190546  276.633
0.0226464  191.979
0.0269154  132.228
0.031989  90.406
0.0380189  61.3626
0.0451856  41.3369
0.0537032  27.6373
0.0638264  18.3423
0.0767362  11.7558
0.0912011  7.68881
0.113501  4.45368
0.147911  2.28005
0.251189  0.58891
0.312608  0.338953
0.371535  0.220658
0.42658  0.157535
0.489779  0.113254
0.555904  0.0842547
0.623735  0.0647957
0.707946  0.0489035
0.803526  0.0371964
0.901571  0.0291895
1  0.023639
1.16145  0.0176027
1.30317  0.0141175
1.47911  0.0111596
1.6788  0.00889345
1.90546  0.00714267
2.16272  0.00577917
2.45471  0.00470915
2.81838  0.00379472
3.27341  0.00302719
3.80189  0.00243338
4.46684  0.00193885
5.30884  0.00153255
6.30957  0.00122082
7.67361  0.000951414
9.33254  0.000747408
11.6145  0.000575492
14.6218  0.000440349
18.8365  0.000330661
25.1189  0.000240763
33.8844  0.000174388
49.545  0.000116682
80.3526  7.06289e-05
160.325  3.48806e-05
319.889  1.73521e-05
1273.5  4.33335e-06
100000  5.5058e-08
-1  -1
0.00054607   0.0 
0.00054607  49085
0.000635  48593.8
0.000724436  47676.2
0.000776247  46736.9
0.000851138  45086.9
0.00092  43415.4
0.000988553  41654.5
0.00105  39986.4
0.00113501  37624
0.00124452  34749.4
0.00133352  32555.3
0.00145  29845.8
0.00161  26555.2
0.00175792  23898.9
0.00195  20924.8
0.00215  18343.3
0.00237137  15948.9
0.00265  13513.3
0.00295121  11416.7
0.00327341  9645.2
0.00367282  7935.77
0.00412097  6481.35
0.00462381  5255.67
0.005188  4231.85
0.00582103  3384.93
0.00660693  2627.95
0.0075  2024.16
0.00860994  1510.58
0.0098  1138.9
0.0110917  863.209
0.0125892  645.606
0.0142889  479.427
0.0164059  343.795
0.0186209  251.66
0.0213796  177.718
0.0245471  124.58
0.0281838  86.715
0.0327341  58.1188
0.0380189  38.6647
0.0446684  24.7408
0.0524807  15.7162
0.0630957  9.28036
0.0785236  4.92313
0.102329  2.26587
0.16788  0.526068
0.20893  0.27772
0.251189  0.163318
0.295121  0.103381
0.342768  0.0681144
0.389045  0.0481786
0.44157  0.0343247
0.5  0.0248014
0.562341  0.0183817
0.623735  0.0142093
0.691831  0.0110575
0.767362  0.00866298
0.870964  0.00647229
0.944061  0.0054153
1.01158  0.0046802
1.10918  0.00388471
1.21619  0.00324587
1.33352  0.00273022
1.53109  0.0021257
1.75792  0.00166429
1.99526  0.00133998
2.26464  0.00108731
2.60016  0.000872315
3  0.00069981
3.46737  0.000564076
4.02717  0.000454706
4.73151  0.000363294
5.62341  0.00028792
6.68344  0.000229933
8.1283  0.000179614
10  0.00013946
12.735  0.000104782
16.2181  7.93663e-05
21.1349  5.90232e-05
28.5102  4.25649e-05
42.1696  2.80406e-05
63.8263  1.81777e-05
97.7237  1.17226e-05
190.546  5.93857e-06
380.189  2.95734e-06
1513.56  7.39348e-07
100000  1.1168e-08
-1  -1
0.00046623   0.0 
0.00046623  234117
0.000537032  219578
0.000555904  214910
0.000635  195499
0.000707946  178532
0.000776247  164241
0.000851138  150048
0.000922571  137590
0.00103514  120347
0.00113501  107475
0.00124452  95260.5
0.0014  81023.2
0.00153109  71203
0.0017378  58823.2
0.00192753  49955.4
0.00218776  40589.1
0.00245471  33341.9
0.00275423  27208.9
0.00315  21276.7
0.00354813  16976.1
0.00398107  13557.9
0.00451856  10508.8
0.005188  7889
0.00595662  5869.97
0.00683912  4329.68
0.00785236  3166.22
0.00891251  2358.9
0.0101158  1745.17
0.0114815  1281.94
0.0130317  935.123
0.0149624  657.409
0.0169824  472.482
0.0192753  337.218
0.0221309  231.647
0.0254097  157.915
0.0291743  106.86
0.0334965  71.7984
0.0389045  46.3139
0.0451856  29.6501
0.0530884  18.2023
0.0630957  10.7073
0.0767362  5.81951
0.0966051  2.81539
0.175792  0.419966
0.211349  0.235306
0.248313  0.142738
0.285102  0.0936479
0.323594  0.0640781
0.363078  0.0456872
0.40738  0.0328101
0.451856  0.0245235
0.501187  0.0184549
0.555904  0.0139888
0.616595  0.0106845
0.683912  0.00822667
0.758578  0.00638475
0.860994  0.00471965
0.922571  0.00402659
0.977237  0.00354713
1.04713  0.00306948
1.13501  0.00261002
1.24452  0.00218439
1.38038  0.00180365
1.69824  0.00124592
1.92752  0.00100077
2.18776  0.000810244
2.51189  0.000648706
2.88403  0.000523364
3.34965  0.000418003
3.89045  0.000336392
4.57088  0.000268324
5.4325  0.000212321
6.45654  0.000169308
7.85236  0.000132072
9.54993  0.000103842
12.0226  7.89451e-05
15.1356  6.04765e-05
19.4984  4.54571e-05
26.3027  3.27163e-05
37.5837  2.23109e-05
55.5904  1.47818e-05
88.1049  9.18083e-06
175.792  4.53871e-06
350.752  2.25918e-06
1396.37  5.64541e-07
100000  7.8661e-09
-1  -1
0.00029708   0.0 
0.00029708  158400
0.0003007  156226
0.0003022  154726
0.0003035  152504
0.0003065  145618
0.00030903  141092
0.000313  135600
0.000318  130039
0.00032258  126001
0.000327341  122904
0.000332  120884
0.000337  119696
0.000341  119399
0.000346737  119866
0.00035226  121166
0.000358922  123650
0.000365  126615
0.000374  132007
0.000385  139925
0.000416869  166890
0.000428  176133
0.000443  187698
0.000457088  197616
0.000473151  207786
0.000489779  217045
0.000506991  225079
0.000524808  231712
0.000545  237406
0.000565  241423
0.000588844  244370
0.00061  245425
0.000638263  245022
0.00067  242802
0.0007  239385
0.000732825  234393
0.000767361  228030
0.000812831  218656
0.000860994  208237
0.000912011  196973
0.00097  184181
0.00103514  170323
0.00111  155532
0.0011885  141238
0.00128825  124966
0.00138038  111836
0.00147911  99451.7
0.00161  85475.6
0.0017378  74082.9
0.00190546  61818.5
0.00207  52172.4
0.00226464  43067.1
0.002469  35574.6
0.0027227  28424.4
0.00298538  22841.1
0.0033  17871.7
0.00367282  13631.5
0.0040738  10403.6
0.00446684  8131.16
0.0049545  6120.11
0.00555904  4426.59
0.00623735  3174.71
0.00691831  2337.82
0.00776247  1651.46
0.00870964  1157.82
0.00966051  836.005
0.01095  559.225
0.0123027  381.976
0.0139637  250.391
0.0158489  162.84
0.0179887  105.11
0.0204174  67.3742
0.0234423  41.1676
0.027227  23.9494
0.0316228  13.8267
0.0371535  7.59427
0.044157  3.96646
0.054325  1.80432
0.0724436  0.598516
0.110918  0.116418
0.136458  0.0528374
0.16788  0.0241749
0.194985  0.013842
0.221309  0.00869774
0.251189  0.00550459
0.285102  0.00351039
0.319889  0.00234841
0.358922  0.00158256
0.4  0.00109959
0.44157  0.000794179
0.489779  0.000568742
0.54325  0.000410205
0.595662  0.000309046
0.645654  0.000243204
0.707946  0.00018639
0.803526  0.000130722
0.860994  0.000107478
0.912011  9.18822e-05
0.954993  8.15152e-05
1  7.27708e-05
1.04713  6.54369e-05
1.09648  5.92565e-05
1.14815  5.39811e-05
1.21619  4.83697e-05
1.31826  4.18055e-05
1.53109  3.22973e-05
1.84077  2.33506e-05
2.044  1.9538e-05
2.31739  1.59e-05
2.66072  1.27722e-05
3.05492  1.03356e-05
3.54813  8.27918e-06
4.12097  6.68111e-06
4.84172  5.3437e-06
5.7544  4.23946e-06
6.83912  3.38885e-06
8.22243  2.68775e-06
10.1158  2.08788e-06
12.8825  1.56939e-06
16.4059  1.18912e-06
21.3796  8.84607e-07
28.8403  6.38136e-07
42.6579  4.20485e-07
65.3131  2.69407e-07
101.158  1.71764e-07
197.242  8.70457e-08
393.55  4.33557e-08
3126.08  5.42882e-09
100000  1.6952e-10
-1  -1
0.00028229   0.0 
0.00028229  256372
0.0002836  246835
0.0002855  235352
0.000287  227837
0.000289  219468
0.000291743  210233
0.000295121  201220
0.0002995  191867
0.000303  185839
0.0003065  181130
0.00031  177745
0.000314  175370
0.000318  174409
0.000322  174684
0.000326  176032
0.000331131  179077
0.000337  183980
0.000343  190129
0.000353  202078
0.000367282  221676
0.00039355  262168
0.000405  279344
0.000416869  295939
0.000428  310190
0.00044157  325871
0.000457088  341666
0.000473151  355732
0.000489779  367750
0.000508  377912
0.000524808  384810
0.000545  390549
0.000565  393744
0.00059  394613
0.00062  392300
0.000653131  386744
0.000685  379049
0.000716143  369714
0.00075  358165
0.000794328  341968
0.000841395  324337
0.000891251  305498
0.000954993  281966
0.00102329  258293
0.00109648  234810
0.0011749  211978
0.00127  187537
0.00136458  166298
0.00147911  144309
0.00160325  124312
0.00175792  103937
0.00190546  88249.7
0.0020893  72627.2
0.00226464  60850.1
0.00251189  48061.8
0.00275423  38653.6
0.003  31398.5
0.00334965  23800.9
0.00371535  18187.3
0.0040738  14226.4
0.0045  10840
0.00501187  8014.04
0.00562341  5753.44
0.00630957  4096.14
0.007  2993.9
0.0078  2144.62
0.00870964  1515.85
0.00977237  1047.36
0.0109648  718.355
0.0123027  489.097
0.0138038  330.665
0.0154882  222.035
0.0175792  142.191
0.02  89.616
0.0229087  54.6986
0.0263027  32.8473
0.0305492  18.7535
0.0354813  10.6255
0.0416869  5.71997
0.0501187  2.79581
0.0630957  1.13224
0.109648  0.12768
0.134896  0.0566109
0.156675  0.0316733
0.179887  0.0186641
0.201837  0.0120912
0.226464  0.00789153
0.251189  0.00541061
0.278612  0.00373467
0.30903  0.00259628
0.342768  0.00181861
0.375837  0.00133457
0.412098  0.000986232
0.451856  0.000734239
0.489779  0.00057091
0.530884  0.000446878
0.57544  0.000352146
0.616595  0.00028873
0.668344  0.000230596
0.724436  0.00018536
0.860994  0.000117657
0.912011  0.000101695
0.966051  8.8527e-05
1.01158  7.97296e-05
1.07152  7.04577e-05
1.13501  6.26569e-05
1.21619  5.48084e-05
1.31826  4.7238e-05
1.8197  2.67628e-05
2.044  2.1957e-05
2.31739  1.7868e-05
2.66072  1.4353e-05
3.05492  1.16151e-05
3.54813  9.30409e-06
4.12097  7.50822e-06
4.84172  6.00528e-06
5.7544  4.76439e-06
6.83912  3.80841e-06
8.22243  3.02054e-06
10.1158  2.34638e-06
12.8825  1.76364e-06
16.4059  1.3363e-06
21.6272  9.81583e-07
29.1743  7.08321e-07
43.1519  4.66847e-07
66.8344  2.95615e-07
105.925  1.84149e-07
201.837  9.55692e-08
402.717  4.76067e-08
3198.89  5.96196e-09
100000  1.9051e-10
-1  -1
6.621e-05   0.0 
6.621e-05  203408
6.65e-05  211992
6.68344e-05  220604
6.72e-05  229117
6.77e-05  239369
6.815e-05  247414
6.87e-05  255996
6.92e-05  262824
6.99842e-05  271719
7.07946e-05  279070
7.16143e-05  285045
7.27e-05  291031
7.4e-05  295859
7.5e-05  298196
7.67362e-05  300258
7.9e-05  300506
8.31764e-05  299160
8.51138e-05  299672
8.70964e-05  301865
8.9e-05  306134
9.07e-05  312027
9.23e-05  319564
9.4e-05  329816
9.5884e-05  343984
9.8e-05  363348
0.00010009  386039
0.000102329  414006
0.000105  451905
0.00011  534241
0.000119  711402
0.000124452  832771
0.000130317  972812
0.000135  1.09002e+06
0.00014  1.21828e+06
0.000145  1.34717e+06
0.00015  1.47382e+06
0.000154882  1.59282e+06
0.00016  1.71094e+06
0.000165  1.81804e+06
0.0001705  1.9253e+06
0.000176  2.02156e+06
0.000182  2.11519e+06
0.000188365  2.20317e+06
0.000195  2.28355e+06
0.000201837  2.35438e+06
0.00020893  2.4142e+06
0.00021788  2.47203e+06
0.000226464  2.50875e+06
0.000235  2.52864e+06
0.000245471  2.53366e+06
0.00025704  2.51938e+06
0.000269154  2.48777e+06
0.000281838  2.44141e+06
0.000295121  2.38208e+06
0.00031  2.30534e+06
0.000323594  2.2276e+06
0.000338844  2.13426e+06
0.000358922  2.00722e+06
0.000380189  1.87395e+06
0.000402717  1.73732e+06
0.000428  1.59113e+06
0.000451856  1.46153e+06
0.00047863  1.32627e+06
0.000512861  1.171e+06
0.00054325  1.04941e+06
0.00058  919518
0.00062  798018
0.000668344  674602
0.000716143  574421
0.000767361  485533
0.000822243  408130
0.000901571  320886
0.00097  263252
0.00105925  205995
0.00116145  158043
0.0012735  120258
0.00138038  94119.3
0.0015  72681.6
0.00165  53666
0.0018197  39003.2
0.00201837  27610.3
0.00223872  19387.7
0.00248313  13520.5
0.00275423  9364.32
0.00305492  6440.92
0.00338844  4398.94
0.00380189  2857.77
0.0042658  1842.23
0.0047863  1178.73
0.00537032  748.749
0.0060256  472.328
0.00683912  282.384
0.00776247  167.5
0.00881049  98.5669
0.01  57.538
0.0113501  33.325
0.0128825  19.1601
0.0147911  10.3944
0.0169824  5.59585
0.0199526  2.69533
0.0237137  1.22342
0.0285102  0.522735
0.0334965  0.246495
0.042658  0.0790954
0.0732824  0.00615065
0.0901571  0.00232802
0.104713  0.00116105
0.123027  0.000552988
0.142889  0.000279683
0.16788  0.000135162
0.188365  8.09943e-05
0.204174  5.69057e-05
0.226464  3.64519e-05
0.251189  2.35259e-05
0.278612  1.5293e-05
0.30903  1.00105e-05
0.342768  6.59806e-06
0.375837  4.58595e-06
0.40738  3.35652e-06
0.446684  2.36885e-06
0.49545  1.61265e-06
0.54325  1.14969e-06
0.582103  8.97038e-07
0.60256  7.94604e-07
0.638263  6.55102e-07
0.683912  5.23181e-07
0.749894  3.90985e-07
0.8  3.1986e-07
0.851138  2.60072e-07
0.891251  2.242e-07
0.922571  2.01475e-07
0.954993  1.81926e-07
0.988553  1.65214e-07
1.02329  1.51031e-07
1.05925  1.38955e-07
1.09648  1.28578e-07
1.13501  1.19578e-07
1.1885  1.09278e-07
1.25893  9.84565e-08
1.34896  8.7491e-08
1.5  7.3727e-08
1.90546  4.84442e-08
2.0893  4.1471e-08
2.37137  3.37309e-08
2.7227  2.71286e-08
3.16228  2.16012e-08
3.67282  1.73339e-08
4.26579  1.40108e-08
5.01187  1.12239e-08
5.95662  8.91847e-09
7.16143  7.03541e-09
8.60994  5.58999e-09
10.4713  4.41037e-09
13.1826  3.36344e-09
16.9824  2.51747e-09
22.3872  1.85101e-09
30.1995  1.33695e-09
44.157  8.92542e-10
69.1831  5.58705e-10
117.49  3.24472e-10
226.464  1.66638e-10
451.856  8.30633e-11
3589.22  1.04077e-11
100000  3.7317e-13
-1  -1
6.326e-05   0.0 
6.326e-05  306981
6.35e-05  316570
6.39e-05  330136
6.43e-05  342007
6.48e-05  354740
6.53131e-05  365943
6.6e-05  378280
6.68344e-05  390234
6.77e-05  399738
6.88e-05  408520
7e-05  414952
7.15e-05  419612
7.32824e-05  421725
7.58578e-05  421026
8.03526e-05  418138
8.23e-05  419087
8.41395e-05  422372
8.57e-05  427426
8.73e-05  435092
8.9e-05  446250
9.07e-05  460701
9.23e-05  477396
9.4e-05  498435
9.58e-05  524346
9.8e-05  560875
0.0001  598414
0.000103514  673264
0.000115  977568
0.0001205  1.14705e+06
0.000126  1.32817e+06
0.000131826  1.52967e+06
0.000136458  1.69391e+06
0.000141254  1.86435e+06
0.000146218  2.03751e+06
0.000151356  2.20937e+06
0.000156  2.35575e+06
0.000160324  2.48309e+06
0.000165959  2.63507e+06
0.000172  2.78047e+06
0.000178  2.90771e+06
0.000185  3.03633e+06
0.000193  3.16e+06
0.000201837  3.27069e+06
0.00020893  3.3387e+06
0.000216272  3.39151e+06
0.000223872  3.42784e+06
0.000233  3.44814e+06
0.000242661  3.44518e+06
0.000254097  3.4166e+06
0.000266073  3.36642e+06
0.00028  3.28938e+06
0.000295121  3.18774e+06
0.00031  3.07406e+06
0.000327341  2.93036e+06
0.000343  2.79422e+06
0.000363078  2.61737e+06
0.000385  2.42984e+06
0.00040738  2.2473e+06
0.000431519  2.06019e+06
0.00046  1.85562e+06
0.000489779  1.66164e+06
0.000524808  1.45969e+06
0.000555904  1.30289e+06
0.00059  1.15082e+06
0.000635  980112
0.000683912  826587
0.000732825  701116
0.000785236  590350
0.000851138  479950
0.000933254  375300
0.00101158  300198
0.00108393  246805
0.00119  187927
0.00131826  138091
0.00145  102810
0.00160325  74714.8
0.00175792  55359.3
0.00192753  40757.4
0.00211349  29839.9
0.00234423  20854.1
0.00260016  14464.5
0.00288403  9960.25
0.0031989  6812.1
0.00354813  4628.23
0.00398107  2989.51
0.00446684  1916.28
0.00501187  1219.16
0.00562341  769.965
0.00638264  460.837
0.00716143  286.998
0.00803526  177.526
0.00901571  109.082
0.0101158  66.5762
0.0114815  38.3754
0.0130317  21.9525
0.0153109  10.692
0.0177828  5.43468
0.0206538  2.74184
0.0239883  1.37342
0.0266072  0.846751
0.0316245  0.374867
0.0389045  0.139899
0.0716143  0.00754658
0.0881049  0.00281792
0.104713  0.00124874
0.121619  0.000621123
0.139637  0.000328254
0.164059  0.00015726
0.18197  9.86287e-05
0.199526  6.55611e-05
0.216272  4.61436e-05
0.237137  3.11306e-05
0.260016  2.11618e-05
0.281838  1.5197e-05
0.30903  1.04874e-05
0.338844  7.29224e-06
0.375837  4.88146e-06
0.40738  3.59531e-06
0.44157  2.66767e-06
0.467735  2.16756e-06
0.501187  1.70042e-06
0.537032  1.3422e-06
0.582103  1.02596e-06
0.623735  8.20024e-07
0.668344  6.59588e-07
0.716143  5.34049e-07
0.767362  4.35389e-07
0.822243  3.57473e-07
0.891251  2.85929e-07
0.933254  2.5294e-07
0.977237  2.25059e-07
1.02329  2.01672e-07
1.07152  1.82051e-07
1.12202  1.65391e-07
1.1885  1.47784e-07
1.28825  1.2744e-07
1.41254  1.08464e-07
1.51356  9.63921e-08
1.8197  6.96612e-08
2.01837  5.83545e-08
2.29087  4.73706e-08
2.63027  3.80266e-08
3.01995  3.07539e-08
3.50752  2.46202e-08
4.0738  1.98574e-08
4.7863  1.58745e-08
5.68853  1.25878e-08
6.76083  1.0057e-08
8.1283  7.97294e-09
10  6.1906e-09
12.735  4.65118e-09
16.2181  3.52296e-09
21.1349  2.61996e-09
28.5102  1.88936e-09
42.1696  1.24471e-09
63.8263  8.06878e-10
97.7237  5.20352e-10
188.365  2.667e-10
375.837  1.32806e-10
1496.24  3.31994e-11
100000  4.9573e-13
-1  -1
9.812e-05   0.0 
9.812e-05  71480
9.98e-05  67586
0.0001005  66266
0.000102  64041.4
0.000103514  62430.3
0.000105  61296.2
0.000107  60283.4
0.000109  59732
0.000111  59520
0.000113501  59594.5
0.000117  60112.8
0.000122  61323.4
0.000135  64850.6
0.000141254  66109.1
0.000148  66963.8
0.000154882  67348.3
0.000162181  67318.1
0.000172  66765.4
0.000184077  65603.3
0.000199526  63736.9
0.000215  61611.6
0.00023  59337.6
0.000245471  56829.3
0.000265  53584.8
0.00029  49576.4
0.00032  45212.6
0.000350752  41222
0.000385  37251.4
0.000431519  32639.8
0.000489779  27987.5
0.00055  24138.4
0.000645654  19501.6
0.00075  15852.8
0.000891251  12394.8
0.00108393  9292.01
0.00131826  6906.9
0.00158489  5186.21
0.00190546  3866
0.00231739  2806.38
0.00278612  2059.4
0.00334965  1499.99
0.00402717  1084.24
0.00484172  778.014
0.00588844  542.63
0.00716143  375.495
0.00870964  257.849
0.0105925  175.756
0.0128825  118.889
0.0154882  81.6873
0.0186209  55.7069
0.0223872  37.6955
0.0266072  25.9497
0.0316228  17.7374
0.0375837  12.0369
0.0451856  7.89692
0.0524807  5.57756
0.0623735  3.70425
0.0749894  2.37535
0.0891251  1.55466
0.110918  0.901098
0.144544  0.461559
0.251189  0.112454
0.312608  0.0647281
0.371535  0.042139
0.42658  0.0300853
0.489779  0.0216297
0.555904  0.0160918
0.623735  0.0123755
0.707946  0.00934019
0.803526  0.00710415
0.901571  0.00557481
1  0.0045146
1.16145  0.00336172
1.30317  0.00269617
1.47911  0.00213129
1.65959  0.00173338
1.88365  0.00139119
2.13796  0.00112477
2.42661  0.000915929
2.78612  0.000737642
3.23594  0.000588112
3.75837  0.000472481
4.4157  0.000376242
5.188  0.00030187
6.16595  0.000240232
7.4131  0.000189769
8.91251  0.000150981
10.8393  0.000119274
13.6458  9.10553e-05
17.5792  6.82297e-05
23.174  5.02143e-05
30.903  3.67537e-05
45.1856  2.45468e-05
71.6143  1.51904e-05
130.317  8.22549e-06
260.016  4.08429e-06
518.8  2.0373e-06
4120.98  2.55407e-07
100000  1.0515e-08
-1  -1
6.601e-05   0.0 
6.601e-05  1.41545e+06
6.65e-05  1.4537e+06
6.7e-05  1.48322e+06
6.77e-05  1.50969e+06
6.85e-05  1.52389e+06
6.92e-05  1.52637e+06
7e-05  1.5193e+06
7.11e-05  1.49788e+06
7.23e-05  1.46349e+06
7.35e-05  1.42077e+06
7.5e-05  1.35983e+06
7.67362e-05  1.28361e+06
7.85236e-05  1.20295e+06
8.08e-05  1.10129e+06
8.31764e-05  1.00008e+06
8.65e-05  870708
9.12011e-05  715489
0.000105925  405115
0.000113501  313349
0.000122  241254
0.000130317  191300
0.000138038  157264
0.000145  133838
0.000152  115396
0.000158489  101763
0.000165959  89200.8
0.00017378  78770.9
0.000182  70059.2
0.000190546  62830.2
0.000199526  56738.9
0.00020893  51607.1
0.000219  47193.4
0.00023  43336.2
0.00024  40494.4
0.000251189  37883.1
0.000266073  35093.8
0.000281838  32738.3
0.000301995  30329.2
0.000327341  27936.4
0.000367282  25055.5
0.000506991  18746.7
0.000595662  16093.1
0.000683912  14018.4
0.000785236  12112.9
0.000901571  10386.1
0.00103514  8830.4
0.0011885  7446.25
0.00135  6316.02
0.00153109  5329.73
0.00171791  4534.48
0.00194984  3769.93
0.00221309  3110.65
0.00251189  2547.18
0.00285102  2070.13
0.00323594  1669.88
0.00367282  1336.39
0.00416869  1061.55
0.00473151  837.117
0.00537032  655.393
0.00609537  509.477
0.00691831  393.272
0.00785236  301.449
0.00891251  229.447
0.0101158  173.447
0.0116145  126.854
0.0133352  92.0523
0.0151356  68.1265
0.017378  48.6739
0.02  34.3037
0.0231739  23.559
0.027227  15.486
0.0338844  8.67768
0.039355  5.7959
0.0446684  4.08648
0.05188  2.68348
0.0623735  1.58535
0.0767362  0.870327
0.1  0.400921
0.179887  0.071206
0.221309  0.0389478
0.263027  0.0237197
0.305492  0.0155375
0.350752  0.0105863
0.4  0.0074029
0.451856  0.00535005
0.506991  0.00396372
0.568853  0.00295774
0.630957  0.00228803
0.699842  0.00178198
0.776247  0.00139726
0.870964  0.00107211
0.944061  0.000896958
1.01158  0.000775166
1.10918  0.00064338
1.21619  0.00053755
1.33352  0.000452146
1.51356  0.000359411
1.7378  0.000281238
1.97242  0.000226239
2.23872  0.000183403
2.5704  0.000147034
2.95121  0.000118776
3.42768  9.4977e-05
4  7.6005e-05
4.67735  6.11025e-05
5.55904  4.84002e-05
6.60693  3.86329e-05
8.03526  3.01646e-05
9.88553  2.34109e-05
12.5892  1.75824e-05
16  1.3343e-05
20.893  9.89657e-06
28.5102  7.0468e-06
42.1696  4.64229e-06
63.8263  3.00942e-06
97.7237  1.94074e-06
192.752  9.71779e-07
384.592  4.83956e-07
3054.92  6.05917e-08
100000  1.8489e-09
-1  -1
5.315e-05   0.0 
5.315e-05  3.27148e+06
5.37032e-05  3.29421e+06
5.4325e-05  3.29146e+06
5.5e-05  3.26484e+06
5.57e-05  3.21792e+06
5.6518e-05  3.14689e+06
5.7544e-05  3.04079e+06
5.88844e-05  2.88673e+06
6.0256e-05  2.72149e+06
6.16595e-05  2.55169e+06
6.38264e-05  2.29835e+06
6.607e-05  2.05508e+06
6.91831e-05  1.75625e+06
8.12831e-05  989376
8.60994e-05  810780
9.01571e-05  695441
9.44061e-05  600138
9.9e-05  519072
0.000103514  456122
0.000108393  402125
0.000112202  367820
0.000117  332242
0.000122  302284
0.00012735  276420
0.000133  254426
0.00013904  235483
0.000145  220270
0.000153109  203595
0.000162181  188783
0.00017378  173793
0.000188365  159036
0.00020893  143086
0.00030302  100105
0.00035  86466.4
0.000402717  74374.3
0.000462381  63635.2
0.000524808  54765.9
0.00060256  46145.2
0.000683912  39194.8
0.000785236  32567.1
0.000901571  26879.1
0.00104713  21662.6
0.00120226  17621.1
0.00138038  14236.8
0.00160325  11209.3
0.0018197  9093.89
0.0020893  7182.31
0.00239883  5629.49
0.0027227  4471.42
0.00309029  3527.36
0.00350752  2763.31
0.004  2129.48
0.00457088  1622.06
0.005188  1243.84
0.00588844  947.237
0.00668344  716.553
0.00758578  538.241
0.00870964  390.838
0.00988553  289.438
0.0112202  212.874
0.012735  155.481
0.0144544  112.778
0.0164059  81.2328
0.0188365  56.3668
0.0213796  40.034
0.0245471  27.351
0.0281838  18.547
0.0327341  12.0812
0.0380189  7.80863
0.044157  5.00877
0.05188  3.08078
0.0609537  1.88132
0.0732824  1.06199
0.0922571  0.515176
0.16788  0.0769661
0.206538  0.0401066
0.242661  0.0243108
0.278612  0.0159344
0.316228  0.0108909
0.358922  0.00749964
0.402717  0.00538217
0.446684  0.00401996
0.49545  0.00302296
0.549541  0.00228989
0.609537  0.00174782
0.676083  0.00134487
0.749894  0.00104302
0.860994  0.000749854
0.922571  0.000639673
0.977237  0.000563469
1.04713  0.00048758
1.13501  0.000414584
1.24452  0.000346965
1.38038  0.000286501
1.69824  0.000197911
1.92752  0.00015897
2.18776  0.000128713
2.51189  0.000103052
2.88403  8.31367e-05
3.34965  6.63989e-05
3.89045  5.34351e-05
4.57088  4.26227e-05
5.4325  3.37263e-05
6.45654  2.6894e-05
7.85236  2.09796e-05
9.54993  1.64953e-05
12.0226  1.25402e-05
15.1356  9.60656e-06
19.4984  7.22085e-06
26.3027  5.19692e-06
37.1535  3.58775e-06
54.325  2.40513e-06
86.0994  1.49318e-06
171.791  7.38002e-07
342.768  3.67295e-07
1364.58  9.17689e-08
100000  1.2495e-09
-1  -1
1.079e-05   0.0 
1.079e-05  3.12713e+06
1.115e-05  3.28123e+06
1.16145e-05  3.51437e+06
1.21619e-05  3.8298e+06
1.31826e-05  4.50184e+06
1.51356e-05  5.97702e+06
1.64059e-05  7.00515e+06
1.75792e-05  7.97083e+06
1.86209e-05  8.81865e+06
1.95e-05  9.51084e+06
2.04174e-05  1.01925e+07
2.11349e-05  1.06852e+07
2.19e-05  1.11613e+07
2.27e-05  1.15946e+07
2.35e-05  1.19497e+07
2.42661e-05  1.22126e+07
2.51189e-05  1.24134e+07
2.60016e-05  1.25166e+07
2.66072e-05  1.25257e+07
2.73e-05  1.24763e+07
2.81838e-05  1.2327e+07
2.9e-05  1.21137e+07
2.98538e-05  1.18264e+07
3.08e-05  1.14474e+07
3.16228e-05  1.1078e+07
3.27341e-05  1.05369e+07
3.4e-05  9.89033e+06
3.50752e-05  9.33403e+06
3.65e-05  8.60842e+06
3.80189e-05  7.8694e+06
3.98107e-05  7.06139e+06
4.16869e-05  6.29771e+06
4.4157e-05  5.41901e+06
4.67735e-05  4.63103e+06
5e-05  3.83119e+06
5.30884e-05  3.20903e+06
5.65e-05  2.64941e+06
6e-05  2.18543e+06
6.30957e-05  1.84874e+06
6.65e-05  1.54223e+06
7e-05  1.28396e+06
7.4131e-05  1.03861e+06
7.85236e-05  832991
8.31764e-05  663474
8.81049e-05  525100
9.33254e-05  412976
0.0001  307342
0.000106  237969
0.000113501  175038
0.000121619  127336
0.000145  55746.2
0.000152  44965
0.000156675  39359.2
0.000162  34211
0.000167  30350.6
0.0001705  28110.7
0.000174  26194.6
0.000178  24348.7
0.000182  22818
0.000186209  21496.1
0.000190546  20395.1
0.000195  19496.5
0.000199526  18785.7
0.000204174  18233.4
0.00020893  17822.2
0.000213796  17532.6
0.000219  17341.5
0.000225  17242.5
0.000231739  17250.1
0.00024  17377.6
0.00025177  17697.6
0.000295121  19167
0.000316228  19728.3
0.000334965  20074
0.000354813  20290.7
0.000375837  20374.7
0.0004  20314.5
0.000421697  20133.8
0.000446684  19817.1
0.00047555  19342
0.000506991  18730.2
0.00054325  17946.8
0.000582103  17065.2
0.000623735  16112.8
0.000668344  15113
0.000724436  13914.2
0.000785236  12708.2
0.000851138  11518.9
0.000922571  10364.8
0.001  9260.86
0.00108393  8220.43
0.0011749  7249.99
0.0012735  6353.93
0.00139637  5423.64
0.00153109  4593.58
0.0016788  3861.31
0.00184077  3221.57
0.00201837  2668.19
0.00221309  2193.99
0.00242661  1791.52
0.00266073  1452.97
0.00291743  1170.65
0.00323594  911.069
0.00358922  703.495
0.00398107  539.086
0.0044157  410.123
0.00489779  309.722
0.0054325  232.308
0.0060256  172.983
0.00668344  128
0.00749894  90.9016
0.00831764  66.3519
0.00933254  46.4244
0.0104713  32.2433
0.011749  22.239
0.0131826  15.2352
0.0149624  9.97209
0.0169824  6.47415
0.0192753  4.17209
0.0221309  2.56304
0.0254097  1.56264
0.0295121  0.907109
0.0342768  0.522616
0.040738  0.274427
0.049545  0.131139
0.0623735  0.0544938
0.112202  0.00573072
0.139637  0.00249237
0.16788  0.00124463
0.194985  0.0007129
0.221309  0.000448085
0.251189  0.000283646
0.285102  0.000180906
0.323594  0.000116285
0.363078  7.84043e-05
0.402717  5.53715e-05
0.446684  3.93852e-05
0.49545  2.82271e-05
0.54325  2.11308e-05
0.595662  1.59297e-05
0.645654  1.25318e-05
0.707946  9.59709e-06
0.860994  5.53108e-06
0.912011  4.73029e-06
0.954993  4.19794e-06
1  3.7488e-06
1.04713  3.37186e-06
1.09648  3.05382e-06
1.16145  2.72016e-06
1.23027  2.44037e-06
1.33352  2.11079e-06
1.47911  1.76646e-06
1.88365  1.15574e-06
2.0893  9.70382e-07
2.37137  7.89295e-07
2.7227  6.34775e-07
3.12608  5.1421e-07
3.63078  4.12394e-07
4.21697  3.33162e-07
4.9545  2.66755e-07
5.88844  2.11846e-07
7.07946  1.67035e-07
8.51138  1.32662e-07
10.4713  1.03195e-07
13.1826  7.86962e-08
16.9824  5.89022e-08
22.3872  4.33091e-08
30.1995  3.12826e-08
44.157  2.08834e-08
69.1831  1.30723e-08
114.815  7.77268e-09
221.31  3.9907e-09
441.57  1.98896e-09
3507.52  2.49195e-10
100000  8.7314e-12
-1  -1
9.6e-06   0.0 
9.6e-06  5.74218e+06
1e-05  6.08803e+06
1.05925e-05  6.66478e+06
1.33352e-05  9.83842e+06
1.46218e-05  1.1429e+07
1.58489e-05  1.29395e+07
1.69824e-05  1.42938e+07
1.8e-05  1.54462e+07
1.90546e-05  1.65436e+07
2e-05  1.74143e+07
2.0893e-05  1.81152e+07
2.16272e-05  1.85888e+07
2.23872e-05  1.89697e+07
2.31739e-05  1.92395e+07
2.4e-05  1.9384e+07
2.48313e-05  1.93884e+07
2.5704e-05  1.92474e+07
2.65e-05  1.89973e+07
2.73e-05  1.86408e+07
2.81838e-05  1.81433e+07
2.9e-05  1.76076e+07
3e-05  1.68729e+07
3.0903e-05  1.6159e+07
3.19889e-05  1.52667e+07
3.31131e-05  1.43327e+07
3.45e-05  1.31985e+07
3.5909e-05  1.20936e+07
3.75837e-05  1.08687e+07
3.95e-05  9.60422e+06
4.16869e-05  8.34205e+06
4.4157e-05  7.1268e+06
4.67735e-05  6.05015e+06
5e-05  4.96908e+06
5.30884e-05  4.1346e+06
5.65e-05  3.38977e+06
6e-05  2.77746e+06
6.30957e-05  2.33567e+06
6.68344e-05  1.90134e+06
7.07946e-05  1.53595e+06
7.4131e-05  1.28734e+06
7.85236e-05  1.02527e+06
8.31764e-05  811046
8.81049e-05  637071
9.44061e-05  473149
0.0001  366822
0.000107152  268357
0.000115  193438
0.000135  90914
0.000141254  73864.5
0.000146218  63375.5
0.00015  56831.8
0.000154  51052.3
0.000158489  45733.3
0.000162181  42128.6
0.000165959  39042.3
0.000169824  36424.1
0.00017378  34228
0.000177828  32408.5
0.000182  30910.4
0.000186209  29721.5
0.000190546  28781.1
0.000195  28069.3
0.0002  27521.1
0.000205  27181.9
0.00021  27007.8
0.000216272  26975.7
0.000223872  27139.1
0.000234423  27586.8
0.000278612  30081
0.000298538  30931.2
0.000316228  31439.6
0.000334965  31744
0.000354813  31841.4
0.000375837  31732.2
0.0004  31386.2
0.00042658  30778
0.000451856  30049.9
0.00047863  29167.8
0.000506991  28151.3
0.00054325  26783.8
0.000582103  25298
0.000623735  23734.5
0.000668344  22127.5
0.000724436  20237.5
0.000785236  18369
0.000851138  16553.6
0.000922571  14810.8
0.001  13157.6
0.00108393  11617
0.0011885  10000
0.00130317  8540.16
0.00142889  7236.91
0.00156675  6085.85
0.00171791  5079.66
0.00188365  4208.82
0.00206538  3462.25
0.00226464  2828.08
0.00248313  2294.23
0.0027227  1848.69
0.003  1462.33
0.00331131  1143.51
0.00367282  876.626
0.0040738  666.917
0.0044157  536.173
0.00489779  401.776
0.0054325  298.919
0.00609537  213.594
0.00683912  151.618
0.00767361  106.787
0.00851138  77.356
0.00954993  53.6581
0.0107152  36.9417
0.0120226  25.2534
0.0134896  17.1423
0.0151356  11.5558
0.0171791  7.42875
0.0194985  4.73892
0.0221309  3.00115
0.0254097  1.80932
0.0291743  1.08274
0.0338844  0.615903
0.0398107  0.332838
0.047863  0.163369
0.0582103  0.0760381
0.114815  0.00523762
0.138038  0.00255241
0.164059  0.00131073
0.186209  0.000809258
0.20893  0.000525504
0.234423  0.00034383
0.260016  0.000236304
0.288403  0.000163536
0.319889  0.000114011
0.350752  8.32907e-05
0.384592  6.12657e-05
0.421696  4.53978e-05
0.462381  3.38998e-05
0.501187  2.6427e-05
0.54325  2.07322e-05
0.588844  1.63712e-05
0.638263  1.30218e-05
0.691831  1.043e-05
0.749894  8.40888e-06
0.860994  5.86658e-06
0.912011  5.07929e-06
0.966051  4.42814e-06
1.01158  3.99166e-06
1.07152  3.52985e-06
1.14815  3.06915e-06
1.23027  2.68738e-06
1.33352  2.31761e-06
1.60325  1.67314e-06
1.84077  1.31285e-06
2.044  1.0991e-06
2.34423  8.78178e-07
2.69154  7.05799e-07
3.09029  5.71384e-07
3.58922  4.57978e-07
4.16869  3.69786e-07
4.89779  2.95919e-07
5.82103  2.34896e-07
7  1.8506e-07
8.41395  1.46954e-07
10.2329  1.1584e-07
13.0317  8.71052e-08
16.788  6.51705e-08
22  4.8217e-08
29.8538  3.45896e-08
43.6516  2.30862e-08
67.6083  1.46214e-08
108.393  9.00316e-09
206.538  4.67364e-09
412.098  2.32839e-09
3273.41  2.91629e-10
100000  9.5358e-12
-1  -1
8.39e-06   0.0 
8.39e-06  6.58392e+06
8.81049e-06  5.38163e+06
1e-05  3.1525e+06
1.12202e-05  1.92255e+06
1.24452e-05  1.22288e+06
1.3884e-05  752701
1.57e-05  432780
1.86209e-05  199737
2e-05  145313
2.11349e-05  114408
2.21309e-05  94384.7
2.3e-05  80902
2.37137e-05  71976.9
2.45471e-05  63491.6
2.5283e-05  57407.4
2.60016e-05  52494.9
2.66072e-05  49009.5
2.73e-05  45637.2
2.8e-05  42789.6
2.88403e-05  39985
2.95121e-05  38142.6
3.04e-05  36152.8
3.12608e-05  34620.2
3.2237e-05  33259.1
3.33e-05  32136
3.42768e-05  31361.6
3.54813e-05  30666
3.69e-05  30119
3.85e-05  29748.2
4.0738e-05  29499.7
5.06991e-05  29326.2
5.5e-05  29095
5.9e-05  28704.8
6.30957e-05  28140.4
6.76083e-05  27373
7.24436e-05  26438.5
7.8e-05  25280.4
8.41395e-05  23958.7
9.12011e-05  22455.8
0.00010009  20675.8
0.000109648  18936.6
0.000124452  16616.6
0.000142889  14291.7
0.000245471  7728.44
0.000275423  6735.23
0.000305492  5915.28
0.000346737  4999.2
0.000412098  3935.74
0.0006  2312.74
0.0007  1842.67
0.00105925  982.287
0.00128825  723.663
0.00164059  491.705
0.00201837  350.515
0.00245471  252.807
0.00298538  180.976
0.00363078  128.495
0.0044157  90.5168
0.00537032  63.2872
0.00653131  43.9216
0.00794328  30.2495
0.00966051  20.6761
0.011885  13.7087
0.0144544  9.2279
0.017378  6.31068
0.020893  4.2829
0.0251189  2.88363
0.03  1.95455
0.0358922  1.30954
0.042658  0.883954
0.0506991  0.592292
0.0609537  0.383158
0.0732824  0.245961
0.0860994  0.165801
0.105925  0.0990393
0.136458  0.0523081
0.248313  0.0113406
0.30903  0.00652577
0.367282  0.00424677
0.42658  0.00294767
0.489779  0.00211962
0.555904  0.00157737
0.623735  0.00121352
0.707946  0.000916388
0.8  0.00070411
0.891251  0.000561224
0.988553  0.000454494
1.14815  0.000338348
1.30317  0.000265333
1.47911  0.000209688
1.65959  0.000170537
1.88365  0.000136875
2.13796  0.000110654
2.42661  9.01053e-05
2.78612  7.25686e-05
3.23594  5.78599e-05
3.75837  4.64839e-05
4.4157  3.70159e-05
5.188  2.96988e-05
6.16595  2.36343e-05
7.49894  1.84011e-05
9.01571  1.46468e-05
11  1.1531e-05
13.8038  8.83989e-06
17.7828  6.62634e-06
23.7137  4.81714e-06
31.6228  3.52772e-06
46.2381  2.35723e-06
73.2824  1.45931e-06
139.637  7.54228e-07
278.612  3.74781e-07
555.904  1.87009e-07
4415.7  2.34513e-08
100000  1.0345e-09
-1  -1
-2   0.0 
-2  -2
