% -----------------------------------------------------------------------
%   Program Name: pe-ss-cs-81.dat 
%   Author: the Geant4 Collaboration
%   Organization: the Geant4 Collaboration
%   Version: unknown
%   Date: circa 2006
%   Class: Public
%   Copyright (c) Copyright Holders of the Geant4 Collaboration, 1994-2006.
%   See http://cern.ch/geant4/license for details on the copyright holders.
%   All rights not expressly granted under this license are reserved.
% -----------------------------------------------------------------------
0.085798   0.0 
0.085798  2028.86
0.0883  1887.21
0.0895  1829.71
0.0915  1724.4
0.0954993  1553.49
0.104713  1223.26
0.119  882.802
0.154882  442.494
0.231739  152.896
0.281838  91.7935
0.327341  62.555
0.380189  42.9374
0.436516  30.5669
0.49545  22.5631
0.562341  16.7846
0.630957  12.9167
0.707946  10.0195
0.803526  7.63721
0.922571  5.72522
1.022  4.65397
1.1749  3.5379
1.31826  2.83886
1.49624  2.2456
1.69824  1.79171
1.94985  1.41186
2.2131  1.14251
2.51189  0.931356
2.88403  0.750957
3.34965  0.599268
3.89045  0.481815
4.57088  0.383937
5.37032  0.308261
6.45654  0.241818
7.76247  0.191168
9.44061  0.150154
11.6145  0.117045
15.3109  0.0848759
20.1837  0.0621825
27.227  0.0447598
37.5837  0.0316648
55.5904  0.0209684
90.1571  0.0127184
171.791  0.00658613
342.768  0.00327737
1364.58  0.000818741
100000  1.1148e-05
-1  -1
0.01533   0.0 
0.01533  7311.98
0.0161  6746.92
0.01647  6472.66
0.0171791  6044.29
0.0188365  5115.83
0.0201837  4533.87
0.0216272  3991.07
0.0245471  3136.83
0.0309029  1984.12
0.0350752  1525.02
0.0398107  1167.64
0.048  776.398
0.0562341  543.99
0.0638264  406.817
0.074131  286.734
0.0870964  195.25
0.103514  128.38
0.124452  81.4897
0.160325  43.2377
0.25704  13.1528
0.319889  7.62839
0.380189  4.99714
0.44157  3.48767
0.506991  2.52187
0.582103  1.83725
0.660694  1.38406
0.749894  1.05016
0.841395  0.822652
0.944061  0.648969
1.07152  0.504039
1.23027  0.385098
1.39637  0.303251
1.56675  0.245783
1.77828  0.196637
2.044  0.15505
2.31739  0.126048
2.63027  0.103012
3.01995  0.083259
3.50752  0.0665927
4.0738  0.0536606
4.7863  0.0428545
5.68853  0.0339547
6.83912  0.0267016
8.22243  0.0211596
10.2329  0.0161963
12.3027  0.0130088
15.6675  0.00983432
20.4174  0.0073015
27.8612  0.00519183
38.9045  0.00363031
57.544  0.0024056
94.4061  0.00144287
179.887  0.000747552
358.922  0.000372115
1428.89  9.2983e-05
100000  1.3258e-06
-1  -1
0.014746   0.0 
0.014746  14600
0.01487  14394.4
0.0154882  13079
0.0169824  10349
0.0197242  7034.5
0.0218776  5337.7
0.0278612  2766.1
0.0323594  1819.9
0.0365  1296.1
0.0451856  702.39
0.0562341  371.15
0.07  194.47
0.0944061  79.807
0.147911  20.8863
0.186209  10.5743
0.226464  5.97263
0.266072  3.75808
0.30903  2.4622
0.354813  1.67882
0.402717  1.19019
0.457088  0.850177
0.512861  0.630681
0.57544  0.471338
0.638263  0.365138
0.707946  0.285135
0.794328  0.218316
0.912011  0.15992
0.977237  0.137413
1.04713  0.118988
1.14815  0.0989379
1.25893  0.0828657
1.39637  0.0684511
1.6788  0.0492723
1.92752  0.0387849
2.18776  0.0313677
2.48313  0.0255575
2.85102  0.020597
3.31131  0.0164279
3.84592  0.0132005
4.51856  0.010513
5.30884  0.00843646
6.38263  0.00661472
7.67361  0.0052267
9.33254  0.00410348
11.4815  0.00319753
15  0.0023415
19.9526  0.00169737
26.6073  0.00123687
36.3078  0.000885236
53.7032  0.000585813
86.0994  0.000359361
164.059  0.000185982
327.341  9.25159e-05
1303.17  2.31053e-05
100000  3.0041e-07
-1  -1
0.01266   0.0 
0.01266  33846
0.012743  33489.6
0.0129  32247
0.0131826  30475.9
0.0144544  23679.3
0.0169824  15117
0.019  10971.7
0.0242661  5379.17
0.0309029  2607.42
0.0384592  1334.91
0.0473151  700.264
0.0582103  364.015
0.0732824  174.468
0.1  64.0312
0.144544  19.465
0.18197  9.30067
0.216272  5.38349
0.251189  3.37605
0.288403  2.21045
0.327341  1.51026
0.367282  1.07567
0.412098  0.771898
0.457088  0.576547
0.506991  0.433649
0.562341  0.328657
0.623735  0.250964
0.691831  0.193122
0.767362  0.149785
0.851138  0.117101
0.944061  0.0921323
1  0.081142
1.07152  0.0702148
1.16145  0.0597723
1.25893  0.0512425
1.39637  0.0423863
1.7378  0.0287549
1.99526  0.0226706
2.26464  0.0183701
2.5704  0.0149944
2.95121  0.0121051
3.42768  0.00967065
4  0.0077314
4.67735  0.00620956
5.49541  0.00499074
6.60693  0.00391887
7.94328  0.00310104
9.77237  0.00240398
11.749  0.00192788
15.3109  0.00141712
20.1837  0.00103819
27.227  0.000747317
37.5837  0.000528681
55.5904  0.000350091
90.1571  0.000212353
171.791  0.000109964
342.768  5.47187e-05
1364.58  1.36692e-05
100000  1.8612e-07
-1  -1
0.0036787   0.0 
0.0036787  20337.2
0.00398107  18576.3
0.00423  17086.2
0.00458  15375.3
0.00484172  14174.3
0.00616595  9847.46
0.00660693  8809.37
0.00803526  6365.85
0.00891251  5316.75
0.0104713  3993.03
0.0124452  2903.27
0.014  2322.92
0.0164059  1708.66
0.0197242  1183.88
0.0234423  831.586
0.028  573.02
0.0331131  399.861
0.0389045  280.886
0.0457088  195.899
0.054325  132.128
0.0645654  88.4062
0.0767362  58.7168
0.0901571  39.8229
0.110918  23.9564
0.142889  12.7627
0.281838  2.32159
0.342768  1.43169
0.402717  0.96823
0.467735  0.678243
0.530884  0.505172
0.60256  0.378771
0.683912  0.286049
0.776247  0.217601
0.881049  0.166678
0.988553  0.131782
1.14815  0.0980585
1.30317  0.0768894
1.47911  0.0607659
1.65959  0.0494351
1.90546  0.0389052
2.16272  0.0314452
2.45471  0.0256009
2.81838  0.0206155
3.27341  0.016432
3.80189  0.0131962
4.46684  0.0105039
5.24808  0.00842486
6.23735  0.00670207
7.49894  0.00529067
9.01571  0.00420871
11.3501  0.00318717
14.7911  0.00233997
19.4984  0.00171236
26  0.0012472
35.4813  0.000892107
52.4808  0.000590044
83.1764  0.000366127
158.489  0.0001894
316.228  9.4191e-05
1258.92  2.35195e-05
100000  2.9539e-07
-1  -1
0.0034097   0.0 
0.0034097  32682.3
0.003484  32506.8
0.00385  28921.2
0.00408  26913.6
0.00435  24656.4
0.00489779  20726.1
0.00524807  18659.4
0.00555904  17033.4
0.00595662  15190.4
0.00716143  10953.3
0.00767361  9626.73
0.00891251  7186.9
0.00966051  6107.06
0.0110917  4570.92
0.0121619  3747.17
0.0141254  2684.35
0.0158489  2059.35
0.0177828  1570.77
0.0206538  1093.73
0.0237137  776.086
0.0269154  562.749
0.0305492  405.554
0.0350752  281.821
0.040738  188.602
0.048  120.47
0.0568853  75.1567
0.0683912  44.6997
0.0851138  23.9199
0.110918  11.1308
0.17378  3.02717
0.218776  1.56266
0.263027  0.927295
0.30903  0.59174
0.354813  0.405391
0.402717  0.288495
0.457088  0.206771
0.512861  0.153788
0.57544  0.115186
0.638263  0.0893872
0.707946  0.0698239
0.785236  0.0549119
0.870964  0.0434144
0.944061  0.0363933
1.02329  0.030731
1.12202  0.0255336
1.24452  0.0208988
1.38038  0.0172312
1.62181  0.0128928
1.86209  0.0101308
2.11349  0.00817745
2.39883  0.00664934
2.75423  0.00534813
3.19889  0.00425822
3.71535  0.00341583
4.36516  0.00271577
5.12861  0.00217589
6.09537  0.00172935
7.32824  0.00136383
8.70964  0.00109934
11.0917  0.000820106
13.6458  0.00064338
16  0.00053571
20.6538  0.000402127
28.1838  0.000286024
39.355  0.000200056
58.2103  0.000132593
96.6051  7.86079e-05
184.077  4.07386e-05
367.282  2.02823e-05
1462.18  5.06853e-06
100000  7.3958e-08
-1  -1
0.0029446   0.0 
0.0029446  106338
0.00303  102246
0.00350752  80942.1
0.00372  73304
0.0044157  54081.1
0.00473151  47666
0.00506991  41833.3
0.00616595  28314.7
0.00668344  23945.3
0.00785236  16928.9
0.00860994  13790.1
0.00988553  10055.9
0.0109648  7877.21
0.0124452  5807.11
0.0142889  4123.49
0.0160325  3078.29
0.018197  2216.76
0.020893  1536.39
0.0242661  1023.24
0.0281838  675.322
0.033  431.72
0.0384592  277.25
0.0446684  178.448
0.0524807  110.178
0.0623735  65.1888
0.075  36.9386
0.0933254  18.6808
0.177828  2.45424
0.218776  1.28754
0.25704  0.785111
0.295121  0.517392
0.334965  0.355461
0.375837  0.254361
0.421696  0.18332
0.467735  0.137432
0.5188  0.103729
0.57544  0.0788526
0.630957  0.0621993
0.699842  0.0479838
0.776247  0.0372913
0.870964  0.0282918
0.933254  0.0241241
0.988553  0.0212514
1.07152  0.0179655
1.16145  0.0152955
1.25893  0.0131048
1.39637  0.0108351
1.71791  0.00749684
1.97242  0.00590723
2.23872  0.00478351
2.54097  0.00390194
2.91743  0.00314799
3.38844  0.00251355
3.9355  0.00202207
4.62381  0.00161219
5.4325  0.00129504
6.53131  0.00101642
7.85236  0.00080392
9.66051  0.000622943
11.749  0.000492645
15.4882  0.000357414
20.4174  0.000261926
27.8612  0.000186251
38.9045  0.000130228
57.544  8.6297e-05
95.4993  5.11514e-05
181.97  2.65063e-05
363.078  1.31945e-05
1445.44  3.29735e-06
100000  4.7561e-08
-1  -1
0.0024937   0.0 
0.0024937  210440
0.002517  212312
0.0025174  213055
0.002585  226595
0.00267  238955
0.0027  241080
0.00274  242602
0.00275423  240893
0.00277  238363
0.0028393  224580
0.00309029  180391
0.00346737  132739
0.00384592  99926.2
0.0042658  74651.6
0.00473151  55360.2
0.00524807  40823.6
0.00630957  23353.7
0.00691831  17547.6
0.00812831  10545.1
0.00933254  6741.52
0.0103514  4796.97
0.0120226  2907.86
0.0138038  1815.88
0.0154882  1219.54
0.0177828  751.366
0.0206538  441.115
0.024  256.569
0.0281838  142.54
0.0331131  78.4834
0.0398107  39.373
0.0489779  17.9707
0.0638264  6.53802
0.107152  0.898127
0.133352  0.391074
0.162181  0.18725
0.188365  0.107338
0.216272  0.0646957
0.245471  0.0409801
0.275423  0.0272516
0.316228  0.0168327
0.354813  0.0113505
0.39355  0.00801587
0.436516  0.00570097
0.484172  0.00408478
0.537032  0.00294903
0.588844  0.00222362
0.638263  0.00175005
0.699842  0.0013415
0.767362  0.00103572
0.803526  0.000911737
0.860994  0.000750145
0.912011  0.0006416
0.954993  0.000569372
1  0.000508388
1.04713  0.000457188
1.09648  0.000414001
1.16145  0.000368708
1.23027  0.000330747
1.33352  0.000286072
1.47911  0.000239425
1.88365  0.000156725
2.11349  0.000128973
2.39883  0.000104867
2.75423  8.43333e-05
3.19889  6.7139e-05
3.71535  5.38569e-05
4.31519  4.35159e-05
5.06991  3.48471e-05
6.0256  2.76808e-05
7.24436  2.18197e-05
8.70964  1.73337e-05
11.0917  1.29305e-05
13.6458  1.01443e-05
16  8.4467e-06
20.6538  6.34038e-06
28.1838  4.50971e-06
39.8107  3.11602e-06
58.2103  2.09062e-06
97.7237  1.22487e-06
184.077  6.42333e-07
367.282  3.19789e-07
1462.18  7.99169e-08
100000  1.1661e-09
-1  -1
0.0023939   0.0 
0.0023939  420205
0.00263027  384002
0.0027227  352108
0.003  272755
0.00334965  202297
0.00371535  151583
0.00415  110478
0.00451856  86081.3
0.00506991  61136.6
0.00588844  38601.8
0.00645654  28976.8
0.00758578  17312.6
0.00841395  12353.6
0.00966051  7815.76
0.0109648  5095.03
0.0123027  3431.94
0.014  2187.13
0.0160325  1353.04
0.0186209  789.413
0.0216272  456.681
0.0251189  262.115
0.0295121  142.962
0.0346737  77.3727
0.0416869  38.0426
0.0506991  17.7545
0.0668344  5.98871
0.104713  1.01962
0.128825  0.453171
0.153109  0.232228
0.175792  0.136869
0.2  0.084142
0.223872  0.0554125
0.251189  0.0364456
0.278612  0.025173
0.30903  0.017511
0.342768  0.0122737
0.375837  0.00901231
0.412098  0.00666484
0.451856  0.00496616
0.49545  0.00372909
0.537032  0.00292189
0.588844  0.00222759
0.645654  0.00171062
0.699842  0.0013666
0.758578  0.00109908
0.851138  0.0008126
0.901571  0.000702971
0.954993  0.000612276
1  0.000551368
1.05925  0.000487183
1.13501  0.000423216
1.21619  0.000370246
1.33352  0.000312309
1.7378  0.000195448
1.97242  0.000157102
2.23872  0.000127237
2.54097  0.000103794
2.91743  8.37387e-05
3.38844  6.68606e-05
3.9355  5.37865e-05
4.62381  4.28851e-05
5.4325  3.44493e-05
6.53131  2.70375e-05
7.85236  2.13844e-05
9.66051  1.65701e-05
11.749  1.31049e-05
15.3109  9.63255e-06
20.1837  7.05708e-06
27.227  5.07977e-06
37.5837  3.5936e-06
55.5904  2.37974e-06
90.1571  1.44342e-06
171.791  7.47459e-07
342.768  3.71946e-07
1364.58  9.29183e-08
100000  1.2651e-09
-1  -1
0.00083143   0.0 
0.00083143  46792.8
0.000882  45271.4
0.000912011  43805.8
0.00096  42185.8
0.00111  36834.6
0.00119  34401.2
0.00147911  26767.5
0.00160325  24205.3
0.00190546  19261.8
0.0020893  16952.4
0.00245471  13418.1
0.00275423  11279.2
0.0031989  8935.63
0.00375837  6886.56
0.00431519  5471.6
0.00501187  4237.88
0.00595662  3129.43
0.00707946  2292.34
0.00841395  1666.14
0.01  1202.41
0.011885  861.848
0.0142889  599.688
0.0171791  414
0.0204174  290.4
0.0242661  202.234
0.0291743  136.372
0.0346737  93.5549
0.0412098  63.7115
0.0489779  43.07
0.0582103  28.8905
0.07  18.7172
0.0851138  11.7227
0.103514  7.26629
0.133352  3.87802
0.27227  0.64785
0.331131  0.399051
0.39355  0.262128
0.457088  0.183503
0.524807  0.132953
0.6  0.0979891
0.683912  0.0732982
0.776247  0.055754
0.881049  0.0427024
0.977237  0.0345525
1.13501  0.0256951
1.28825  0.0201327
1.46218  0.0158998
1.64059  0.0129255
1.86209  0.010368
2.13796  0.00821136
2.42661  0.00668082
2.78612  0.00537638
3.23594  0.0042829
3.75837  0.0034376
4.4157  0.0027347
5.188  0.00219226
6.16595  0.00174313
7.4131  0.00137537
8.91251  0.00109361
11.2202  0.000827797
13.8038  0.000649666
16.0325  0.000546931
20.6538  0.000411487
28.1838  0.000292687
39.355  0.000204717
57.544  0.000137314
95.4993  8.13938e-05
181.97  4.21765e-05
363.078  2.09962e-05
1445.44  5.24677e-06
100000  7.568e-08
-1  -1
0.00071397   0.0 
0.00071397  39812.4
0.0008  39752.7
0.000922571  38709
0.000977237  37999.1
0.00104713  36895.3
0.00113501  35408.3
0.00124452  33476.9
0.00133352  31873.3
0.00142889  30111.1
0.00158489  27399.5
0.00171791  25294.6
0.00186209  23169
0.00207  20482.8
0.00226464  18318.5
0.00251189  15968
0.00275423  14054.6
0.00305492  12077.5
0.0034  10257.8
0.00380189  8579.75
0.00421696  7224.62
0.00473151  5923.27
0.00530884  4821.42
0.006  3844.22
0.0068  3024.88
0.00767361  2382.21
0.00870964  1840.93
0.00988553  1411.97
0.0112202  1075.09
0.012735  812.692
0.0144544  610.015
0.0164059  454.737
0.0186209  336.674
0.0214201  239.57
0.0245471  170.733
0.0281838  120.268
0.0323594  84.1315
0.0375837  56.7017
0.044157  36.778
0.05188  23.6749
0.0616595  14.6571
0.0749894  8.44434
0.0944061  4.37713
0.192752  0.55947
0.254097  0.256054
0.300006  0.161229
0.346737  0.108461
0.398107  0.0748342
0.451856  0.0536399
0.512861  0.0387432
0.57544  0.0290341
0.638263  0.0225439
0.707946  0.0176198
0.785236  0.0138617
0.870964  0.010956
0.944061  0.00918069
1.02329  0.00774991
1.12202  0.00643803
1.23027  0.00538573
1.36458  0.0044376
1.58489  0.00338703
1.8197  0.00265789
2.0893  0.00210192
2.37137  0.00170793
2.7227  0.00137265
3.16228  0.00109218
3.67282  0.000875633
4.31519  0.000695798
5.06991  0.00055718
6.0256  0.000442599
7.24436  0.00034889
8.70964  0.000277149
11.0917  0.000206755
13.6458  0.000162201
15.8489  0.000136513
20.6538  0.00010138
28.1838  7.21078e-05
39.8107  4.98228e-05
58.8844  3.30295e-05
98.8553  1.9355e-05
186.209  1.01514e-05
371.535  5.05431e-06
1479.11  1.26322e-06
100000  1.8645e-08
-1  -1
0.00060032   0.0 
0.00060032  205395
0.00067  198980
0.000685  196257
0.000735  184908
0.000767361  178886
0.000822243  168125
0.00092  150586
0.00102329  134540
0.00111  122822
0.00120226  111506
0.00136458  94782.3
0.0015  83414
0.0016788  70992.9
0.00188365  59809.5
0.00213796  49041.8
0.00237137  41444.8
0.00269154  33457.7
0.003  27672.3
0.00342768  21740.6
0.00389045  17139.4
0.00436516  13716.4
0.0049545  10657.8
0.00568853  8021.86
0.00653131  5984.49
0.0075  4424
0.00860994  3244.34
0.00988553  2358.68
0.0113501  1700.29
0.0128825  1250.35
0.0146218  913.164
0.0165959  662.319
0.0188365  477.022
0.0213796  341.306
0.0245471  235.077
0.0281838  160.687
0.0323594  109.042
0.0375837  71.0868
0.0436516  45.9882
0.0506991  29.5385
0.06  17.8075
0.0716143  10.3834
0.0881049  5.47398
0.114815  2.39373
0.179887  0.585662
0.2  0.421136
0.226464  0.279248
0.242661  0.223726
0.25704  0.187343
0.269153  0.163584
0.281838  0.143827
0.291743  0.131276
0.300006  0.122378
0.338844  0.0854399
0.380189  0.0612233
0.42658  0.0441829
0.473151  0.0331611
0.524807  0.0250575
0.582103  0.0190699
0.645654  0.0146244
0.716143  0.0113015
0.794328  0.00879949
0.870964  0.00706073
0.933254  0.00602519
0.988553  0.00531045
1.07152  0.00449133
1.16145  0.00382446
1.25893  0.00327656
1.39637  0.00270854
1.69824  0.00191185
1.94985  0.00150563
2.2131  0.00121854
2.51189  0.000993411
2.88403  0.000800996
3.34965  0.0006392
3.89045  0.000513924
4.57088  0.00040953
5.37032  0.000328806
6.45654  0.000257929
7.76247  0.000203909
9.44061  0.000160161
11.6145  0.000124849
15.1356  9.1729e-05
20  6.7005e-05
26.9154  4.83451e-05
37.1535  3.41908e-05
54.9541  2.26362e-05
89.1251  1.37281e-05
169.824  7.10764e-06
338.844  3.53659e-06
1348.96  8.83436e-07
100000  1.1891e-08
-1  -1
0.00040635   0.0 
0.00040635  122816
0.000407  120041
0.0004084  115259
0.0004097  111778
0.0004113  108564
0.0004128  106370
0.0004143  104919
0.0004158  104149
0.0004173  104026
0.0004188  104544
0.0004203  105666
0.0004225  108222
0.0004285  117359
0.000431519  121703
0.000435  126242
0.00044  132192
0.000446684  139486
0.000453  145660
0.00046  151566
0.000468  157322
0.000501187  178725
0.000515  187414
0.00053  195628
0.000545  202710
0.000565  210880
0.00059  219502
0.00061  225016
0.00063123  229350
0.000653131  232410
0.000676083  234399
0.000708  235264
0.00074131  234205
0.000776247  231606
0.000812831  227385
0.000851138  221836
0.000901571  213644
0.000954993  204283
0.00101158  193776
0.00107152  182494
0.00115  168290
0.0012268  155163
0.00131826  140589
0.00142889  124798
0.00153109  111982
0.00165  98857.6
0.0018  84847.6
0.00195  73192.4
0.00213796  61235.3
0.00231739  52037.1
0.00254097  42866.1
0.00278612  35049
0.00305492  28442.4
0.00334965  22921.2
0.00367282  18343.5
0.00402717  14587.5
0.0045  10974
0.005  8307.16
0.0055  6416.2
0.00609537  4824.26
0.00683912  3476.7
0.00767361  2485.02
0.00860994  1762.24
0.00966051  1240.13
0.0108393  866.35
0.0121619  600.898
0.0138038  398.62
0.0154882  272.614
0.0175792  178.121
0.02  114.586
0.0229087  71.474
0.0263027  43.8854
0.0305492  25.6703
0.0358922  14.2901
0.042658  7.56759
0.0512861  3.81174
0.0645654  1.60341
0.11749  0.166431
0.171791  0.0400573
0.188365  0.0285515
0.231739  0.0135073
0.263027  0.00860806
0.298538  0.00552701
0.334965  0.00371915
0.371535  0.00262061
0.412098  0.00185919
0.457088  0.00132879
0.506991  0.000956796
0.555904  0.00071914
0.609537  0.000544304
0.668344  0.000415287
0.732824  0.000319246
0.870964  0.000197494
0.922571  0.000169498
0.966051  0.000150862
1.01158  0.000135116
1.05925  0.000121838
1.10918  0.000110556
1.1749  9.86323e-05
1.25893  8.6714e-05
1.36458  7.50936e-05
1.53109  6.15627e-05
1.84077  4.4525e-05
2.06538  3.65901e-05
2.34423  2.97115e-05
2.69154  2.38634e-05
3.12608  1.89759e-05
3.63078  1.52041e-05
4.21697  1.22715e-05
4.9545  9.81625e-06
5.88844  7.78983e-06
7.07946  6.13462e-06
8.51138  4.86857e-06
10.8393  3.62885e-06
13.3352  2.84424e-06
16  2.3061e-06
20.6538  1.73111e-06
28.1838  1.23124e-06
39.355  8.61187e-07
58.2103  5.70791e-07
96.6051  3.38389e-07
184.077  1.75376e-07
367.282  8.73091e-08
1462.18  2.18191e-08
100000  3.1837e-10
-1  -1
0.00038513   0.0 
0.00038513  131158
0.0003992  155050
0.0004015  161053
0.00040738  179451
0.00041  187148
0.000413  195234
0.000416869  204879
0.000422  216843
0.000428  229751
0.0004335  240291
0.000439  249469
0.000445  258119
0.000455  270552
0.00047863  297594
0.000493  313207
0.000508  327236
0.000524808  340276
0.000545  353183
0.000565  363719
0.000585  372064
0.00060256  377375
0.000628  382109
0.000653131  384210
0.000683912  383636
0.000716143  380139
0.00075  374141
0.000785236  365819
0.000831764  352710
0.000881049  337678
0.000933254  321070
0.000988553  302982
0.00105  283066
0.00112202  260956
0.00120226  238079
0.00128825  215500
0.00139637  190366
0.0015  169350
0.00162181  148003
0.00175792  127890
0.00190546  109740
0.00207  93137.4
0.00226464  77357.2
0.00248313  63466.2
0.0027227  51665.2
0.00298538  41760.3
0.00331131  32587.6
0.00363078  25950.9
0.004  20287.1
0.00446684  15189.4
0.0049545  11483.3
0.0054325  8901.1
0.0060256  6638.78
0.00676083  4752.88
0.00758578  3374.43
0.00851138  2376.37
0.0095  1688.07
0.0105925  1194.86
0.011749  854.613
0.0133352  562.872
0.015  379.168
0.0169824  247.929
0.0192753  159.49
0.0218776  101.828
0.0251189  61.9185
0.0288403  37.3646
0.0334965  21.4504
0.039355  11.7038
0.0467735  6.06478
0.0568853  2.85505
0.0749894  0.975579
0.113501  0.193913
0.138038  0.0909924
0.162181  0.0491246
0.188365  0.0278494
0.206538  0.0197417
0.231739  0.0129411
0.25704  0.00890988
0.285102  0.00617655
0.316228  0.00431197
0.350752  0.00303298
0.384592  0.00223368
0.421696  0.00165638
0.462381  0.00123712
0.506991  0.000930797
0.549541  0.00073013
0.595662  0.000576475
0.645654  0.000459129
0.699842  0.000368288
0.767362  0.000288444
0.870964  0.000206919
0.922571  0.000178998
0.977237  0.000155997
1.02329  0.000140649
1.08393  0.000124414
1.14815  0.00011074
1.23027  9.69643e-05
1.33352  8.36571e-05
1.79887  4.94014e-05
2.044  3.9702e-05
2.31739  3.22766e-05
2.66072  2.5906e-05
3.09029  2.05876e-05
3.58922  1.64863e-05
4.16869  1.32995e-05
4.89779  1.0633e-05
5.82103  8.43334e-06
7  6.6362e-06
8.41395  5.26563e-06
10.7152  3.92316e-06
13.1826  3.0734e-06
15.8489  2.48548e-06
20.6538  1.84585e-06
28.1838  1.31285e-06
39.355  9.18273e-07
58.2103  6.08625e-07
96.6051  3.6082e-07
184.077  1.86994e-07
367.282  9.30973e-08
1462.18  2.32657e-08
100000  3.3948e-10
-1  -1
0.00013295   0.0 
0.00013295  87332.4
0.000133  88704
0.000133352  95767.3
0.0001336  100526
0.000134  107849
0.0001344  114743
0.0001348  121268
0.0001353  128817
0.0001357  134462
0.0001362  141025
0.0001368  148131
0.0001375  155470
0.0001382  161879
0.000139  168168
0.0001397  172845
0.0001405  177297
0.0001414  181314
0.0001425  184985
0.0001437  187693
0.000145  189435
0.0001465  190267
0.000148  190246
0.000155  186969
0.000157  186854
0.000159  187641
0.000161  189536
0.0001627  192124
0.0001643  195442
0.000166  199935
0.000168  206545
0.000169824  213848
0.000172  224122
0.000174  235070
0.000177  254149
0.00018  276349
0.000184077  311444
0.000188365  354424
0.000204174  565872
0.00021  662748
0.000215  751794
0.000219  825774
0.000224  920064
0.000228  995952
0.000233  1.09015e+06
0.000238  1.18258e+06
0.000243  1.27252e+06
0.000248313  1.36469e+06
0.000254097  1.46065e+06
0.000260016  1.55365e+06
0.000267  1.65589e+06
0.000273  1.73663e+06
0.00028  1.82162e+06
0.000288  1.90591e+06
0.000295121  1.96899e+06
0.000303  2.02613e+06
0.00031  2.06667e+06
0.00032  2.10934e+06
0.000331131  2.13833e+06
0.000343  2.15156e+06
0.000355  2.15014e+06
0.000367282  2.13619e+06
0.000380189  2.1099e+06
0.00039355  2.07176e+06
0.00041  2.01263e+06
0.000428  1.93849e+06
0.00045  1.84143e+06
0.000473151  1.73646e+06
0.00049545  1.63494e+06
0.0005188  1.52995e+06
0.00055  1.39526e+06
0.000582103  1.26682e+06
0.00062  1.12946e+06
0.000653131  1.02102e+06
0.000691831  907552
0.00074131  782470
0.000794328  669696
0.000851138  568895
0.000922571  466715
0.001  379739
0.00108393  306710
0.0011885  238237
0.00128825  189668
0.00141254  145106
0.00154882  110122
0.00169  84276
0.00188365  59894.6
0.0020893  42850.1
0.00234423  29259.1
0.00263027  19792.5
0.00295121  13266.8
0.00331131  8815.8
0.0037  5896.81
0.00412097  3962.15
0.00462381  2570.05
0.005188  1654.38
0.00582103  1056.98
0.00653131  670.387
0.00732824  422.238
0.00831764  252.039
0.00933254  156.621
0.0105925  92.0979
0.0120226  53.7644
0.0136458  31.1636
0.0154882  17.9357
0.0177828  9.74005
0.0206538  4.98902
0.0242661  2.40925
0.0291743  1.04023
0.0338844  0.522759
0.0446684  0.145398
0.0822243  0.00848878
0.0988553  0.00362317
0.116145  0.00173534
0.136458  0.000837508
0.164059  0.000367447
0.184077  0.000220993
0.201837  0.000147981
0.223872  9.51411e-05
0.248313  6.16192e-05
0.275423  4.01866e-05
0.316228  2.29374e-05
0.350752  1.51655e-05
0.384592  1.05677e-05
0.42658  7.09154e-06
0.462381  5.23454e-06
0.501187  3.89136e-06
0.54325  2.91885e-06
0.588844  2.20524e-06
0.645654  1.61107e-06
0.691831  1.28104e-06
0.74131  1.02555e-06
0.794328  8.27506e-07
0.860994  6.4649e-07
0.901571  5.64162e-07
0.944061  4.95397e-07
0.977237  4.51781e-07
1.01158  4.14329e-07
1.04713  3.82003e-07
1.09648  3.4518e-07
1.14815  3.1405e-07
1.21619  2.81272e-07
1.30317  2.48403e-07
1.41254  2.16493e-07
1.51356  1.9293e-07
1.88365  1.31396e-07
2.0893  1.10191e-07
2.37137  8.95319e-08
2.7227  7.19598e-08
3.16228  5.72589e-08
3.67282  4.59045e-08
4.26579  3.70701e-08
5.01187  2.96692e-08
5.95662  2.35565e-08
7.16143  1.856e-08
8.60994  1.47362e-08
11  1.0947e-08
13.4896  8.61693e-09
16  7.0803e-09
20.6538  5.31468e-09
28.1838  3.7802e-09
39.8107  2.61189e-09
58.2103  1.75244e-09
96.6051  1.03893e-09
184.077  5.38419e-10
367.282  2.68052e-10
1462.18  6.6989e-11
100000  9.7746e-13
-1  -1
0.00012816   0.0 
0.00012816  124697
0.00012822  126774
0.0001285  134474
0.0001289  144906
0.0001292  152311
0.0001296  161651
0.00013  170474
0.0001305  180691
0.000131  190075
0.0001316  200351
0.0001321  208133
0.0001328  217862
0.0001334  225202
0.000134  231701
0.000134896  239966
0.0001359  247398
0.000137  253622
0.000138038  257926
0.000139  260773
0.0001405  263448
0.000142  264493
0.000144544  263937
0.00015  260340
0.00015202  260112
0.000154  261126
0.000156  263683
0.000158  267991
0.00016  274203
0.000162  282415
0.0001643  294394
0.000166  305006
0.000168  319385
0.0001705  340213
0.00017365  370871
0.000177  408747
0.000181  460978
0.000188  570518
0.000199  787974
0.00020513  930187
0.00021  1.05105e+06
0.000215  1.17986e+06
0.00021933  1.29327e+06
0.000224  1.41575e+06
0.000229087  1.54747e+06
0.000234423  1.68224e+06
0.00024  1.81809e+06
0.000245471  1.94559e+06
0.000252  2.08962e+06
0.000258  2.2134e+06
0.000265  2.34658e+06
0.00027227  2.47076e+06
0.00028  2.58567e+06
0.000288  2.68521e+06
0.000295121  2.75734e+06
0.000303  2.82022e+06
0.000312608  2.87536e+06
0.000323594  2.9139e+06
0.000335  2.93134e+06
0.000347  2.92925e+06
0.00036  2.90703e+06
0.000371535  2.87258e+06
0.000385  2.81807e+06
0.0004  2.74354e+06
0.00042  2.62862e+06
0.00044157  2.49582e+06
0.000462381  2.36395e+06
0.000485  2.22025e+06
0.000508  2.07685e+06
0.000537032  1.90308e+06
0.000568853  1.72534e+06
0.00060256  1.55424e+06
0.000638263  1.39129e+06
0.000676083  1.23696e+06
0.000724436  1.06642e+06
0.000776247  913106
0.000831764  775806
0.000901571  636536
0.00097  528102
0.00104713  431558
0.00113501  346427
0.00123027  276380
0.00135  211250
0.00146218  166715
0.00162181  121567
0.0018  87662.4
0.00197242  65321.9
0.00215  49226.7
0.00237137  35454.4
0.00265  24234
0.00295121  16625
0.00327341  11484
0.0036  8128.48
0.00398107  5603.64
0.00446684  3632.79
0.00501187  2337.82
0.00562341  1492.16
0.00630957  945.337
0.00707946  594.674
0.008  360.831
0.00901571  219.74
0.0102329  129.015
0.011749  71.5599
0.0138038  35.6597
0.0158489  19.4818
0.0179887  11.1159
0.0204174  6.27896
0.0234423  3.3415
0.027227  1.67458
0.0327341  0.709706
0.0436516  0.184259
0.0588844  0.0449325
0.0831764  0.00872637
0.0988553  0.00387093
0.113501  0.00203745
0.130317  0.00107966
0.15  0.000569756
0.16788  0.000343007
0.186209  0.000216445
0.204174  0.000144705
0.223872  9.7481e-05
0.245471  6.61011e-05
0.275423  4.10018e-05
0.301995  2.81816e-05
0.327341  2.04337e-05
0.354813  1.49185e-05
0.384592  1.09809e-05
0.416869  8.1422e-06
0.451856  6.08246e-06
0.489779  4.57832e-06
0.530884  3.47277e-06
0.568853  2.75772e-06
0.616595  2.12285e-06
0.66237  1.6933e-06
0.716143  1.33403e-06
0.776247  1.05035e-06
0.851138  8.05582e-07
0.977237  5.47553e-07
1.01158  5.00241e-07
1.04713  4.59953e-07
1.08393  4.25213e-07
1.13501  3.85788e-07
1.1885  3.52536e-07
1.25893  3.17412e-07
1.34896  2.81751e-07
1.51356  2.33234e-07
1.90546  1.55721e-07
2.11349  1.30671e-07
2.39883  1.06246e-07
2.75423  8.54474e-08
3.19889  6.80299e-08
3.71535  5.45719e-08
4.36516  4.33878e-08
5.12861  3.47623e-08
6.09537  2.76275e-08
7.32824  2.17887e-08
8.81049  1.73169e-08
11.2202  1.29237e-08
13.8038  1.0143e-08
16.0325  8.53904e-09
20.6538  6.42442e-09
28.1838  4.56949e-09
40  3.1415e-09
58.8844  2.09306e-09
98.8553  1.22658e-09
186.209  6.43298e-10
371.535  3.20294e-10
1479.11  8.00479e-11
100000  1.1816e-12
-1  -1
0.00013916   0.0 
0.00013916  67564
0.0001409  64709.2
0.000142  63211.6
0.0001435  61651.4
0.000145  60515
0.0001472  59413.2
0.000149624  58715.2
0.00015226  58390.2
0.000156  58403
0.000172  59908.4
0.00018  60299.6
0.000188365  60289.7
0.0002  59812.8
0.000222  58362.6
0.000242661  56793.4
0.000258  55392
0.000275423  53541.7
0.000295121  51260.8
0.00032  48355.8
0.000350752  44947.1
0.000380189  41878.6
0.00041448  38523.3
0.000462381  34350.4
0.000515  30469.6
0.000568853  27086.8
0.000653131  22795.7
0.00074131  19317.7
0.000860994  15754
0.001  12749.7
0.0011885  9912.94
0.00142889  7517.2
0.00173  5597.34
0.0020893  4153.29
0.00254097  3023.85
0.00305492  2226.18
0.00367282  1626.84
0.00446684  1156.2
0.0054325  814.89
0.00653131  582.008
0.00785236  412.653
0.00954993  284.137
0.0116145  194.188
0.0139637  134.743
0.016788  92.8085
0.0201837  63.4477
0.0242661  43.0551
0.0291743  28.9938
0.0346737  19.8659
0.0416869  13.1712
0.0501187  8.66507
0.060256  5.65538
0.0732824  3.56533
0.0881049  2.29241
0.108393  1.37974
0.139637  0.735359
0.281838  0.126343
0.342768  0.0779334
0.402717  0.0527128
0.467735  0.036928
0.530884  0.027505
0.60256  0.020622
0.683912  0.0155725
0.776247  0.0118455
0.881049  0.00907263
0.977237  0.00734109
1.13501  0.00545927
1.28825  0.00427747
1.46218  0.00337818
1.64059  0.00274621
1.86209  0.00220279
2.13796  0.00174467
2.42661  0.0014195
2.78612  0.00114233
3.23594  0.000909977
3.75837  0.000730368
4.4157  0.000581021
5.188  0.00046577
6.16595  0.000370347
7.4131  0.000292213
8.91251  0.000232344
11.2202  0.000175874
13.8038  0.000138032
15.8489  0.000117723
20.6538  8.74266e-05
28.1838  6.21845e-05
39.8107  4.29664e-05
58.8844  2.84837e-05
98.8553  1.66918e-05
186.209  8.75431e-06
371.535  4.35869e-06
1479.11  1.0893e-06
100000  1.6079e-08
-1  -1
9.903e-05   0.0 
9.903e-05  569620
9.965e-05  604364
0.0001002  631194
0.0001007  652552
0.0001012  670808
0.0001018  689412
0.0001025  706780
0.0001032  719646
0.000104  729650
0.000104713  734997
0.0001055  737432
0.0001065  736034
0.0001075  730392
0.0001085  721410
0.00011  703244
0.0001115  681324
0.000113501  648642
0.000116  605804
0.000119  555066
0.000124452  471480
0.00014  304218
0.000151356  229240
0.000162181  179655
0.000172  146994
0.00018197  122202
0.000190546  105760
0.0002  91482.4
0.00020893  80783.9
0.000219  71155.6
0.000229087  63476.1
0.000239883  56911.2
0.00025  51958
0.000260016  47944.5
0.000269154  44895.3
0.000281838  41415.5
0.000295121  38480.9
0.00031  35818.8
0.000328  33229
0.00035  30724.8
0.000375837  28422.1
0.00041  26071.2
0.000467735  23112.4
0.000609537  18252.8
0.0007  16035
0.0008  14050.4
0.000912011  12252.8
0.00104713  10516.8
0.00119  9061.82
0.00136458  7665.75
0.00157  6403.66
0.0018  5329.72
0.00204174  4467.56
0.00231739  3715.05
0.00263027  3066.97
0.003  2493.96
0.00338844  2044.7
0.00384592  1650.73
0.00436516  1322.91
0.0049545  1052.52
0.00562341  831.397
0.00638264  652.039
0.00724436  507.774
0.00822243  392.689
0.00933254  301.561
0.0107152  224.289
0.0123027  165.498
0.0141254  121.15
0.0160325  90.382
0.0184077  65.1611
0.0211349  46.6194
0.0242661  33.1052
0.0278612  23.3415
0.0323594  15.8617
0.0375837  10.6969
0.0446684  6.73269
0.0512861  4.62754
0.0609537  2.86932
0.074131  1.65539
0.0933254  0.859339
0.186209  0.117701
0.231739  0.0631309
0.275423  0.0388693
0.323594  0.0249025
0.371535  0.0171219
0.421696  0.0122271
0.47863  0.00879515
0.537032  0.0065642
0.60256  0.00493446
0.676083  0.00373881
0.749894  0.00293253
0.860994  0.00213953
0.933254  0.00179129
1.01158  0.00151056
1.10918  0.00125374
1.21619  0.00104794
1.34896  0.000862757
1.54882  0.000671743
1.77828  0.000526481
2.044  0.00041499
2.31739  0.000337356
2.63027  0.0002757
3.01995  0.000222834
3.50752  0.000178229
4.0738  0.000143617
4.7863  0.000114692
5.62341  9.22747e-05
6.76083  7.25294e-05
8.1283  5.74485e-05
10.1158  4.39548e-05
12.1619  3.52919e-05
15.6675  2.63201e-05
20.4174  1.95421e-05
27.5423  1.40706e-05
38.4592  9.83579e-06
56.8853  6.5162e-06
93.3254  3.90755e-06
177.828  2.02431e-06
354.813  1.00754e-06
1412.54  2.51744e-07
100000  3.5484e-09
-1  -1
7.796e-05   0.0 
7.796e-05  1.35649e+06
7.85236e-05  1.38679e+06
7.92e-05  1.41469e+06
8e-05  1.43639e+06
8.08e-05  1.44754e+06
8.15e-05  1.4503e+06
8.23e-05  1.44638e+06
8.33e-05  1.43298e+06
8.45e-05  1.4073e+06
8.57e-05  1.37382e+06
8.73e-05  1.32118e+06
8.91251e-05  1.25502e+06
9.15e-05  1.16612e+06
9.44061e-05  1.06058e+06
0.000108393  681754
0.000113501  591743
0.000119  514860
0.000124452  454444
0.00013  405408
0.00013561  365728
0.000141254  333587
0.000146218  310362
0.000152  287962
0.000158489  267432
0.000165959  248302
0.00017378  232024
0.000184077  214695
0.000197242  197173
0.000211349  182336
0.00023  166930
0.000260016  148236
0.000323594  120430
0.000371535  104982
0.00042658  90820.4
0.000484172  78953.9
0.00055  68056.8
0.000630957  57528.7
0.000716143  48914.2
0.000822243  40675.9
0.000933254  34126.9
0.00107152  27989.6
0.00121619  23197.9
0.00139637  18783.5
0.00162181  14833.1
0.00188365  11619.4
0.00216272  9207.78
0.00245471  7391.53
0.00281838  5775.66
0.0031989  4575.59
0.00367282  3521.32
0.00421696  2688.53
0.00484172  2036.4
0.00549541  1567.49
0.00623735  1198.42
0.00707946  910.041
0.00803526  686.341
0.00912011  514.113
0.0104713  372.158
0.0120226  267.274
0.0138038  190.426
0.0156675  138.579
0.0179887  97.2227
0.0204174  69.7653
0.0234423  48.2045
0.0269154  33.0549
0.0309029  22.5009
0.0354813  15.2087
0.0412098  9.8706
0.0484172  6.14777
0.0568853  3.80048
0.0668344  2.33228
0.081283  1.27877
0.102329  0.625489
0.17378  0.11904
0.216272  0.0603987
0.254097  0.0368807
0.291743  0.024325
0.331131  0.0167205
0.375837  0.0115785
0.421696  0.00835116
0.473151  0.00606983
0.524807  0.00458686
0.582103  0.0034908
0.645654  0.00267695
0.716143  0.00206867
0.794328  0.00161079
0.870964  0.00129287
0.933254  0.0011035
0.988553  0.000972734
1.07152  0.000822784
1.16145  0.000700641
1.25893  0.000600249
1.39637  0.000496132
1.69824  0.000350175
1.94985  0.000275762
2.2131  0.000223146
2.51189  0.000181904
2.88403  0.000146667
3.34965  0.00011704
3.89045  9.41019e-05
4.57088  7.49866e-05
5.37032  6.02059e-05
6.45654  4.72292e-05
7.76247  3.73365e-05
9.44061  2.93256e-05
11.6145  2.28605e-05
15.1356  1.67962e-05
20  1.2269e-05
26.9154  8.8522e-06
37.1535  6.2606e-06
54.9541  4.14478e-06
89.1251  2.51363e-06
169.824  1.30145e-06
338.844  6.47566e-07
1348.96  1.61757e-07
100000  2.1772e-09
-1  -1
2.24e-05   0.0 
2.24e-05  2.75191e+06
2.27e-05  2.76304e+06
2.3e-05  2.78645e+06
2.33e-05  2.82384e+06
2.37137e-05  2.89869e+06
2.41e-05  2.99325e+06
2.45e-05  3.11378e+06
2.485e-05  3.23892e+06
2.52e-05  3.38285e+06
2.5704e-05  3.62266e+06
2.60016e-05  3.78199e+06
2.66072e-05  4.14666e+06
2.7227e-05  4.57662e+06
2.8e-05  5.19368e+06
2.91743e-05  6.30225e+06
3.0903e-05  8.28816e+06
3.19889e-05  9.71874e+06
3.27341e-05  1.07579e+07
3.35e-05  1.1854e+07
3.42768e-05  1.29727e+07
3.5e-05  1.3996e+07
3.57e-05  1.49478e+07
3.63078e-05  1.57261e+07
3.69e-05  1.64288e+07
3.75837e-05  1.71579e+07
3.83e-05  1.78128e+07
3.9e-05  1.8334e+07
3.97e-05  1.87332e+07
4.03e-05  1.89768e+07
4.09e-05  1.91312e+07
4.16869e-05  1.9206e+07
4.2295e-05  1.91713e+07
4.31519e-05  1.90023e+07
4.4102e-05  1.86731e+07
4.5e-05  1.82536e+07
4.61e-05  1.76348e+07
4.73151e-05  1.68607e+07
4.85e-05  1.60523e+07
5.01187e-05  1.49203e+07
5.188e-05  1.37104e+07
5.4e-05  1.23368e+07
5.65e-05  1.08636e+07
5.9e-05  9.55284e+06
6.16595e-05  8.32789e+06
6.5e-05  7.013e+06
6.8e-05  6.01428e+06
7.15e-05  5.03244e+06
7.5e-05  4.2162e+06
7.9e-05  3.45219e+06
8.31764e-05  2.81251e+06
8.81049e-05  2.22149e+06
9.33254e-05  1.74342e+06
0.0001  1.29458e+06
0.000107152  954999
0.000115  694476
0.000123027  508836
0.000131826  367389
0.000158489  151276
0.000165959  121905
0.000172  103731
0.000178  89499.2
0.0001835  79116.8
0.000188365  71657.1
0.000193  65797.2
0.000198  60616.4
0.000202  57190.8
0.000206538  53959
0.000211349  51177.5
0.000216272  48906.6
0.000221309  47084.6
0.000226464  45656.4
0.000231739  44571.1
0.000238  43681.6
0.000245  43086.4
0.00025193  42811.3
0.000260016  42779.8
0.000269154  43008.8
0.000281838  43608.4
0.000338844  46971.4
0.00036  47829.2
0.000380189  48325.9
0.000402717  48557.4
0.000428  48443.2
0.000451856  48064.8
0.00047863  47364.8
0.000506991  46388.6
0.00054325  44883.3
0.000582103  43068.1
0.00062  41216.8
0.000668344  38819
0.000716143  36463.6
0.000776247  33641.7
0.000831764  31195.7
0.000901571  28361.2
0.000977237  25601
0.00105925  22953.7
0.00114815  20447
0.00124452  18099.1
0.00136458  15626.5
0.0015  13330.1
0.00164059  11387.9
0.00179887  9615.87
0.00197242  8061.5
0.00216272  6711.64
0.00237137  5549.49
0.00260016  4557.53
0.00285102  3717.96
0.00312608  3013.05
0.00346737  2360.12
0.00384592  1834.13
0.0042658  1414.47
0.00473151  1082.71
0.00524807  822.718
0.00582103  620.74
0.00645654  465.173
0.00716143  346.273
0.00803526  247.534
0.00901571  175.566
0.0101158  123.583
0.0114815  83.2813
0.0128825  57.8346
0.0144544  39.8824
0.0162181  27.3152
0.018197  18.5816
0.0201837  13.0508
0.0229087  8.4113
0.0263027  5.16804
0.0305492  3.02498
0.0358922  1.68735
0.042658  0.895728
0.0512861  0.452348
0.0645654  0.190697
0.120226  0.0182324
0.15  0.007961
0.177828  0.00423448
0.204174  0.00255293
0.234423  0.00155134
0.266072  0.000989709
0.301995  0.000636099
0.338844  0.000428411
0.380189  0.000290715
0.421696  0.00020655
0.467735  0.000147819
0.5188  0.000106573
0.568853  8.02121e-05
0.616595  6.29506e-05
0.676083  4.8115e-05
0.74131  3.7051e-05
0.803526  2.96317e-05
0.860994  2.44076e-05
0.912011  2.08963e-05
0.954993  1.85573e-05
1  1.658e-05
1.04713  1.4917e-05
1.09648  1.35116e-05
1.16145  1.20349e-05
1.23027  1.07953e-05
1.33352  9.33479e-06
1.47911  7.809e-06
1.86209  5.214e-06
2.0893  4.28745e-06
2.37137  3.48363e-06
2.7227  2.7998e-06
3.16228  2.22776e-06
3.67282  1.78605e-06
4.26579  1.44234e-06
5.01187  1.15437e-06
5.95662  9.16526e-07
7.16143  7.22122e-07
8.60994  5.73368e-07
11  4.2591e-07
13.4896  3.35263e-07
16  2.7547e-07
20.6538  2.06786e-07
28  1.4813e-07
38.9045  1.0413e-07
57.544  6.90048e-08
94.4061  4.13876e-08
179.887  2.14432e-08
358.922  1.06742e-08
1428.89  2.66716e-09
100000  3.8031e-11
-1  -1
2.001e-05   0.0 
2.001e-05  5.2684e+06
2.03e-05  5.25986e+06
2.06538e-05  5.28394e+06
2.095e-05  5.33305e+06
2.13e-05  5.42463e+06
2.16272e-05  5.54212e+06
2.19e-05  5.66293e+06
2.23e-05  5.87623e+06
2.27e-05  6.13182e+06
2.31739e-05  6.48791e+06
2.37137e-05  6.96254e+06
2.42661e-05  7.52317e+06
2.5e-05  8.3826e+06
2.58e-05  9.46506e+06
2.9e-05  1.5151e+07
3e-05  1.72651e+07
3.0903e-05  1.9234e+07
3.16228e-05  2.08061e+07
3.23594e-05  2.23794e+07
3.31131e-05  2.39138e+07
3.38844e-05  2.53647e+07
3.45e-05  2.64097e+07
3.50752e-05  2.72788e+07
3.57e-05  2.80919e+07
3.63078e-05  2.87424e+07
3.69e-05  2.92375e+07
3.75837e-05  2.96373e+07
3.83e-05  2.98625e+07
3.9e-05  2.99009e+07
3.98107e-05  2.97408e+07
4.07e-05  2.93438e+07
4.15e-05  2.88214e+07
4.2295e-05  2.81777e+07
4.33e-05  2.72297e+07
4.45e-05  2.59651e+07
4.57088e-05  2.46112e+07
4.72e-05  2.29081e+07
4.89779e-05  2.09173e+07
5.08e-05  1.89884e+07
5.30884e-05  1.67751e+07
5.58e-05  1.44666e+07
5.82103e-05  1.26807e+07
6.15e-05  1.06016e+07
6.45654e-05  8.98017e+06
6.8e-05  7.46592e+06
7.16143e-05  6.15953e+06
7.5e-05  5.15449e+06
7.9e-05  4.18863e+06
8.31764e-05  3.38746e+06
8.81049e-05  2.65469e+06
9.33254e-05  2.06753e+06
0.0001  1.52053e+06
0.000107152  1.11054e+06
0.000115  799236
0.000124452  548720
0.000146218  251306
0.000153109  202122
0.000158489  172571
0.000164059  148323
0.000169  131148
0.00017378  117684
0.000178  107925
0.000182  100217
0.0001865  93056.4
0.000190546  87767.2
0.000195  83008.2
0.000199526  79136.4
0.000204174  76009.8
0.00020893  73550.4
0.000213796  71668.8
0.000219  70232.4
0.000224  69306.6
0.00023  68665.2
0.000237137  68419.1
0.000245471  68633.5
0.00025704  69470.9
0.00031  75036.6
0.000331131  76619.6
0.000350752  77567
0.000371535  77989
0.00039355  77908.4
0.00042  77184.6
0.000446684  75953
0.00047863  73990.3
0.000506991  71898.9
0.00054  69237
0.000582103  65647.5
0.000623735  62039.8
0.000668344  58261.9
0.000716143  54369.4
0.000776247  49764.1
0.000841395  45218.8
0.000912011  40796.6
0.000988553  36541.2
0.00108393  31969.5
0.0011885  27747.2
0.00130317  23895.2
0.00142889  20422.5
0.00156675  17328.5
0.00171791  14599.4
0.00188365  12212.7
0.00206538  10144.8
0.00226464  8369.05
0.00248313  6857.35
0.0027227  5581.25
0.003  4461.44
0.00331131  3525.74
0.00367282  2732.62
0.0040738  2101.45
0.00451856  1603.83
0.00501187  1214.95
0.00555904  913.909
0.00623735  660.707
0.00691831  489.973
0.00767361  360.694
0.00831764  282.518
0.00933254  197.622
0.0108393  123.047
0.0123027  81.8158
0.0138038  56.0695
0.0154882  38.1669
0.017378  25.8048
0.0192753  18.0291
0.0218776  11.5279
0.0248313  7.31495
0.0285102  4.41945
0.0334965  2.43526
0.039355  1.33146
0.0467735  0.691837
0.054325  0.389833
0.0691831  0.152951
0.116145  0.0204154
0.141254  0.00960126
0.16788  0.00496963
0.192752  0.00295596
0.216272  0.00193085
0.242661  0.00127043
0.269153  0.000877418
0.3  0.00059985
0.331131  0.000427235
0.363078  0.000313342
0.4  0.00022783
0.436516  0.000172113
0.47863  0.000128995
0.524807  9.74298e-05
0.568853  7.67223e-05
0.616595  6.08223e-05
0.668344  4.85631e-05
0.724436  3.90274e-05
0.860994  2.48026e-05
0.912011  2.14577e-05
0.966051  1.86944e-05
1.01158  1.68447e-05
1.07152  1.48902e-05
1.14815  1.29429e-05
1.23027  1.13313e-05
1.33352  9.773e-06
1.8197  5.65334e-06
2.06538  4.55502e-06
2.34423  3.69856e-06
2.69154  2.97058e-06
3.12608  2.36224e-06
3.63078  1.89276e-06
4.21697  1.52768e-06
4.9545  1.22201e-06
5.88844  9.69753e-07
7.07946  7.6369e-07
8.51138  6.06082e-07
10.8393  4.51746e-07
13.3352  3.54071e-07
15.8489  2.90182e-07
20.6538  2.155e-07
28.1838  1.53279e-07
39.355  1.07211e-07
58.2103  7.10567e-08
96.6051  4.21261e-08
184.077  2.18316e-08
367.282  1.08691e-08
1462.18  2.71621e-09
100000  3.9634e-11
-1  -1
1.236e-05   0.0 
1.236e-05  4.81968e+06
1.38038e-05  2.95278e+06
1.69824e-05  1.16501e+06
2.15e-05  402620
2.35e-05  271428
2.5e-05  207610
2.63027e-05  167658
2.75423e-05  139074
2.85102e-05  121533
2.95121e-05  106786
3.05492e-05  94419.7
3.16228e-05  84078.6
3.26e-05  76402.4
3.35e-05  70518.4
3.45e-05  65069.8
3.54813e-05  60636.2
3.65e-05  56811.6
3.77e-05  53130.4
3.9e-05  49939
4.03e-05  47393.4
4.16869e-05  45227.3
4.31519e-05  43412.3
4.4721e-05  41875.9
4.67735e-05  40329.2
4.9e-05  39063.2
5.188e-05  37826.1
5.68853e-05  36231.9
6.60693e-05  33883.6
7.3e-05  32174.2
8.03526e-05  30378.1
8.81049e-05  28540.3
9.66051e-05  26629.8
0.000108  24296.4
0.000121619  21855.9
0.000138038  19355.6
0.000160324  16627.7
0.000218776  11977
0.000251189  10296.9
0.000281838  9012.77
0.000316228  7832.47
0.000367282  6470.73
0.00044157  5067.46
0.000562341  3644.01
0.000638263  3047.95
0.000758578  2368.89
0.001  1566.64
0.00121619  1159.78
0.00151356  822.013
0.00188365  578.853
0.00234423  404.704
0.00288403  286.209
0.00350752  204.769
0.0042658  145.4
0.005188  102.463
0.00638264  70.2012
0.00767361  49.7818
0.00933254  34.2872
0.0114815  22.9213
0.0138038  15.9098
0.0165959  10.9625
0.02  7.46022
0.0239883  5.08964
0.0288403  3.42891
0.0342768  2.35051
0.040738  1.59991
0.0484172  1.08136
0.057544  0.725319
0.0691831  0.470169
0.0841395  0.294347
0.101158  0.187797
0.128825  0.103227
0.186209  0.0410429
0.266072  0.0167515
0.327341  0.0100236
0.389045  0.00658149
0.451856  0.00460337
0.5188  0.0033334
0.595662  0.00243278
0.676083  0.00183631
0.767362  0.0013963
0.870964  0.0010691
0.966051  0.000864943
1.16145  0.000601183
1.28825  0.000492416
1.46218  0.000388988
1.64059  0.000316239
1.86209  0.000253654
2.13796  0.000200914
2.42661  0.000163473
2.78612  0.00013155
3.23594  0.00010479
3.75837  8.41065e-05
4.4157  6.69075e-05
5.188  5.36353e-05
6.16595  4.26475e-05
7.4131  3.365e-05
8.91251  2.67562e-05
11.2202  2.02528e-05
13.8038  1.5895e-05
16.0325  1.33812e-05
20.893  9.93988e-06
28.5102  7.07214e-06
40.2717  4.8878e-06
59.5662  3.24106e-06
100  1.8996e-06
190.546  9.84866e-07
380.189  4.90429e-07
1513.56  1.2258e-07
100000  1.8516e-09
-1  -1
5.46e-06   0.0 
5.46e-06  6.76899e+06
6.2e-06  5.43253e+06
6.76083e-06  4.64836e+06
7.4131e-06  3.91759e+06
8.31764e-06  3.13984e+06
9.22571e-06  2.55634e+06
1.03514e-05  2.01884e+06
1.15e-05  1.61644e+06
1.28825e-05  1.26197e+06
1.42889e-05  1.00003e+06
1.60324e-05  765910
1.79887e-05  581777
2e-05  448426
2.23872e-05  337574
2.51189e-05  250874
2.88403e-05  174345
3.34965e-05  116598
3.9355e-05  75014.1
4.62381e-05  47905.6
5.4325e-05  30356.9
6.38264e-05  19079.1
8.22243e-05  9094.63
9.54993e-05  5884.66
0.000105925  4380.47
0.000116145  3391.46
0.000126  2722.18
0.000136458  2210.18
0.000146218  1856.86
0.000157  1563.06
0.00016788  1339.24
0.000177828  1180.27
0.000188365  1046.28
0.0002  928.572
0.000213796  820.148
0.000229087  726.872
0.000245471  648.949
0.000263027  583.269
0.000285102  518.917
0.000312608  457.911
0.000342768  407.225
0.000380189  359.726
0.000431519  311.789
0.000501187  265.543
0.000616595  213.924
0.000707946  183.874
0.000881049  143.049
0.00103514  118.289
0.0011885  99.6973
0.00136458  83.4111
0.00158489  68.2333
0.0018197  56.2989
0.0020893  46.1176
0.00239883  37.4968
0.00278612  29.8475
0.00305492  25.7526
0.00338844  21.6617
0.00412097  15.4417
0.00467735  12.3147
0.00530884  9.75258
0.0060256  7.66985
0.00683912  5.98981
0.00776247  4.64537
0.00881049  3.57787
0.01  2.73686
0.0113501  2.07939
0.0130317  1.52911
0.0149624  1.11558
0.0171791  0.807472
0.0197242  0.579991
0.0226464  0.413414
0.0260016  0.29254
0.0301995  0.199554
0.0350752  0.135038
0.040738  0.0907214
0.047863  0.0586751
0.0562341  0.037662
0.0676083  0.0225163
0.0841395  0.0121233
0.105925  0.00627228
0.179887  0.00136416
0.226464  0.000707403
0.269153  0.000435147
0.316228  0.000278492
0.363078  0.000191273
0.412098  0.000136446
0.467735  9.80379e-05
0.524807  7.3095e-05
0.588844  5.48929e-05
0.653131  4.27104e-05
0.724436  3.34538e-05
0.812831  2.56988e-05
0.891251  2.09192e-05
0.966051  1.75868e-05
1.04713  1.48908e-05
1.14815  1.23973e-05
1.2735  1.01632e-05
1.42889  8.21512e-06
1.65959  6.28346e-06
1.90546  4.94347e-06
2.16272  3.99523e-06
2.45471  3.25266e-06
2.81838  2.61924e-06
3.27341  2.08775e-06
3.80189  1.67667e-06
4.46684  1.33461e-06
5.24808  1.07044e-06
6.23735  8.51527e-07
7.49894  6.72201e-07
9.01571  5.34727e-07
11.3501  4.04944e-07
14.6218  3.01311e-07
19.0546  2.23222e-07
25.4097  1.62476e-07
34.2768  1.176e-07
50.6991  7.77278e-08
78.5236  4.93579e-08
150  2.5449e-08
298.538  1.26823e-08
595.662  6.32978e-09
4731.51  7.93838e-10
100000  3.753e-11
-1  -1
4.3e-06   0.0 
4.3e-06  1.37688e+07
5.4325e-06  8.14593e+06
6.68344e-06  5.07617e+06
8.22243e-06  3.13852e+06
9.88553e-06  2.03193e+06
1.1749e-05  1.34079e+06
1.35e-05  952914
1.54882e-05  675054
1.77828e-05  473513
2.01837e-05  339736
2.34423e-05  227641
2.75423e-05  146653
3.38844e-05  82570.6
4.89779e-05  29517.4
5.55904e-05  20842.3
6.16595e-05  15782.6
6.68344e-05  12796.9
7.16143e-05  10758.4
7.67362e-05  9103.15
8.22243e-05  7762.24
8.70964e-05  6839.93
9.33254e-05  5920.61
9.9e-05  5267.92
0.000105925  4640.79
0.000114  4075.16
0.000123027  3590.02
0.000131826  3221.55
0.000142889  2859.83
0.000153109  2597.9
0.000165959  2338.76
0.00018197  2089.02
0.000204174  1828.74
0.000242661  1512.02
0.0003  1199.97
0.000358922  971.741
0.000431519  776.475
0.000568853  549.199
0.000638263  472.404
0.000724436  397.246
0.000901571  290.899
0.00104713  233.885
0.00120226  189.805
0.00139637  150.247
0.00164059  115.903
0.00192753  88.7206
0.00223872  68.7232
0.0025704  53.8841
0.00295121  41.9359
0.00338844  32.3905
0.00389045  24.8263
0.00446684  18.8803
0.00512861  14.2456
0.00588844  10.6637
0.00668344  8.11995
0.00758578  6.14143
0.00860994  4.61365
0.00977237  3.4425
0.0110917  2.55125
0.0125892  1.87795
0.0142889  1.373
0.0162181  0.997016
0.0186209  0.697847
0.0211349  0.499662
0.0242661  0.344612
0.0278612  0.235914
0.031989  0.160329
0.0371535  0.104684
0.0431519  0.0678232
0.0506991  0.0421571
0.06  0.025445
0.0716143  0.0148461
0.0881049  0.0078362
0.108393  0.0041086
0.171791  0.000970982
0.213796  0.000492629
0.251189  0.000300751
0.288403  0.000198324
0.327341  0.000136296
0.371535  9.43649e-05
0.416869  6.80541e-05
0.462381  5.10488e-05
0.512861  3.85529e-05
0.568853  2.93276e-05
0.623735  2.3147e-05
0.691831  1.78717e-05
0.758578  1.42972e-05
0.860994  1.06025e-05
0.922571  9.06147e-06
0.988553  7.79785e-06
1.07152  6.60324e-06
1.1749  5.50057e-06
1.28825  4.61554e-06
1.44544  3.73999e-06
1.71791  2.7512e-06
1.97242  2.16824e-06
2.23872  1.75591e-06
2.54097  1.4323e-06
2.91743  1.15549e-06
3.38844  9.226e-07
3.9355  7.42201e-07
4.62381  5.91763e-07
5.4325  4.75362e-07
6.53131  3.73086e-07
7.85236  2.95084e-07
9.66051  2.28648e-07
11.749  1.80824e-07
15.4882  1.3119e-07
20.4174  9.61416e-08
27.8612  6.83627e-08
38.9045  4.78028e-08
56.8853  3.20582e-08
93.3254  1.92244e-08
177.828  9.95906e-09
354.813  4.95696e-09
1412.54  1.23854e-09
100000  1.7458e-11
-1  -1
-2   0.0 
-2  -2
